0.88 	 500
Z	 ux	 uz 	 rho
-5.00000000e+00 (3.41655847e-04,-7.41116771e-03) (-1.30697953e-04,-6.02519393e-06) (2.10837780e-12,-3.81987199e-13)
-4.97995992e+00 (3.41868406e-04,-7.41577468e-03) (-2.61436523e-04,-1.20522615e-05) (5.95855449e-13,5.71060012e-13)
-4.95991984e+00 (3.42134170e-04,-7.42153419e-03) (-3.92256339e-04,-1.80830776e-05) (3.95239332e-12,-2.29239257e-12)
-4.93987976e+00 (3.42506399e-04,-7.42959978e-03) (-5.23198050e-04,-2.41195188e-05) (-1.06674482e-12,1.14718655e-12)
-4.91983968e+00 (3.42985221e-04,-7.43997380e-03) (-6.54302343e-04,-3.01634636e-05) (5.59304881e-12,-2.61631746e-12)
-4.89979960e+00 (3.43570792e-04,-7.45265929e-03) (-7.85609951e-04,-3.62167931e-05) (-3.14286888e-12,7.97869224e-13)
-4.87975952e+00 (3.44263300e-04,-7.46766002e-03) (-9.17161669e-04,-4.22813914e-05) (8.06255771e-12,-1.51512535e-12)
-4.85971944e+00 (3.45062966e-04,-7.48498046e-03) (-1.04899836e-03,-4.83591460e-05) (-4.98134102e-12,-1.85571971e-12)
-4.83967936e+00 (3.45970047e-04,-7.50462578e-03) (-1.18116098e-03,-5.44519489e-05) (9.27300341e-12,1.59008236e-12)
-4.81963928e+00 (3.46984833e-04,-7.52660188e-03) (-1.31369057e-03,-6.05616967e-05) (-4.84791323e-12,-6.27364252e-12)
-4.79959920e+00 (3.48107646e-04,-7.55091534e-03) (-1.44662830e-03,-6.66902917e-05) (6.32327204e-12,5.34729287e-12)
-4.77955912e+00 (3.49338843e-04,-7.57757350e-03) (-1.58001544e-03,-7.28396418e-05) (-1.16742910e-12,-9.52262459e-12)
-4.75951904e+00 (3.50678817e-04,-7.60658436e-03) (-1.71389342e-03,-7.90116617e-05) (1.48653937e-12,6.15372697e-12)
-4.73947896e+00 (3.52127995e-04,-7.63795667e-03) (-1.84830379e-03,-8.52082734e-05) (3.49186875e-12,-8.26415316e-12)
-4.71943888e+00 (3.53686837e-04,-7.67169988e-03) (-1.98328828e-03,-9.14314066e-05) (-2.57141800e-12,2.29087346e-12)
-4.69939880e+00 (3.55355840e-04,-7.70782417e-03) (-2.11888879e-03,-9.76829995e-05) (4.79443254e-12,-3.85366588e-12)
-4.67935872e+00 (3.57135534e-04,-7.74634043e-03) (-2.25514741e-03,-1.03964999e-04) (-2.07162946e-12,-2.34884441e-12)
-4.65931864e+00 (3.59026484e-04,-7.78726028e-03) (-2.39210641e-03,-1.10279363e-04) (1.45567617e-12,-1.25520929e-12)
-4.63927856e+00 (3.61029292e-04,-7.83059606e-03) (-2.52980829e-03,-1.16628058e-04) (-1.41559890e-13,-2.26903986e-12)
-4.61923848e+00 (3.63144594e-04,-7.87636084e-03) (-2.66829577e-03,-1.23013062e-04) (-4.35499598e-13,-2.31645792e-12)
-4.59919840e+00 (3.65373064e-04,-7.92456842e-03) (-2.80761180e-03,-1.29436364e-04) (-1.88340949e-12,-1.34716072e-12)
-4.57915832e+00 (3.67715410e-04,-7.97523332e-03) (-2.94779959e-03,-1.35899967e-04) (1.17002605e-12,-8.15916461e-13)
-4.55911824e+00 (3.70172377e-04,-8.02837082e-03) (-3.08890260e-03,-1.42405886e-04) (-2.77868506e-12,-3.35140972e-12)
-4.53907816e+00 (3.72744748e-04,-8.08399693e-03) (-3.23096457e-03,-1.48956147e-04) (-2.43502624e-13,2.84076485e-12)
-4.51903808e+00 (3.75433340e-04,-8.14212838e-03) (-3.37402954e-03,-1.55552794e-04) (1.30066476e-12,-3.31932244e-12)
-4.49899800e+00 (3.78239011e-04,-8.20278267e-03) (-3.51814185e-03,-1.62197884e-04) (-3.46063949e-12,1.09195222e-12)
-4.47895792e+00 (3.81162654e-04,-8.26597804e-03) (-3.66334613e-03,-1.68893489e-04) (2.42692348e-12,2.17935300e-12)
-4.45891784e+00 (3.84205202e-04,-8.33173348e-03) (-3.80968736e-03,-1.75641697e-04) (7.45170950e-13,-1.77878414e-12)
-4.43887776e+00 (3.87367625e-04,-8.40006875e-03) (-3.95721087e-03,-1.82444614e-04) (-9.93243109e-13,1.50153932e-12)
-4.41883768e+00 (3.90650931e-04,-8.47100434e-03) (-4.10596233e-03,-1.89304363e-04) (2.59298295e-12,1.46178414e-12)
-4.39879760e+00 (3.94056169e-04,-8.54456152e-03) (-4.25598778e-03,-1.96223084e-04) (1.45717677e-12,-3.93895129e-13)
-4.37875752e+00 (3.97584426e-04,-8.62076233e-03) (-4.40733364e-03,-2.03202937e-04) (2.53707167e-12,-4.51448466e-13)
-4.35871743e+00 (4.01236831e-04,-8.69962958e-03) (-4.56004673e-03,-2.10246102e-04) (1.50366264e-12,-1.45186176e-12)
-4.33867735e+00 (4.05014552e-04,-8.78118685e-03) (-4.71417428e-03,-2.17354777e-04) (1.65525156e-12,6.72946111e-13)
-4.31863727e+00 (4.08918798e-04,-8.86545850e-03) (-4.86976394e-03,-2.24531184e-04) (4.20061613e-12,-1.37819740e-12)
-4.29859719e+00 (4.12950820e-04,-8.95246966e-03) (-5.02686380e-03,-2.31777565e-04) (1.44022858e-12,-5.05723801e-12)
-4.27855711e+00 (4.17111911e-04,-9.04224628e-03) (-5.18552239e-03,-2.39096183e-04) (-1.16530320e-12,-2.51398271e-12)
-4.25851703e+00 (4.21403406e-04,-9.13481506e-03) (-5.34578872e-03,-2.46489328e-04) (1.29567892e-12,-2.08382833e-12)
-4.23847695e+00 (4.25826683e-04,-9.23020353e-03) (-5.50771226e-03,-2.53959309e-04) (-5.87102403e-13,-4.74254556e-12)
-4.21843687e+00 (4.30383165e-04,-9.32843999e-03) (-5.67134299e-03,-2.61508465e-04) (-3.10549787e-12,-2.97599992e-12)
-4.19839679e+00 (4.35074318e-04,-9.42955358e-03) (-5.83673139e-03,-2.69139156e-04) (-2.61860215e-12,-2.35564159e-12)
-4.17835671e+00 (4.39901653e-04,-9.53357420e-03) (-6.00392845e-03,-2.76853772e-04) (-4.22553410e-12,-2.57474394e-12)
-4.15831663e+00 (4.44866727e-04,-9.64053260e-03) (-6.17298571e-03,-2.84654726e-04) (-6.20108652e-12,6.34877855e-13)
-4.13827655e+00 (4.49971143e-04,-9.75046034e-03) (-6.34395525e-03,-2.92544462e-04) (-1.83046131e-12,4.19012410e-12)
-4.11823647e+00 (4.55216550e-04,-9.86338978e-03) (-6.51688972e-03,-3.00525451e-04) (1.98651596e-13,-9.81288878e-13)
-4.09819639e+00 (4.60604647e-04,-9.97935413e-03) (-6.69184235e-03,-3.08600196e-04) (-4.72188066e-12,-4.97796204e-13)
-4.07815631e+00 (4.66137179e-04,-1.00983874e-02) (-6.86886694e-03,-3.16771227e-04) (-3.64498254e-12,4.09390457e-12)
-4.05811623e+00 (4.71815942e-04,-1.02205244e-02) (-7.04801793e-03,-3.25041106e-04) (-8.73260637e-14,5.08110637e-12)
-4.03807615e+00 (4.77642781e-04,-1.03458010e-02) (-7.22935037e-03,-3.33412430e-04) (2.24422080e-12,3.25276234e-12)
-4.01803607e+00 (4.83619591e-04,-1.04742535e-02) (-7.41291993e-03,-3.41887826e-04) (2.35367320e-12,1.14623359e-12)
-3.99799599e+00 (4.89748321e-04,-1.06059194e-02) (-7.59878296e-03,-3.50469955e-04) (1.05847143e-12,-8.94838533e-13)
-3.97795591e+00 (4.96030970e-04,-1.07408368e-02) (-7.78699645e-03,-3.59161514e-04) (-1.91378360e-13,1.05847041e-12)
-3.95791583e+00 (5.02469593e-04,-1.08790449e-02) (-7.97761808e-03,-3.67965236e-04) (2.10724354e-12,1.32256817e-12)
-3.93787575e+00 (5.09066298e-04,-1.10205835e-02) (-8.17070625e-03,-3.76883888e-04) (2.05886215e-12,-7.69563312e-13)
-3.91783567e+00 (5.15823250e-04,-1.11654935e-02) (-8.36632003e-03,-3.85920279e-04) (-1.66184049e-13,-8.98897260e-13)
-3.89779559e+00 (5.22742670e-04,-1.13138163e-02) (-8.56451924e-03,-3.95077254e-04) (7.93524098e-13,6.70812583e-13)
-3.87775551e+00 (5.29826835e-04,-1.14655945e-02) (-8.76536445e-03,-4.04357696e-04) (1.41590418e-12,-1.08691214e-12)
-3.85771543e+00 (5.37078084e-04,-1.16208714e-02) (-8.96891696e-03,-4.13764533e-04) (2.36254689e-13,-9.72390076e-13)
-3.83767535e+00 (5.44498815e-04,-1.17796911e-02) (-9.17523887e-03,-4.23300731e-04) (-3.31942654e-13,-2.43829769e-12)
-3.81763527e+00 (5.52091485e-04,-1.19420987e-02) (-9.38439304e-03,-4.32969300e-04) (-3.59997956e-12,-1.00052879e-12)
-3.79759519e+00 (5.59858618e-04,-1.21081401e-02) (-9.59644315e-03,-4.42773296e-04) (-2.90706795e-12,2.84395995e-12)
-3.77755511e+00 (5.67802797e-04,-1.22778619e-02) (-9.81145370e-03,-4.52715817e-04) (1.98947698e-12,4.91622244e-12)
-3.75751503e+00 (5.75926675e-04,-1.24513119e-02) (-1.00294900e-02,-4.62800008e-04) (6.09773937e-12,-8.79554897e-13)
-3.73747495e+00 (5.84232969e-04,-1.26285383e-02) (-1.02506182e-02,-4.73029062e-04) (1.95017625e-13,-6.15071560e-12)
-3.71743487e+00 (5.92724465e-04,-1.28095905e-02) (-1.04749054e-02,-4.83406221e-04) (-4.55263038e-12,-1.71567587e-12)
-3.69739479e+00 (6.01404018e-04,-1.29945186e-02) (-1.07024194e-02,-4.93934775e-04) (-2.82390009e-12,2.98830491e-12)
-3.67735471e+00 (6.10274555e-04,-1.31833736e-02) (-1.09332291e-02,-5.04618066e-04) (1.80193321e-12,2.81468087e-12)
-3.65731463e+00 (6.19339078e-04,-1.33762071e-02) (-1.11674041e-02,-5.15459489e-04) (2.48332610e-12,-7.55342199e-13)
-3.63727455e+00 (6.28600662e-04,-1.35730719e-02) (-1.14050151e-02,-5.26462490e-04) (-5.49727102e-14,-1.26382193e-12)
-3.61723447e+00 (6.38062458e-04,-1.37740213e-02) (-1.16461337e-02,-5.37630574e-04) (-1.25476411e-12,-2.24842517e-13)
-3.59719439e+00 (6.47727697e-04,-1.39791095e-02) (-1.18908323e-02,-5.48967299e-04) (-4.06145835e-13,2.41623204e-12)
-3.57715431e+00 (6.57599690e-04,-1.41883916e-02) (-1.21391845e-02,-5.60476280e-04) (2.81954120e-12,1.01281875e-12)
-3.55711423e+00 (6.67681834e-04,-1.44019233e-02) (-1.23912646e-02,-5.72161196e-04) (1.63037042e-12,-1.75216864e-12)
-3.53707415e+00 (6.77977605e-04,-1.46197612e-02) (-1.26471481e-02,-5.84025780e-04) (1.03634431e-14,-1.60796242e-12)
-3.51703407e+00 (6.88490571e-04,-1.48419626e-02) (-1.29069115e-02,-5.96073832e-04) (-8.71890052e-13,-7.61970695e-13)
-3.49699399e+00 (6.99224388e-04,-1.50685856e-02) (-1.31706321e-02,-6.08309215e-04) (-2.26303177e-13,1.14299746e-12)
-3.47695391e+00 (7.10182803e-04,-1.52996889e-02) (-1.34383886e-02,-6.20735855e-04) (1.70119370e-12,-4.10471194e-13)
-3.45691383e+00 (7.21369660e-04,-1.55353319e-02) (-1.37102604e-02,-6.33357747e-04) (2.20867755e-13,-1.23020366e-12)
-3.43687375e+00 (7.32788898e-04,-1.57755748e-02) (-1.39863282e-02,-6.46178953e-04) (-3.34344241e-13,-9.13057184e-13)
-3.41683367e+00 (7.44444558e-04,-1.60204784e-02) (-1.42666735e-02,-6.59203608e-04) (-6.40388631e-13,-9.77376525e-14)
-3.39679359e+00 (7.56340782e-04,-1.62701040e-02) (-1.45513791e-02,-6.72435916e-04) (2.74239517e-13,-5.73851366e-14)
-3.37675351e+00 (7.68481819e-04,-1.65245136e-02) (-1.48405289e-02,-6.85880156e-04) (-3.80641629e-13,-7.34031034e-13)
-3.35671343e+00 (7.80872029e-04,-1.67837698e-02) (-1.51342077e-02,-6.99540685e-04) (-5.52966905e-13,-1.36372933e-13)
-3.33667335e+00 (7.93515883e-04,-1.70479357e-02) (-1.54325015e-02,-7.13421935e-04) (-1.11474772e-14,-2.51671449e-13)
-3.31663327e+00 (8.06417969e-04,-1.73170747e-02) (-1.57354976e-02,-7.27528420e-04) (-5.21681522e-13,-4.36242616e-13)
-3.29659319e+00 (8.19582993e-04,-1.75912509e-02) (-1.60432841e-02,-7.41864733e-04) (-4.57658794e-13,-1.81558557e-13)
-3.27655311e+00 (8.33015789e-04,-1.78705287e-02) (-1.63559505e-02,-7.56435555e-04) (-2.19126930e-13,3.30933476e-14)
-3.25651303e+00 (8.46721315e-04,-1.81549728e-02) (-1.66735873e-02,-7.71245651e-04) (6.63381203e-13,-3.49488224e-13)
-3.23647295e+00 (8.60704663e-04,-1.84446482e-02) (-1.69962862e-02,-7.86299874e-04) (-4.13774218e-13,-1.01554560e-12)
-3.21643287e+00 (8.74971061e-04,-1.87396201e-02) (-1.73241400e-02,-8.01603170e-04) (-4.13708670e-13,6.38651588e-14)
-3.19639279e+00 (8.89525880e-04,-1.90399541e-02) (-1.76572428e-02,-8.17160577e-04) (2.08128979e-13,-2.47170900e-13)
-3.17635271e+00 (9.04374636e-04,-1.93457157e-02) (-1.79956895e-02,-8.32977229e-04) (-2.84842999e-13,-7.22783966e-13)
-3.15631263e+00 (9.19522995e-04,-1.96569705e-02) (-1.83395766e-02,-8.49058360e-04) (-3.61799896e-13,-9.58890140e-13)
-3.13627255e+00 (9.34976784e-04,-1.99737840e-02) (-1.86890015e-02,-8.65409303e-04) (-9.62394357e-13,-9.94345226e-13)
-3.11623246e+00 (9.50741989e-04,-2.02962217e-02) (-1.90440628e-02,-8.82035497e-04) (-1.04064438e-12,4.15361823e-14)
-3.09619238e+00 (9.66824767e-04,-2.06243488e-02) (-1.94048602e-02,-8.98942487e-04) (-1.29880253e-13,7.78908112e-14)
-3.07615230e+00 (9.83231447e-04,-2.09582302e-02) (-1.97714947e-02,-9.16135929e-04) (-5.09223563e-13,-7.86468476e-13)
-3.05611222e+00 (9.99968544e-04,-2.12979305e-02) (-2.01440684e-02,-9.33621592e-04) (-8.94806714e-13,-4.30388994e-13)
-3.03607214e+00 (1.01704276e-03,-2.16435137e-02) (-2.05226843e-02,-9.51405361e-04) (-1.17148626e-12,-7.70734274e-13)
-3.01603206e+00 (1.03446099e-03,-2.19950432e-02) (-2.09074468e-02,-9.69493241e-04) (-1.53776155e-12,-2.60863095e-13)
-2.99599198e+00 (1.05223033e-03,-2.23525815e-02) (-2.12984613e-02,-9.87891360e-04) (-1.49153464e-12,1.59155293e-13)
-2.97595190e+00 (1.07035811e-03,-2.27161906e-02) (-2.16958344e-02,-1.00660597e-03) (-9.03438241e-13,2.35204601e-13)
-2.95591182e+00 (1.08885185e-03,-2.30859310e-02) (-2.20996737e-02,-1.02564347e-03) (-1.64287360e-12,-2.81693049e-13)
-2.93587174e+00 (1.10771932e-03,-2.34618625e-02) (-2.25100877e-02,-1.04501037e-03) (-1.87653950e-12,7.80145924e-13)
-2.91583166e+00 (1.12696853e-03,-2.38440431e-02) (-2.29271863e-02,-1.06471333e-03) (-1.32054002e-12,1.19952750e-12)
-2.89579158e+00 (1.14660772e-03,-2.42325297e-02) (-2.33510800e-02,-1.08475916e-03) (-8.94218893e-13,1.22205211e-12)
-2.87575150e+00 (1.16664541e-03,-2.46273772e-02) (-2.37818807e-02,-1.10515480e-03) (-6.25044289e-13,1.41167608e-12)
-2.85571142e+00 (1.18709039e-03,-2.50286388e-02) (-2.42197009e-02,-1.12590737e-03) (-7.13845586e-14,9.35682156e-13)
-2.83567134e+00 (1.20795173e-03,-2.54363656e-02) (-2.46646543e-02,-1.14702412e-03) (-5.40593427e-13,7.24490409e-13)
-2.81563126e+00 (1.22923879e-03,-2.58506063e-02) (-2.51168553e-02,-1.16851248e-03) (-5.24128114e-13,1.10512585e-12)
-2.79559118e+00 (1.25096125e-03,-2.62714070e-02) (-2.55764192e-02,-1.19038004e-03) (3.19318493e-13,1.36174138e-12)
-2.77555110e+00 (1.27312911e-03,-2.66988113e-02) (-2.60434621e-02,-1.21263456e-03) (7.44092323e-13,4.13076104e-13)
-2.75551102e+00 (1.29575272e-03,-2.71328593e-02) (-2.65181007e-02,-1.23528399e-03) (4.96382595e-13,7.55902179e-13)
-2.73547094e+00 (1.31884276e-03,-2.75735882e-02) (-2.70004527e-02,-1.25833646e-03) (1.72086654e-12,4.54201494e-13)
-2.71543086e+00 (1.34241030e-03,-2.80210312e-02) (-2.74906361e-02,-1.28180029e-03) (1.88094761e-12,-6.65531867e-13)
-2.69539078e+00 (1.36646681e-03,-2.84752177e-02) (-2.79887696e-02,-1.30568400e-03) (1.86149386e-12,-1.59954730e-12)
-2.67535070e+00 (1.39102414e-03,-2.89361727e-02) (-2.84949724e-02,-1.32999632e-03) (1.27974786e-12,-2.22516233e-12)
-2.65531062e+00 (1.41609460e-03,-2.94039168e-02) (-2.90093641e-02,-1.35474618e-03) (1.72840791e-12,-2.83118343e-12)
-2.63527054e+00 (1.44169093e-03,-2.98784651e-02) (-2.95320645e-02,-1.37994274e-03) (1.63921348e-12,-4.34161711e-12)
-2.61523046e+00 (1.46782635e-03,-3.03598277e-02) (-3.00631937e-02,-1.40559539e-03) (1.34132040e-12,-5.79295988e-12)
-2.59519038e+00 (1.49451457e-03,-3.08480085e-02) (-3.06028720e-02,-1.43171377e-03) (6.87928016e-13,-7.23142614e-12)
-2.57515030e+00 (1.52176985e-03,-3.13430052e-02) (-3.11512197e-02,-1.45830773e-03) (3.22010140e-13,-8.83055674e-12)
-2.55511022e+00 (1.54960696e-03,-3.18448086e-02) (-3.17083568e-02,-1.48538741e-03) (-5.54391258e-13,-1.05568142e-11)
-2.53507014e+00 (1.57804127e-03,-3.23534025e-02) (-3.22744033e-02,-1.51296321e-03) (-8.11510491e-13,-1.18282303e-11)
-2.51503006e+00 (1.60708878e-03,-3.28687623e-02) (-3.28494788e-02,-1.54104578e-03) (3.35551826e-14,-1.41871294e-11)
-2.49498998e+00 (1.63676610e-03,-3.33908553e-02) (-3.34337023e-02,-1.56964610e-03) (5.61646447e-13,-1.81688114e-11)
-2.47494990e+00 (1.66709053e-03,-3.39196397e-02) (-3.40271923e-02,-1.59877541e-03) (7.00406571e-13,-2.32124304e-11)
-2.45490982e+00 (1.69808009e-03,-3.44550640e-02) (-3.46300664e-02,-1.62844528e-03) (4.51825350e-13,-2.95820134e-11)
-2.43486974e+00 (1.72975356e-03,-3.49970663e-02) (-3.52424411e-02,-1.65866761e-03) (-6.61463133e-13,-3.75696795e-11)
-2.41482966e+00 (1.76213050e-03,-3.55455736e-02) (-3.58644318e-02,-1.68945463e-03) (-2.90028630e-12,-4.62613918e-11)
-2.39478958e+00 (1.79523133e-03,-3.61005012e-02) (-3.64961527e-02,-1.72081891e-03) (-5.33877488e-12,-5.55370498e-11)
-2.37474950e+00 (1.82907736e-03,-3.66617515e-02) (-3.71377161e-02,-1.75277341e-03) (-6.22309637e-12,-6.59012959e-11)
-2.35470942e+00 (1.86369084e-03,-3.72292136e-02) (-3.77892325e-02,-1.78533146e-03) (-5.85013059e-12,-8.04188771e-11)
-2.33466934e+00 (1.89909502e-03,-3.78027623e-02) (-3.84508106e-02,-1.81850679e-03) (-4.79425826e-12,-9.91928604e-11)
-2.31462926e+00 (1.93531421e-03,-3.83822568e-02) (-3.91225564e-02,-1.85231357e-03) (-3.26713574e-12,-1.24663340e-10)
-2.29458918e+00 (1.97237384e-03,-3.89675401e-02) (-3.98045735e-02,-1.88676637e-03) (-2.72494179e-12,-1.58060868e-10)
-2.27454910e+00 (2.01030053e-03,-3.95584380e-02) (-4.04969626e-02,-1.92188026e-03) (-4.91399355e-12,-1.99452851e-10)
-2.25450902e+00 (2.04912216e-03,-4.01547575e-02) (-4.11998210e-02,-1.95767076e-03) (-8.43532769e-12,-2.49402270e-10)
-2.23446894e+00 (2.08886797e-03,-4.07562861e-02) (-4.19132426e-02,-1.99415391e-03) (-1.39604648e-11,-3.09371444e-10)
-2.21442886e+00 (2.12956860e-03,-4.13627905e-02) (-4.26373173e-02,-2.03134626e-03) (-1.83774247e-11,-3.81508578e-10)
-2.19438878e+00 (2.17125623e-03,-4.19740152e-02) (-4.33721306e-02,-2.06926494e-03) (-2.13889994e-11,-4.71182041e-10)
-2.17434870e+00 (2.21396464e-03,-4.25896809e-02) (-4.41177635e-02,-2.10792764e-03) (-2.17482271e-11,-5.84956013e-10)
-2.15430862e+00 (2.25772933e-03,-4.32094837e-02) (-4.48742917e-02,-2.14735267e-03) (-2.29211143e-11,-7.31033190e-10)
-2.13426854e+00 (2.30258763e-03,-4.38330928e-02) (-4.56417854e-02,-2.18755898e-03) (-2.71252726e-11,-9.14572183e-10)
-2.11422846e+00 (2.34857883e-03,-4.44601497e-02) (-4.64203086e-02,-2.22856619e-03) (-3.58747378e-11,-1.14363193e-09)
-2.09418838e+00 (2.39574429e-03,-4.50902657e-02) (-4.72099189e-02,-2.27039463e-03) (-4.97016208e-11,-1.42521865e-09)
-2.07414830e+00 (2.44412759e-03,-4.57230210e-02) (-4.80106667e-02,-2.31306538e-03) (-6.55773547e-11,-1.77282426e-09)
-2.05410822e+00 (2.49377472e-03,-4.63579621e-02) (-4.88225946e-02,-2.35660033e-03) (-8.31400070e-11,-2.20349711e-09)
-2.03406814e+00 (2.54473417e-03,-4.69946003e-02) (-4.96457371e-02,-2.40102217e-03) (-1.00707140e-10,-2.74090094e-09)
-2.01402806e+00 (2.59705716e-03,-4.76324095e-02) (-5.04801196e-02,-2.44635448e-03) (-1.21592621e-10,-3.41464433e-09)
-1.99398798e+00 (2.65079785e-03,-4.82708239e-02) (-5.13257580e-02,-2.49262178e-03) (-1.50307300e-10,-4.25694660e-09)
-1.97394790e+00 (2.70601350e-03,-4.89092362e-02) (-5.21826577e-02,-2.53984955e-03) (-1.90786777e-10,-5.30704875e-09)
-1.95390782e+00 (2.76276471e-03,-4.95469949e-02) (-5.30508132e-02,-2.58806434e-03) (-2.44694668e-10,-6.60993771e-09)
-1.93386774e+00 (2.82111569e-03,-5.01834016e-02) (-5.39302070e-02,-2.63729376e-03) (-3.08309896e-10,-8.22983221e-09)
-1.91382766e+00 (2.88113453e-03,-5.08177091e-02) (-5.48208089e-02,-2.68756662e-03) (-3.84083662e-10,-1.02487967e-08)
-1.89378758e+00 (2.94289346e-03,-5.14491178e-02) (-5.57225751e-02,-2.73891293e-03) (-4.76625884e-10,-1.27696812e-08)
-1.87374749e+00 (3.00646919e-03,-5.20767738e-02) (-5.66354471e-02,-2.79136406e-03) (-5.97479915e-10,-1.59160892e-08)
-1.85370741e+00 (3.07194326e-03,-5.26997649e-02) (-5.75593511e-02,-2.84495273e-03) (-7.55216355e-10,-1.98347656e-08)
-1.83366733e+00 (3.13940242e-03,-5.33171183e-02) (-5.84941964e-02,-2.89971316e-03) (-9.53730619e-10,-2.47129055e-08)
-1.81362725e+00 (3.20893904e-03,-5.39277970e-02) (-5.94398747e-02,-2.95568115e-03) (-1.19648770e-09,-3.07900641e-08)
-1.79358717e+00 (3.28065157e-03,-5.45306963e-02) (-6.03962589e-02,-3.01289418e-03) (-1.49527425e-09,-3.83723861e-08)
-1.77354709e+00 (3.35464504e-03,-5.51246402e-02) (-6.13632019e-02,-3.07139151e-03) (-1.87343160e-09,-4.78352462e-08)
-1.75350701e+00 (3.43103162e-03,-5.57083779e-02) (-6.23405348e-02,-3.13121432e-03) (-2.35938371e-09,-5.96384941e-08)
-1.73346693e+00 (3.50993121e-03,-5.62805796e-02) (-6.33280665e-02,-3.19240585e-03) (-2.97880769e-09,-7.43512948e-08)
-1.71342685e+00 (3.59147212e-03,-5.68398326e-02) (-6.43255813e-02,-3.25501150e-03) (-3.75586552e-09,-9.26928990e-08)
-1.69338677e+00 (3.67579179e-03,-5.73846369e-02) (-6.53328381e-02,-3.31907901e-03) (-4.72518994e-09,-1.15573368e-07)
-1.67334669e+00 (3.76303763e-03,-5.79134006e-02) (-6.63495685e-02,-3.38465866e-03) (-5.94463418e-09,-1.44130161e-07)
-1.65330661e+00 (3.85336789e-03,-5.84244356e-02) (-6.73754751e-02,-3.45180339e-03) (-7.49288317e-09,-1.79772667e-07)
-1.63326653e+00 (3.94695269e-03,-5.89159520e-02) (-6.84102300e-02,-3.52056903e-03) (-9.46072640e-09,-2.24251783e-07)
-1.61322645e+00 (4.04397513e-03,-5.93860539e-02) (-6.94534726e-02,-3.59101454e-03) (-1.19515945e-08,-2.79763066e-07)
-1.59318637e+00 (4.14463251e-03,-5.98327330e-02) (-7.05048082e-02,-3.66320222e-03) (-1.50989102e-08,-3.49062040e-07)
-1.57314629e+00 (4.24913772e-03,-6.02538636e-02) (-7.15638055e-02,-3.73719798e-03) (-1.90848122e-08,-4.35600390e-07)
-1.55310621e+00 (4.35772078e-03,-6.06471967e-02) (-7.26299946e-02,-3.81307161e-03) (-2.41502112e-08,-5.43681302e-07)
-1.53306613e+00 (4.47063061e-03,-6.10103533e-02) (-7.37028649e-02,-3.89089715e-03) (-3.05875331e-08,-6.78680492e-07)
-1.51302605e+00 (4.58813693e-03,-6.13408183e-02) (-7.47818628e-02,-3.97075317e-03) (-3.87594853e-08,-8.47342410e-07)
-1.49298597e+00 (4.71053245e-03,-6.16359334e-02) (-7.58663888e-02,-4.05272322e-03) (-4.91469058e-08,-1.05812829e-06)
-1.47294589e+00 (4.83813539e-03,-6.18928898e-02) (-7.69557955e-02,-4.13689620e-03) (-6.23870533e-08,-1.32162305e-06)
-1.45290581e+00 (4.97129223e-03,-6.21087205e-02) (-7.80493845e-02,-4.22336687e-03) (-7.92913895e-08,-1.65106880e-06)
-1.43286573e+00 (5.11038091e-03,-6.22802925e-02) (-7.91464037e-02,-4.31223637e-03) (-1.00879733e-07,-2.06306322e-06)
-1.41282565e+00 (5.25581442e-03,-6.24042973e-02) (-8.02460441e-02,-4.40361277e-03) (-1.28459264e-07,-2.57845066e-06)
-1.39278557e+00 (5.40804491e-03,-6.24772425e-02) (-8.13474370e-02,-4.49761178e-03) (-1.63745558e-07,-3.22339831e-06)
-1.37274549e+00 (5.56756845e-03,-6.24954413e-02) (-8.24496503e-02,-4.59435744e-03) (-2.08983413e-07,-4.03073683e-06)
-1.35270541e+00 (5.73493038e-03,-6.24550019e-02) (-8.35516850e-02,-4.69398294e-03) (-2.67071691e-07,-5.04167169e-06)
-1.33266533e+00 (5.91073156e-03,-6.23518160e-02) (-8.46524720e-02,-4.79663154e-03) (-3.41751989e-07,-6.30799337e-06)
-1.31262525e+00 (6.09563559e-03,-6.21815463e-02) (-8.57508673e-02,-4.90245764e-03) (-4.37907360e-07,-7.89485282e-06)
-1.29258517e+00 (6.29037710e-03,-6.19396123e-02) (-8.68456488e-02,-5.01162790e-03) (-5.61946215e-07,-9.88421885e-06)
-1.27254509e+00 (6.49577150e-03,-6.16211757e-02) (-8.79355110e-02,-5.12432264e-03) (-7.22265739e-07,-1.23792727e-05)
-1.25250501e+00 (6.71272636e-03,-6.12211231e-02) (-8.90190610e-02,-5.24073728e-03) (-9.29871036e-07,-1.55100117e-05)
-1.23246493e+00 (6.94225471e-03,-6.07340476e-02) (-9.00948131e-02,-5.36108413e-03) (-1.19924306e-06,-1.94403745e-05)
-1.21242485e+00 (7.18549087e-03,-6.01542276e-02) (-9.11611837e-02,-5.48559436e-03) (-1.54951212e-06,-2.43772816e-05)
-1.19238477e+00 (7.44370919e-03,-5.94756029e-02) (-9.22164853e-02,-5.61452028e-03) (-2.00605058e-06,-3.05821277e-05)
-1.17234469e+00 (7.71834653e-03,-5.86917478e-02) (-9.32589204e-02,-5.74813801e-03) (-2.60261447e-06,-3.83854213e-05)
-1.15230461e+00 (8.01102918e-03,-5.77958403e-02) (-9.42865750e-02,-5.88675054e-03) (-3.38422899e-06,-4.82054941e-05)
-1.13226453e+00 (8.32360526e-03,-5.67806265e-02) (-9.52974109e-02,-6.03069134e-03) (-4.41114552e-06,-6.05725007e-05)
-1.11222445e+00 (8.65818352e-03,-5.56383806e-02) (-9.62892584e-02,-6.18032860e-03) (-5.76438181e-06,-7.61592236e-05)
-1.09218437e+00 (9.01717932e-03,-5.43608575e-02) (-9.72598067e-02,-6.33607016e-03) (-7.55344288e-06,-9.58205399e-05)
-1.07214429e+00 (9.40336849e-03,-5.29392376e-02) (-9.82065952e-02,-6.49836939e-03) (-9.92694797e-06,-1.20644246e-04)
-1.05210421e+00 (9.81994991e-03,-5.13640582e-02) (-9.91270023e-02,-6.66773206e-03) (-1.30875443e-05,-1.52016785e-04)
-1.03206413e+00 (1.02706184e-02,-4.96251248e-02) (-1.00018233e-01,-6.84472434e-03) (-1.73130768e-05,-1.91708408e-04)
-1.01202405e+00 (1.07596537e-02,-4.77113888e-02) (-1.00877307e-01,-7.02998233e-03) (-2.29867999e-05,-2.41983683e-04)
-9.91983968e-01 (1.12920382e-02,-4.56107733e-02) (-1.01701040e-01,-7.22422315e-03) (-3.06406921e-05,-3.05745383e-04)
-9.71943888e-01 (1.18736334e-02,-4.33099220e-02) (-1.02486024e-01,-7.42825862e-03) (-4.10181443e-05,-3.86722554e-04)
-9.51903808e-01 (1.25114681e-02,-4.07938494e-02) (-1.03228604e-01,-7.64301263e-03) (-5.51656516e-05,-4.89717042e-04)
-9.31863727e-01 (1.32142263e-02,-3.80454814e-02) (-1.03924845e-01,-7.86954487e-03) (-7.45682544e-05,-6.20927559e-04)
-9.11823647e-01 (1.39930642e-02,-3.50451198e-02) (-1.04570489e-01,-8.10908554e-03) (-1.01351567e-04,-7.88376798e-04)
-8.91783567e-01 (1.48629123e-02,-3.17699294e-02) (-1.05160905e-01,-8.36308782e-03) (-1.38586551e-04,-1.00247566e-03)
-8.71743487e-01 (1.58444246e-02,-2.81936651e-02) (-1.05691032e-01,-8.63330850e-03) (-1.90754803e-04,-1.27676932e-03)
-8.51703407e-01 (1.69666729e-02,-2.42869925e-02) (-1.06155311e-01,-8.92192924e-03) (-2.64468065e-04,-1.62892378e-03)
-8.31663327e-01 (1.82705351e-02,-2.00189044e-02) (-1.06547647e-01,-9.23173223e-03) (-3.69599321e-04,-2.08202725e-03)
-8.11623246e-01 (1.98124583e-02,-1.53598250e-02) (-1.06861389e-01,-9.56634090e-03) (-5.21101030e-04,-2.66629144e-03)
-7.91583166e-01 (2.16679119e-02,-1.02869632e-02) (-1.07089396e-01,-9.93052835e-03) (-7.42014465e-04,-3.42120447e-03)
-7.71543086e-01 (2.39334254e-02,-4.79223434e-03) (-1.07224216e-01,-1.03305799e-02) (-1.06858116e-03,-4.39797295e-03)
-7.51503006e-01 (2.67257504e-02,1.10743541e-03) (-1.07258421e-01,-1.07746732e-02) (-1.55892026e-03,-5.66136570e-03)
-7.31462926e-01 (3.01765512e-02,7.35838415e-03) (-1.07185156e-01,-1.12732116e-02) (-2.30696279e-03,-7.28832561e-03)
-7.11422846e-01 (3.44212949e-02,1.38589875e-02) (-1.06998887e-01,-1.18390165e-02) (-3.46187443e-03,-9.35779359e-03)
-6.91382766e-01 (3.95818306e-02,2.04517881e-02) (-1.06696342e-01,-1.24872693e-02) (-5.24799546e-03,-1.19236297e-02)
-6.71342685e-01 (4.57436007e-02,2.69224426e-02) (-1.06277541e-01,-1.32350891e-02) (-7.97080234e-03,-1.49648777e-02)
-6.51302605e-01 (5.29303834e-02,3.30087932e-02) (-1.05746773e-01,-1.41006708e-02) (-1.19856533e-02,-1.83207874e-02)
-6.31262525e-01 (6.10815462e-02,3.84220396e-02) (-1.05113303e-01,-1.51019724e-02) (-1.76106955e-02,-2.16417827e-02)
-6.11222445e-01 (7.00382060e-02,4.28792649e-02) (-1.04391607e-01,-1.62550500e-02) (-2.49950042e-02,-2.44065898e-02)
-5.91182365e-01 (7.95444312e-02,4.61428214e-02) (-1.03600928e-01,-1.75722578e-02) (-3.40000853e-02,-2.60428961e-02)
-5.71142285e-01 (8.92669194e-02,4.80584871e-02) (-1.02764124e-01,-1.90606251e-02) (-4.41804532e-02,-2.61310776e-02)
-5.51102204e-01 (9.88316171e-02,4.85826492e-02) (-1.01905879e-01,-2.07207503e-02) (-5.49154214e-02,-2.45980674e-02)
-5.31062124e-01 (1.07870152e-01,4.77905103e-02) (-1.01050588e-01,-2.25464697e-02) (-6.56526189e-02,-2.17857930e-02)
-5.11022044e-01 (1.16065209e-01,4.58624200e-02) (-1.00220282e-01,-2.45253889e-02) (-7.61405748e-02,-1.83437609e-02)
-4.90981964e-01 (1.23184088e-01,4.30519815e-02) (-9.94329955e-02,-2.66401524e-02) (-8.65287704e-02,-1.50072634e-02)
-4.70941884e-01 (1.29093676e-01,3.96446888e-02) (-9.87018156e-02,-2.88701584e-02) (-9.73034254e-02,-1.23895749e-02)
-4.50901804e-01 (1.33756007e-01,3.59174536e-02) (-9.80347059e-02,-3.11933562e-02) (-1.09129016e-01,-1.08867983e-02)
-4.30861723e-01 (1.37208837e-01,3.21073620e-02) (-9.74349876e-02,-3.35878051e-02) (-1.22699248e-01,-1.07055257e-02)
-4.10821643e-01 (1.39538355e-01,2.83939305e-02) (-9.69022619e-02,-3.60327861e-02) (-1.38659331e-01,-1.19553917e-02)
-3.90781563e-01 (1.40851250e-01,2.48949624e-02) (-9.64335183e-02,-3.85093984e-02) (-1.57598248e-01,-1.47411790e-02)
-3.70741483e-01 (1.41251484e-01,2.16731502e-02) (-9.60242031e-02,-4.10006860e-02) (-1.80075559e-01,-1.92219816e-02)
-3.50701403e-01 (1.40824688e-01,1.87492129e-02) (-9.56690945e-02,-4.34914147e-02) (-2.06649221e-01,-2.56377357e-02)
-3.30661323e-01 (1.39630734e-01,1.61173670e-02) (-9.53629082e-02,-4.59676489e-02) (-2.37887627e-01,-3.43163462e-02)
-3.10621242e-01 (1.37703354e-01,1.37598437e-02) (-9.51006263e-02,-4.84162662e-02) (-2.74361806e-01,-4.56720432e-02)
-2.90581162e-01 (1.35054785e-01,1.16584906e-02) (-9.48775911e-02,-5.08245207e-02) (-3.16617913e-01,-6.01986852e-02)
-2.70541082e-01 (1.31683302e-01,9.80279912e-03) (-9.46894250e-02,-5.31797216e-02) (-3.65129612e-01,-7.84566264e-02)
-2.50501002e-01 (1.27581873e-01,8.19466873e-03) (-9.45318410e-02,-5.54690620e-02) (-4.20228867e-01,-1.01049184e-01)
-2.30460922e-01 (1.22746845e-01,6.85071596e-03) (-9.44003946e-02,-5.76796033e-02) (-4.82014043e-01,-1.28583669e-01)
-2.10420842e-01 (1.17186113e-01,5.80297817e-03) (-9.42902126e-02,-5.97984096e-02) (-5.50236724e-01,-1.61611899e-01)
-1.90380762e-01 (1.10926608e-01,5.09859230e-03) (-9.41957204e-02,-6.18128209e-02) (-6.24173684e-01,-2.00546418e-01)
-1.70340681e-01 (1.04020961e-01,4.79862564e-03) (-9.41103825e-02,-6.37108511e-02) (-7.02498130e-01,-2.45552101e-01)
-1.50300601e-01 (9.65530051e-02,4.97586341e-03) (-9.40264703e-02,-6.54816965e-02) (-7.83173944e-01,-2.96419059e-01)
-1.30260521e-01 (8.86414262e-02,5.71113536e-03) (-9.39348811e-02,-6.71163279e-02) (-8.63406241e-01,-3.52431953e-01)
-1.10220441e-01 (8.04405946e-02,7.08776338e-03) (-9.38250355e-02,-6.86081276e-02) (-9.39687152e-01,-4.12261577e-01)
-9.01803607e-02 (7.21375025e-02,9.18396254e-03) (-9.36848918e-02,-6.99535112e-02) (-1.00797195e+00,-4.73913638e-01)
-7.01402806e-02 (6.39440299e-02,1.20635061e-02) (-9.35011121e-02,-7.11524563e-02) (-1.06400251e+00,-5.34771725e-01)
-5.01002004e-02 (5.60844487e-02,1.57655771e-02) (-9.32594054e-02,-7.22088517e-02) (-1.10376104e+00,-5.91761266e-01)
-3.00601202e-02 (4.87790975e-02,2.02953046e-02) (-9.29450517e-02,-7.31305852e-02) (-1.12399363e+00,-6.41636215e-01)
-1.00200401e-02 (4.22262560e-02,2.56168039e-02) (-9.25435791e-02,-7.39293169e-02) (-1.12270350e+00,-6.81354670e-01)
1.00200401e-02 (3.65850371e-02,3.16504056e-02) (-9.20415332e-02,-7.46199281e-02) (-1.09949885e+00,-7.08475157e-01)
3.00601202e-02 (3.19622637e-02,3.82751117e-02) (-9.14272521e-02,-7.52196909e-02) (-1.05570095e+00,-7.21487387e-01)
5.01002004e-02 (2.84056448e-02,4.53362733e-02) (-9.06915493e-02,-7.57472544e-02) (-9.94175826e-01,-7.20000729e-01)
7.01402806e-02 (2.59042606e-02,5.26573529e-02) (-8.98282172e-02,-7.62215734e-02) (-9.18926518e-01,-7.04749842e-01)
9.01803607e-02 (2.43958116e-02,6.00537815e-02) (-8.88342959e-02,-7.66609117e-02) (-8.34544367e-01,-6.77426124e-01)
1.10220441e-01 (2.37787814e-02,6.73466099e-02) (-8.77100879e-02,-7.70820268e-02) (-7.45644157e-01,-6.40386711e-01)
1.30260521e-01 (2.39269636e-02,7.43739476e-02) (-8.64589446e-02,-7.74996022e-02) (-6.56392526e-01,-5.96314607e-01)
1.50300601e-01 (2.47038416e-02,8.09989098e-02) (-8.50868785e-02,-7.79259438e-02) (-5.70195283e-01,-5.47900287e-01)
1.70340681e-01 (2.59749081e-02,8.71136685e-02) (-8.36020692e-02,-7.83709200e-02) (-4.89558002e-01,-4.97593744e-01)
1.90380762e-01 (2.76168912e-02,9.26399464e-02) (-8.20143323e-02,-7.88420929e-02) (-4.16093999e-01,-4.47447978e-01)
2.10420842e-01 (2.95236954e-02,9.75267347e-02) (-8.03346082e-02,-7.93449827e-02) (-3.50633063e-01,-3.99050789e-01)
2.30460922e-01 (3.16094640e-02,1.01746122e-01) (-7.85745116e-02,-7.98834096e-02) (-2.93381810e-01,-3.53526653e-01)
2.50501002e-01 (3.38094416e-02,1.05287977e-01) (-7.67459674e-02,-8.04598656e-02) (-2.44095767e-01,-3.11584908e-01)
2.70541082e-01 (3.60792718e-02,1.08153973e-01) (-7.48609477e-02,-8.10758869e-02) (-2.02236953e-01,-2.73591882e-01)
2.90581162e-01 (3.83930993e-02,1.10351199e-01) (-7.29313182e-02,-8.17324011e-02) (-1.67103656e-01,-2.39649623e-01)
3.10621242e-01 (4.07404649e-02,1.11885532e-01) (-7.09688012e-02,-8.24300323e-02) (-1.37928786e-01,-2.09669786e-01)
3.30661323e-01 (4.31216489e-02,1.12755088e-01) (-6.89850550e-02,-8.31693393e-02) (-1.13949112e-01,-1.83436410e-01)
3.50701403e-01 (4.55409685e-02,1.12944426e-01) (-6.69918682e-02,-8.39509561e-02) (-9.44505648e-02,-1.60654936e-01)
3.70741483e-01 (4.79977278e-02,1.12420642e-01) (-6.50014440e-02,-8.47755939e-02) (-7.87953957e-02,-1.40986848e-01)
3.90781563e-01 (5.04750856e-02,1.11132881e-01) (-6.30267313e-02,-8.56438620e-02) (-6.64360393e-02,-1.24069960e-01)
4.10821643e-01 (5.29280168e-02,1.09016821e-01) (-6.10817271e-02,-8.65558775e-02) (-5.69177793e-02,-1.09524168e-01)
4.30861723e-01 (5.52725596e-02,1.06005232e-01) (-5.91816490e-02,-8.75106618e-02) (-4.98677686e-02,-9.69435885e-02)
4.50901804e-01 (5.73793738e-02,1.02044566e-01) (-5.73428652e-02,-8.85053706e-02) (-4.49632638e-02,-8.58814407e-02)
4.70941884e-01 (5.90748921e-02,9.71159197e-02) (-5.55824820e-02,-8.95344633e-02) (-4.18733325e-02,-7.58452280e-02)
4.90981964e-01 (6.01526794e-02,9.12567640e-02) (-5.39175342e-02,-9.05889740e-02) (-4.01836159e-02,-6.63297968e-02)
5.11022044e-01 (6.03957835e-02,8.45782022e-02) (-5.23638065e-02,-9.16560809e-02) (-3.93411300e-02,-5.69079684e-02)
5.31062124e-01 (5.96079147e-02,7.72718928e-02) (-5.09344153e-02,-9.27191659e-02) (-3.86731308e-02,-4.73609256e-02)
5.51102204e-01 (5.76478821e-02,6.96019970e-02) (-4.96383851e-02,-9.37584843e-02) (-3.75097057e-02,-3.77808730e-02)
5.71142285e-01 (5.44591664e-02,6.18809469e-02) (-4.84795152e-02,-9.47524379e-02) (-3.53717748e-02,-2.85637890e-02)
5.91182365e-01 (5.00863628e-02,5.44326973e-02) (-4.74558106e-02,-9.56792885e-02) (-3.21233027e-02,-2.02633345e-02)
6.11222445e-01 (4.46732627e-02,4.75515433e-02) (-4.65596445e-02,-9.65190110e-02) (-2.79915260e-02,-1.33690376e-02)
6.31262525e-01 (3.84426869e-02,4.14663904e-02) (-4.57786419e-02,-9.72549387e-02) (-2.34398597e-02,-8.12629813e-03)
6.51302605e-01 (3.16635861e-02,3.63185584e-02) (-4.50971025e-02,-9.78749054e-02) (-1.89702638e-02,-4.48429413e-03)
6.71342685e-01 (2.46140355e-02,3.21566582e-02) (-4.44976667e-02,-9.83717305e-02) (-1.49612951e-02,-2.17081004e-03)
6.91382766e-01 (1.75485598e-02,2.89469823e-02) (-4.39629197e-02,-9.87430558e-02) (-1.16030176e-02,-8.24359054e-04)
7.11422846e-01 (1.06754359e-02,2.65942579e-02) (-4.34766910e-02,-9.89906777e-02) (-8.92079025e-03,-1.07358006e-04)
7.31462926e-01 (4.14588653e-03,2.49664281e-02) (-4.30249258e-02,-9.91195842e-02) (-6.84045955e-03,2.36550043e-04)
7.51503006e-01 (-1.94607075e-03,2.39179977e-02) (-4.25961116e-02,-9.91369054e-02) (-5.25054748e-03,3.75602617e-04)
7.71543086e-01 (-7.55617747e-03,2.33084291e-02) (-4.21813251e-02,-9.90509452e-02) (-4.04121314e-03,4.09163254e-04)
7.91583166e-01 (-1.26784452e-02,2.30141633e-02) (-4.17740107e-02,-9.88703949e-02) (-3.12061088e-03,3.91894785e-04)
8.11623246e-01 (-1.73327338e-02,2.29344930e-02) (-4.13696031e-02,-9.86037696e-02) (-2.41754859e-03,3.52627704e-04)
8.31663327e-01 (-2.15535969e-02,2.29925325e-02) (-4.09650987e-02,-9.82590600e-02) (-1.87853679e-03,3.06187867e-04)
8.51703407e-01 (-2.53815840e-02,2.31329281e-02) (-4.05586441e-02,-9.78435626e-02) (-1.46371757e-03,2.59978441e-04)
8.71743487e-01 (-2.88573281e-02,2.33178977e-02) (-4.01491878e-02,-9.73638378e-02) (-1.14334299e-03,2.17464010e-04)
8.91783567e-01 (-3.20181496e-02,2.35228505e-02) (-3.97362092e-02,-9.68257490e-02) (-8.95106537e-04,1.80014255e-04)
9.11823647e-01 (-3.48965956e-02,2.37324023e-02) (-3.93195241e-02,-9.62345403e-02) (-7.02195668e-04,1.47901453e-04)
9.31863727e-01 (-3.75202553e-02,2.39371857e-02) (-3.88991545e-02,-9.55949272e-02) (-5.51876493e-04,1.20850202e-04)
9.51903808e-01 (-3.99122742e-02,2.41315463e-02) (-3.84752466e-02,-9.49111806e-02) (-4.34459833e-04,9.83409325e-05)
9.71943888e-01 (-4.20921403e-02,2.43120226e-02) (-3.80480218e-02,-9.41871997e-02) (-3.42541403e-04,7.97745860e-05)
9.91983968e-01 (-4.40764801e-02,2.44764243e-02) (-3.76177484e-02,-9.34265681e-02) (-2.70440277e-04,6.45584755e-05)
1.01202405e+00 (-4.58797331e-02,2.46233179e-02) (-3.71847251e-02,-9.26325984e-02) (-2.13781632e-04,5.21476637e-05)
1.03206413e+00 (-4.75146687e-02,2.47517577e-02) (-3.67492707e-02,-9.18083651e-02) (-1.69185043e-04,4.20616529e-05)
1.05210421e+00 (-4.89927561e-02,2.48611508e-02) (-3.63117172e-02,-9.09567303e-02) (-1.34030374e-04,3.38877803e-05)
1.07214429e+00 (-5.03244198e-02,2.49511848e-02) (-3.58724045e-02,-9.00803640e-02) (-1.06281078e-04,2.72778420e-05)
1.09218437e+00 (-5.15192165e-02,2.50217809e-02) (-3.54316754e-02,-8.91817608e-02) (-8.43501722e-05,2.19416300e-05)
1.11222445e+00 (-5.25859599e-02,2.50730565e-02) (-3.49898727e-02,-8.82632534e-02) (-6.69981362e-05,1.76394202e-05)
1.13226453e+00 (-5.35328144e-02,2.51052909e-02) (-3.45473352e-02,-8.73270255e-02) (-5.32547984e-05,1.41744924e-05)
1.15230461e+00 (-5.43673686e-02,2.51188933e-02) (-3.41043955e-02,-8.63751221e-02) (-4.23593557e-05,1.13862172e-05)
1.17234469e+00 (-5.50966957e-02,2.51143751e-02) (-3.36613782e-02,-8.54094590e-02) (-3.37141526e-05,9.14393323e-06)
1.19238477e+00 (-5.57274052e-02,2.50923251e-02) (-3.32185979e-02,-8.44318318e-02) (-2.68489504e-05,7.34166902e-06)
1.21242485e+00 (-5.62656866e-02,2.50533895e-02) (-3.27763583e-02,-8.34439233e-02) (-2.13932264e-05,5.89367552e-06)
1.23246493e+00 (-5.67173473e-02,2.49982555e-02) (-3.23349513e-02,-8.24473106e-02) (-1.70546413e-05,4.73069297e-06)
1.25250501e+00 (-5.70878456e-02,2.49276380e-02) (-3.18946563e-02,-8.14434717e-02) (-1.36022616e-05,3.79686039e-06)
1.27254509e+00 (-5.73823192e-02,2.48422691e-02) (-3.14557400e-02,-8.04337914e-02) (-1.08534578e-05,3.04717501e-06)
1.29258517e+00 (-5.76056092e-02,2.47428889e-02) (-3.10184561e-02,-7.94195663e-02) (-8.66365183e-06,2.44541467e-06)
1.31262525e+00 (-5.77622826e-02,2.46302396e-02) (-3.05830450e-02,-7.84020104e-02) (-6.91828092e-06,1.96244579e-06)
1.33266533e+00 (-5.78566510e-02,2.45050589e-02) (-3.01497342e-02,-7.73822593e-02) (-5.52648682e-06,1.57484978e-06)
1.35270541e+00 (-5.78927873e-02,2.43680764e-02) (-2.97187383e-02,-7.63613750e-02) (-4.41615278e-06,1.26381062e-06)
1.37274549e+00 (-5.78745412e-02,2.42200091e-02) (-2.92902589e-02,-7.53403494e-02) (-3.52999484e-06,1.01421583e-06)
1.39278557e+00 (-5.78055527e-02,2.40615594e-02) (-2.88644854e-02,-7.43201086e-02) (-2.82247952e-06,8.13931024e-07)
1.41282565e+00 (-5.76892642e-02,2.38934121e-02) (-2.84415947e-02,-7.33015163e-02) (-2.25739010e-06,6.53215240e-07)
1.43286573e+00 (-5.75289324e-02,2.37162331e-02) (-2.80217519e-02,-7.22853770e-02) (-1.80590304e-06,5.24250193e-07)
1.45290581e+00 (-5.73276379e-02,2.35306675e-02) (-2.76051104e-02,-7.12724397e-02) (-1.44506593e-06,4.20761613e-07)
1.47294589e+00 (-5.70882952e-02,2.33373394e-02) (-2.71918125e-02,-7.02634002e-02) (-1.15659204e-06,3.37714803e-07)
1.49298597e+00 (-5.68136613e-02,2.31368504e-02) (-2.67819898e-02,-6.92589046e-02) (-9.25904852e-07,2.71070023e-07)
1.51302605e+00 (-5.65063440e-02,2.29297798e-02) (-2.63757633e-02,-6.82595517e-02) (-7.41379964e-07,2.17586008e-07)
1.53306613e+00 (-5.61688097e-02,2.27166837e-02) (-2.59732440e-02,-6.72658953e-02) (-5.93743288e-07,1.74662212e-07)
1.55310621e+00 (-5.58033902e-02,2.24980956e-02) (-2.55745335e-02,-6.62784474e-02) (-4.75592886e-07,1.40212174e-07)
1.57314629e+00 (-5.54122898e-02,2.22745260e-02) (-2.51797240e-02,-6.52976796e-02) (-3.81018829e-07,1.12561890e-07)
1.59318637e+00 (-5.49975915e-02,2.20464627e-02) (-2.47888989e-02,-6.43240259e-02) (-3.05300794e-07,9.03682539e-08)
1.61322645e+00 (-5.45612631e-02,2.18143713e-02) (-2.44021334e-02,-6.33578847e-02) (-2.44667367e-07,7.25536281e-08)
1.63326653e+00 (-5.41051628e-02,2.15786953e-02) (-2.40194943e-02,-6.23996206e-02) (-1.96104348e-07,5.82533480e-08)
1.65330661e+00 (-5.36310447e-02,2.13398569e-02) (-2.36410411e-02,-6.14495664e-02) (-1.57202017e-07,4.67736079e-08)
1.67334669e+00 (-5.31405637e-02,2.10982571e-02) (-2.32668260e-02,-6.05080247e-02) (-1.26033379e-07,3.75576772e-08)
1.69338677e+00 (-5.26352808e-02,2.08542765e-02) (-2.28968941e-02,-5.95752699e-02) (-1.01057060e-07,3.01588000e-08)
1.71342685e+00 (-5.21166673e-02,2.06082758e-02) (-2.25312844e-02,-5.86515498e-02) (-8.10398360e-08,2.42184549e-08)
1.73346693e+00 (-5.15861096e-02,2.03605966e-02) (-2.21700291e-02,-5.77370869e-02) (-6.49948034e-08,1.94489152e-08)
1.75350701e+00 (-5.10449130e-02,2.01115617e-02) (-2.18131551e-02,-5.68320798e-02) (-5.21320031e-08,1.56192589e-08)
1.77354709e+00 (-5.04943062e-02,1.98614759e-02) (-2.14606834e-02,-5.59367052e-02) (-4.18189898e-08,1.25441443e-08)
1.79358717e+00 (-4.99354446e-02,1.96106267e-02) (-2.11126301e-02,-5.50511183e-02) (-3.35493246e-08,1.00748067e-08)
1.81362725e+00 (-4.93694144e-02,1.93592850e-02) (-2.07690060e-02,-5.41754550e-02) (-2.69173957e-08,8.09183327e-09)
1.83366733e+00 (-4.87972361e-02,1.91077054e-02) (-2.04298176e-02,-5.33098324e-02) (-2.15982867e-08,6.49936787e-09)
1.85370741e+00 (-4.82198674e-02,1.88561273e-02) (-2.00950669e-02,-5.24543501e-02) (-1.73316805e-08,5.22045985e-09)
1.87374749e+00 (-4.76382067e-02,1.86047753e-02) (-1.97647518e-02,-5.16090916e-02) (-1.39089827e-08,4.19333260e-09)
1.89378758e+00 (-4.70530964e-02,1.83538598e-02) (-1.94388664e-02,-5.07741248e-02) (-1.11630190e-08,3.36838892e-09)
1.91382766e+00 (-4.64653251e-02,1.81035776e-02) (-1.91174013e-02,-4.99495034e-02) (-8.95979202e-09,2.70580799e-09)
1.93386774e+00 (-4.58756310e-02,1.78541126e-02) (-1.88003435e-02,-4.91352676e-02) (-7.19188272e-09,2.17361694e-09)
1.95390782e+00 (-4.52847044e-02,1.76056366e-02) (-1.84876770e-02,-4.83314451e-02) (-5.77316827e-09,1.74614300e-09)
1.97394790e+00 (-4.46931899e-02,1.73583093e-02) (-1.81793831e-02,-4.75380516e-02) (-4.63459054e-09,1.40277122e-09)
1.99398798e+00 (-4.41016893e-02,1.71122794e-02) (-1.78754401e-02,-4.67550921e-02) (-3.72076886e-09,1.12694729e-09)
2.01402806e+00 (-4.35107633e-02,1.68676848e-02) (-1.75758238e-02,-4.59825612e-02) (-2.98728669e-09,9.05377203e-10)
2.03406814e+00 (-4.29209344e-02,1.66246532e-02) (-1.72805077e-02,-4.52204439e-02) (-2.39851680e-09,7.27384779e-10)
2.05410822e+00 (-4.23326883e-02,1.63833029e-02) (-1.69894633e-02,-4.44687166e-02) (-1.92587956e-09,5.84395769e-10)
2.07414830e+00 (-4.17464763e-02,1.61437428e-02) (-1.67026598e-02,-4.37273471e-02) (-1.54644623e-09,4.69523814e-10)
2.09418838e+00 (-4.11627171e-02,1.59060733e-02) (-1.64200647e-02,-4.29962958e-02) (-1.24182031e-09,3.77237993e-10)
2.11422846e+00 (-4.05817986e-02,1.56703863e-02) (-1.61416439e-02,-4.22755158e-02) (-9.97240767e-10,3.03095836e-10)
2.13426854e+00 (-4.00040794e-02,1.54367662e-02) (-1.58673617e-02,-4.15649538e-02) (-8.00861506e-10,2.43529051e-10)
2.15430862e+00 (-3.94298908e-02,1.52052898e-02) (-1.55971808e-02,-4.08645503e-02) (-6.43176178e-10,1.95671413e-10)
2.17434870e+00 (-3.88595380e-02,1.49760270e-02) (-1.53310629e-02,-4.01742402e-02) (-5.16555571e-10,1.57220554e-10)
2.19438878e+00 (-3.82933018e-02,1.47490410e-02) (-1.50689683e-02,-3.94939533e-02) (-4.14875137e-10,1.26327003e-10)
2.21442886e+00 (-3.77314400e-02,1.45243891e-02) (-1.48108562e-02,-3.88236147e-02) (-3.33219405e-10,1.01505027e-10)
2.23446894e+00 (-3.71741885e-02,1.43021222e-02) (-1.45566852e-02,-3.81631450e-02) (-2.67642675e-10,8.15610689e-11)
2.25450902e+00 (-3.66217628e-02,1.40822861e-02) (-1.43064127e-02,-3.75124610e-02) (-2.14976413e-10,6.55362845e-11)
2.27454910e+00 (-3.60743591e-02,1.38649212e-02) (-1.40599954e-02,-3.68714756e-02) (-1.72677687e-10,5.26603600e-11)
2.29458918e+00 (-3.55321555e-02,1.36500629e-02) (-1.38173894e-02,-3.62400988e-02) (-1.38704923e-10,4.23144432e-11)
2.31462926e+00 (-3.49953128e-02,1.34377422e-02) (-1.35785503e-02,-3.56182373e-02) (-1.11418097e-10,3.40013242e-11)
2.33466934e+00 (-3.44639760e-02,1.32279855e-02) (-1.33434329e-02,-3.50057952e-02) (-8.95008401e-11,2.73215132e-11)
2.35470942e+00 (-3.39382749e-02,1.30208152e-02) (-1.31119920e-02,-3.44026742e-02) (-7.18962493e-11,2.19540576e-11)
2.37474950e+00 (-3.34183252e-02,1.28162500e-02) (-1.28841818e-02,-3.38087739e-02) (-5.77551253e-11,1.76411094e-11)
2.39478958e+00 (-3.29042293e-02,1.26143048e-02) (-1.26599560e-02,-3.32239918e-02) (-4.63961108e-11,1.41754891e-11)
2.41482966e+00 (-3.23960770e-02,1.24149913e-02) (-1.24392684e-02,-3.26482239e-02) (-3.72718229e-11,1.13907113e-11)
2.43486974e+00 (-3.18939466e-02,1.22183181e-02) (-1.22220725e-02,-3.20813646e-02) (-2.99420167e-11,9.15300049e-12)
2.45490982e+00 (-3.13979054e-02,1.20242906e-02) (-1.20083217e-02,-3.15233071e-02) (-2.40538871e-11,7.35486787e-12)
2.47494990e+00 (-3.09080104e-02,1.18329117e-02) (-1.17979693e-02,-3.09739435e-02) (-1.93239235e-11,5.90996205e-12)
2.49498998e+00 (-3.04243091e-02,1.16441816e-02) (-1.15909685e-02,-3.04331649e-02) (-1.55239720e-11,4.74890555e-12)
2.51503006e+00 (-2.99468399e-02,1.14580983e-02) (-1.13872727e-02,-2.99008617e-02) (-1.24714625e-11,3.81592899e-12)
2.53507014e+00 (-2.94756329e-02,1.12746572e-02) (-1.11868352e-02,-2.93769236e-02) (-1.00192260e-11,3.06622962e-12)
2.55511022e+00 (-2.90107106e-02,1.10938521e-02) (-1.09896094e-02,-2.88612402e-02) (-8.04901877e-12,2.46380751e-12)
2.57515030e+00 (-2.85520879e-02,1.09156745e-02) (-1.07955490e-02,-2.83537002e-02) (-6.46642293e-12,1.97972890e-12)
2.59519038e+00 (-2.80997732e-02,1.07401144e-02) (-1.06046077e-02,-2.78541926e-02) (-5.19496323e-12,1.59075931e-12)
2.61523046e+00 (-2.76537683e-02,1.05671601e-02) (-1.04167394e-02,-2.73626060e-02) (-4.17348832e-12,1.27819841e-12)
2.63527054e+00 (-2.72140695e-02,1.03967982e-02) (-1.02318982e-02,-2.68788292e-02) (-3.35285616e-12,1.02703335e-12)
2.65531062e+00 (-2.67806673e-02,1.02290141e-02) (-1.00500387e-02,-2.64027510e-02) (-2.69349879e-12,8.25207428e-13)
2.67535070e+00 (-2.63535475e-02,1.00637919e-02) (-9.87111537e-03,-2.59342606e-02) (-2.16381187e-12,6.63035529e-13)
2.69539078e+00 (-2.59326909e-02,9.90111439e-03) (-9.69508329e-03,-2.54732472e-02) (-1.73834077e-12,5.32731454e-13)
2.71543086e+00 (-2.55180743e-02,9.74096348e-03) (-9.52189771e-03,-2.50196005e-02) (-1.39648214e-12,4.28033702e-13)
2.73547094e+00 (-2.51096703e-02,9.58331996e-03) (-9.35151424e-03,-2.45732109e-02) (-1.12186257e-12,3.43905584e-13)
2.75551102e+00 (-2.47074479e-02,9.42816373e-03) (-9.18388883e-03,-2.41339689e-02) (-9.01232292e-13,2.76309916e-13)
2.77555110e+00 (-2.43113728e-02,9.27547393e-03) (-9.01897780e-03,-2.37017658e-02) (-7.23988670e-13,2.21999761e-13)
2.79559118e+00 (-2.39214074e-02,9.12522893e-03) (-8.85673784e-03,-2.32764936e-02) (-5.81635616e-13,1.78352527e-13)
2.81563126e+00 (-2.35375114e-02,8.97740645e-03) (-8.69712604e-03,-2.28580448e-02) (-4.67115113e-13,1.43284761e-13)
2.83567134e+00 (-2.31596421e-02,8.83198363e-03) (-8.54009986e-03,-2.24463128e-02) (-3.75274190e-13,1.15105087e-13)
2.85571142e+00 (-2.27877540e-02,8.68893708e-03) (-8.38561720e-03,-2.20411917e-02) (-3.01432527e-13,9.24720296e-14)
2.87575150e+00 (-2.24217999e-02,8.54824295e-03) (-8.23363635e-03,-2.16425764e-02) (-2.42110227e-13,7.42908600e-14)
2.89579158e+00 (-2.20617304e-02,8.40987697e-03) (-8.08411604e-03,-2.12503627e-02) (-1.94552490e-13,5.96796623e-14)
2.91583166e+00 (-2.17074944e-02,8.27381455e-03) (-7.93701544e-03,-2.08644472e-02) (-1.56201597e-13,4.79372956e-14)
2.93587174e+00 (-2.13590392e-02,8.14003077e-03) (-7.79229413e-03,-2.04847276e-02) (-1.25418099e-13,3.85003370e-14)
2.95591182e+00 (-2.10163109e-02,8.00850047e-03) (-7.64991215e-03,-2.01111024e-02) (-1.00773275e-13,3.09251007e-14)
2.97595190e+00 (-2.06792542e-02,7.87919829e-03) (-7.50982998e-03,-1.97434710e-02) (-8.09332226e-14,2.48441095e-14)
2.99599198e+00 (-2.03478127e-02,7.75209868e-03) (-7.37200856e-03,-1.93817339e-02) (-6.50087311e-14,1.99598798e-14)
3.01603206e+00 (-2.00219291e-02,7.62717600e-03) (-7.23640927e-03,-1.90257926e-02) (-5.22577771e-14,1.60319087e-14)
3.03607214e+00 (-1.97015453e-02,7.50440447e-03) (-7.10299394e-03,-1.86755496e-02) (-4.19104635e-14,1.28753459e-14)
3.05611222e+00 (-1.93866025e-02,7.38375830e-03) (-6.97172486e-03,-1.83309084e-02) (-3.36622056e-14,1.03394298e-14)
3.07615230e+00 (-1.90770412e-02,7.26521165e-03) (-6.84256479e-03,-1.79917737e-02) (-2.70697109e-14,8.30603837e-15)
3.09619238e+00 (-1.87728017e-02,7.14873868e-03) (-6.71547691e-03,-1.76580509e-02) (-2.17180191e-14,6.67315880e-15)
3.11623246e+00 (-1.84738235e-02,7.03431361e-03) (-6.59042490e-03,-1.73296468e-02) (-1.74548398e-14,5.35631404e-15)
3.13627255e+00 (-1.81800463e-02,6.92191068e-03) (-6.46737287e-03,-1.70064691e-02) (-1.39900020e-14,4.29675490e-15)
3.15631263e+00 (-1.78914093e-02,6.81150424e-03) (-6.34628537e-03,-1.66884267e-02) (-1.12004664e-14,3.44290737e-15)
3.17635271e+00 (-1.76078517e-02,6.70306874e-03) (-6.22712743e-03,-1.63754294e-02) (-8.97523581e-15,2.76055929e-15)
3.19639279e+00 (-1.73293125e-02,6.59657873e-03) (-6.10986451e-03,-1.60673883e-02) (-7.21283809e-15,2.22353426e-15)
3.21643287e+00 (-1.70557310e-02,6.49200894e-03) (-5.99446253e-03,-1.57642152e-02) (-5.88034027e-15,1.79085911e-15)
3.23647295e+00 (-1.67870465e-02,6.38933424e-03) (-5.88088784e-03,-1.54658234e-02) (-4.67523259e-15,1.43892816e-15)
3.25651303e+00 (-1.65231982e-02,6.28852967e-03) (-5.76910725e-03,-1.51721270e-02) (-3.72541133e-15,1.15114214e-15)
3.27655311e+00 (-1.62641260e-02,6.18957047e-03) (-5.65908800e-03,-1.48830413e-02) (-3.01969519e-15,9.23459247e-16)
3.29659319e+00 (-1.60097697e-02,6.09243210e-03) (-5.55079775e-03,-1.45984825e-02) (-2.41273812e-15,7.44444679e-16)
3.31663327e+00 (-1.57600696e-02,5.99709023e-03) (-5.44420462e-03,-1.43183680e-02) (-1.95795595e-15,5.94622712e-16)
3.33667335e+00 (-1.55149662e-02,5.90352074e-03) (-5.33927713e-03,-1.40426163e-02) (-1.52466249e-15,4.75368743e-16)
3.35671343e+00 (-1.52744006e-02,5.81169977e-03) (-5.23598425e-03,-1.37711468e-02) (-1.23400801e-15,3.80968584e-16)
3.37675351e+00 (-1.50383142e-02,5.72160372e-03) (-5.13429534e-03,-1.35038799e-02) (-1.01837641e-15,3.09116934e-16)
3.39679359e+00 (-1.48066490e-02,5.63320923e-03) (-5.03418019e-03,-1.32407373e-02) (-8.12490383e-16,2.52186142e-16)
3.41683367e+00 (-1.45793473e-02,5.54649323e-03) (-4.93560900e-03,-1.29816414e-02) (-6.73144644e-16,2.04206646e-16)
3.43687375e+00 (-1.43563523e-02,5.46143289e-03) (-4.83855237e-03,-1.27265158e-02) (-5.40240616e-16,1.63554177e-16)
3.45691383e+00 (-1.41376074e-02,5.37800570e-03) (-4.74298131e-03,-1.24752851e-02) (-4.11288659e-16,1.25082843e-16)
3.47695391e+00 (-1.39230568e-02,5.29618942e-03) (-4.64886720e-03,-1.22278747e-02) (-2.88021280e-16,9.35733373e-17)
3.49699399e+00 (-1.37126453e-02,5.21596210e-03) (-4.55618184e-03,-1.19842113e-02) (-2.25761476e-16,7.44403458e-17)
3.51703407e+00 (-1.35063183e-02,5.13730209e-03) (-4.46489740e-03,-1.17442223e-02) (-2.21437139e-16,6.68509926e-17)
3.53707415e+00 (-1.33040220e-02,5.06018805e-03) (-4.37498642e-03,-1.15078362e-02) (-2.16767190e-16,6.00678838e-17)
3.55711423e+00 (-1.31057030e-02,4.98459894e-03) (-4.28642182e-03,-1.12749823e-02) (-1.59951895e-16,4.80908198e-17)
3.57715431e+00 (-1.29113088e-02,4.91051402e-03) (-4.19917691e-03,-1.10455909e-02) (-1.03614159e-16,3.19215409e-17)
3.59719439e+00 (-1.27207875e-02,4.83791288e-03) (-4.11322534e-03,-1.08195934e-02) (-5.07883542e-17,2.10101371e-17)
3.61723447e+00 (-1.25340881e-02,4.76677541e-03) (-4.02854111e-03,-1.05969219e-02) (-5.05986894e-17,1.98389293e-17)
3.63727455e+00 (-1.23511601e-02,4.69708183e-03) (-3.94509859e-03,-1.03775094e-02) (-9.67838390e-17,1.96955771e-17)
3.65731463e+00 (-1.21719539e-02,4.62881266e-03) (-3.86287249e-03,-1.01612898e-02) (-4.79325144e-17,1.46455839e-17)
3.67735471e+00 (-1.19964207e-02,4.56194875e-03) (-3.78183786e-03,-9.94819796e-03) (-9.52770304e-19,9.44388450e-18)
3.69739479e+00 (-1.18245121e-02,4.49647126e-03) (-3.70197009e-03,-9.73816954e-03) (-4.51547045e-17,9.28298081e-18)
3.71743487e+00 (-1.16561810e-02,4.43236169e-03) (-3.62324489e-03,-9.53114102e-03) (-4.46642488e-17,9.00046910e-18)
3.73747495e+00 (-1.14913805e-02,4.36960184e-03) (-3.54563830e-03,-9.32704973e-03) (-6.23852593e-19,4.36967489e-18)
3.75751503e+00 (-1.13300650e-02,4.30817385e-03) (-3.46912667e-03,-9.12583381e-03) (7.80455938e-19,4.62694217e-19)
3.77755511e+00 (-1.11721894e-02,4.24806017e-03) (-3.39368667e-03,-8.92743220e-03) (-5.76676934e-19,3.99098478e-18)
3.79759519e+00 (-1.10177093e-02,4.18924356e-03) (-3.31929529e-03,-8.73178464e-03) (-4.09047314e-17,8.11499954e-18)
3.81763527e+00 (-1.08665813e-02,4.13170712e-03) (-3.24592979e-03,-8.53883164e-03) (-4.00392916e-17,8.10689185e-18)
3.83767535e+00 (-1.07187626e-02,4.07543427e-03) (-3.17356774e-03,-8.34851444e-03) (-5.89586445e-19,3.94350537e-18)
3.85771543e+00 (-1.05742114e-02,4.02040873e-03) (-3.10218701e-03,-8.16077508e-03) (3.65934746e-19,2.15627829e-19)
3.87775551e+00 (-1.04328865e-02,3.96661456e-03) (-3.03176575e-03,-7.97555628e-03) (3.72597150e-20,-2.83109069e-20)
3.89779559e+00 (-1.02947476e-02,3.91403612e-03) (-2.96228237e-03,-7.79280152e-03) (-1.26833915e-21,-5.07184661e-21)
3.91783567e+00 (-1.01597550e-02,3.86265810e-03) (-2.89371558e-03,-7.61245497e-03) (-6.73335987e-22,-6.82311223e-24)
3.93787575e+00 (-1.00278701e-02,3.81246549e-03) (-2.82604433e-03,-7.43446147e-03) (-2.57827703e-23,-2.25195947e-23)
3.95791583e+00 (-9.89905480e-03,3.76344360e-03) (-2.75924786e-03,-7.25876656e-03) (3.29018498e-23,4.83642991e-23)
3.97795591e+00 (-9.77327191e-03,3.71557807e-03) (-2.69330564e-03,-7.08531645e-03) (-4.14298378e-23,-1.46255828e-23)
3.99799599e+00 (-9.65048499e-03,3.66885481e-03) (-2.62819741e-03,-6.91405797e-03) (8.77338665e-24,-9.79478092e-24)
4.01803607e+00 (-9.53065840e-03,3.62326008e-03) (-2.56390314e-03,-6.74493862e-03) (1.74237064e-24,7.20126048e-24)
4.03807615e+00 (-9.41375728e-03,3.57878043e-03) (-2.50040307e-03,-6.57790649e-03) (-3.31419398e-25,-1.69976128e-24)
4.05811623e+00 (-9.29974751e-03,3.53540270e-03) (-2.43767762e-03,-6.41291031e-03) (2.59864948e-24,2.19036059e-26)
4.07815631e+00 (-9.18859578e-03,3.49311405e-03) (-2.37570750e-03,-6.24989937e-03) (-1.26259893e-24,-1.05483357e-24)
4.09819639e+00 (-9.08026951e-03,3.45190195e-03) (-2.31447360e-03,-6.08882356e-03) (-1.39832918e-24,-1.61195487e-24)
4.11823647e+00 (-8.97473692e-03,3.41175415e-03) (-2.25395705e-03,-5.92963335e-03) (9.79408446e-25,1.07321270e-25)
4.13827655e+00 (-8.87196696e-03,3.37265871e-03) (-2.19413919e-03,-5.77227974e-03) (-4.86539520e-25,4.60294867e-25)
4.15831663e+00 (-8.77192936e-03,3.33460400e-03) (-2.13500155e-03,-5.61671427e-03) (-4.41735196e-26,1.03528639e-25)
4.17835671e+00 (-8.67459459e-03,3.29757864e-03) (-2.07652590e-03,-5.46288904e-03) (-1.13839720e-25,1.29150032e-25)
4.19839679e+00 (-8.57993388e-03,3.26157159e-03) (-2.01869417e-03,-5.31075663e-03) (-3.58414860e-26,-1.23420909e-25)
4.21843687e+00 (-8.48791919e-03,3.22657208e-03) (-1.96148850e-03,-5.16027013e-03) (-1.17849295e-25,4.34523853e-25)
4.23847695e+00 (-8.39852324e-03,3.19256963e-03) (-1.90489123e-03,-5.01138313e-03) (-1.62667221e-25,1.44886564e-25)
4.25851703e+00 (-8.31171948e-03,3.15955404e-03) (-1.84888484e-03,-4.86404967e-03) (2.44779960e-25,3.72683779e-25)
4.27855711e+00 (-8.22748210e-03,3.12751541e-03) (-1.79345205e-03,-4.71822428e-03) (-1.28429994e-25,8.18979809e-26)
4.29859719e+00 (-8.14578601e-03,3.09644411e-03) (-1.73857568e-03,-4.57386193e-03) (1.94646457e-25,1.19323612e-25)
4.31863727e+00 (-8.06660685e-03,3.06633080e-03) (-1.68423879e-03,-4.43091800e-03) (-1.17550283e-25,3.70222586e-25)
4.33867735e+00 (-7.98992099e-03,3.03716642e-03) (-1.63042454e-03,-4.28934834e-03) (2.37543178e-25,4.68188992e-26)
4.35871743e+00 (-7.91570551e-03,3.00894218e-03) (-1.57711628e-03,-4.14910917e-03) (1.48232297e-25,2.67589425e-25)
4.37875752e+00 (-7.84393821e-03,2.98164957e-03) (-1.52429752e-03,-4.01015712e-03) (3.52965910e-26,9.68492849e-27)
4.39879760e+00 (-7.77459759e-03,2.95528035e-03) (-1.47195189e-03,-3.87244922e-03) (2.50997217e-25,1.98388459e-25)
4.41883768e+00 (-7.70766287e-03,2.92982656e-03) (-1.42006318e-03,-3.73594286e-03) (5.61558398e-26,2.95091687e-26)
4.43887776e+00 (-7.64311398e-03,2.90528051e-03) (-1.36861532e-03,-3.60059578e-03) (1.43507035e-25,1.16096764e-25)
4.45891784e+00 (-7.58093151e-03,2.88163478e-03) (-1.31759237e-03,-3.46636609e-03) (1.42473425e-25,4.46426432e-26)
4.47895792e+00 (-7.52109680e-03,2.85888221e-03) (-1.26697850e-03,-3.33321223e-03) (1.39029591e-25,2.97428093e-26)
4.49899800e+00 (-7.46359185e-03,2.83701591e-03) (-1.21675804e-03,-3.20109294e-03) (-1.12280261e-26,1.19475344e-25)
4.51903808e+00 (-7.40839934e-03,2.81602926e-03) (-1.16691542e-03,-3.06996730e-03) (2.93924328e-25,1.70672997e-26)
4.53907816e+00 (-7.35550267e-03,2.79591590e-03) (-1.11743517e-03,-2.93979469e-03) (5.43949659e-27,1.24984994e-26)
4.55911824e+00 (-7.30488588e-03,2.77666973e-03) (-1.06830195e-03,-2.81053474e-03) (4.22284507e-26,5.81028911e-26)
4.57915832e+00 (-7.25653373e-03,2.75828490e-03) (-1.01950052e-03,-2.68214741e-03) (1.81786024e-25,7.49444422e-26)
4.59919840e+00 (-7.21043163e-03,2.74075586e-03) (-9.71015750e-04,-2.55459287e-03) (1.04220348e-25,-5.17429454e-26)
4.61923848e+00 (-7.16656568e-03,2.72407726e-03) (-9.22832582e-04,-2.42783158e-03) (-2.31574157e-26,5.81074233e-26)
4.63927856e+00 (-7.12492262e-03,2.70824405e-03) (-8.74936071e-04,-2.30182422e-03) (1.67834168e-25,-7.96197628e-26)
4.65931864e+00 (-7.08548990e-03,2.69325142e-03) (-8.27311350e-04,-2.17653171e-03) (-1.85882269e-26,4.73372625e-26)
4.67935872e+00 (-7.04825560e-03,2.67909481e-03) (-7.79943636e-04,-2.05191516e-03) (6.68989932e-27,1.56858820e-26)
4.69939880e+00 (-7.01320848e-03,2.66576993e-03) (-7.32818226e-04,-1.92793592e-03) (1.90013328e-25,-5.11059724e-26)
4.71943888e+00 (-6.98033796e-03,2.65327272e-03) (-6.85920488e-04,-1.80455550e-03) (-1.33961466e-25,-8.99382650e-26)
4.73947896e+00 (-6.94963411e-03,2.64159940e-03) (-6.39235861e-04,-1.68173562e-03) (-3.21226359e-26,9.46916399e-26)
4.75951904e+00 (-6.92108766e-03,2.63074641e-03) (-5.92749848e-04,-1.55943815e-03) (9.22338696e-26,-2.72627667e-26)
4.77955912e+00 (-6.89469000e-03,2.62071047e-03) (-5.46448012e-04,-1.43762511e-03) (1.42140839e-26,-6.54549646e-26)
4.79959920e+00 (-6.87043317e-03,2.61148852e-03) (-5.00315972e-04,-1.31625870e-03) (-1.49445332e-25,6.11960245e-26)
4.81963928e+00 (-6.84830985e-03,2.60307777e-03) (-4.54339399e-04,-1.19530122e-03) (6.48103511e-26,-7.45562518e-26)
4.83967936e+00 (-6.82831339e-03,2.59547567e-03) (-4.08504010e-04,-1.07471511e-03) (7.93402091e-26,3.07647871e-26)
4.85971944e+00 (-6.81043777e-03,2.58867992e-03) (-3.62795567e-04,-9.54462911e-04) (-6.93828718e-26,9.12825597e-27)
4.87975952e+00 (-6.79467762e-03,2.58268846e-03) (-3.17199869e-04,-8.34507281e-04) (-5.30339994e-27,-1.13479998e-25)
4.89979960e+00 (-6.78102822e-03,2.57749949e-03) (-2.71702748e-04,-7.14810955e-04) (4.27928933e-26,5.22186280e-26)
4.91983968e+00 (-6.76948551e-03,2.57311144e-03) (-2.26290067e-04,-5.95336747e-04) (-1.62521096e-26,-7.01832266e-26)
4.93987976e+00 (-6.76004605e-03,2.56952301e-03) (-1.80947715e-04,-4.76047538e-04) (-4.80686202e-26,-1.11387316e-25)
4.95991984e+00 (-6.75270706e-03,2.56673311e-03) (-1.35661601e-04,-3.56906265e-04) (-2.03974043e-26,-1.37875568e-26)
4.97995992e+00 (-6.74746640e-03,2.56474092e-03) (-9.04176495e-05,-2.37875906e-04) (1.91361483e-26,-1.20402670e-26)
5.00000000e+00 (-6.74327445e-03,2.56314742e-03) (-4.52018004e-05,-1.18919474e-04) (-4.76957304e-26,-7.39659813e-26)
