0.67 	 500
Z	 ux	 uz 	 rho
-5.00000000e+00 (1.54041812e-03,1.88414383e-03) (2.52981239e-05,-2.06829689e-05) (1.99913767e-12,1.45562081e-12)
-4.97995992e+00 (1.54097253e-03,1.88482277e-03) (5.06008055e-05,-4.13696596e-05) (1.94217879e-12,1.29202203e-12)
-4.95991984e+00 (1.54166557e-03,1.88567153e-03) (7.59126032e-05,-6.20637942e-05) (2.16234432e-12,6.79950131e-13)
-4.93987976e+00 (1.54263593e-03,1.88685998e-03) (1.01238077e-04,-8.27690957e-05) (1.74030894e-12,5.26178900e-13)
-4.91983968e+00 (1.54388374e-03,1.88838834e-03) (1.26581789e-04,-1.03489288e-04) (2.16679781e-12,-3.85170141e-13)
-4.89979960e+00 (1.54540917e-03,1.89025684e-03) (1.51948305e-04,-1.24228098e-04) (1.18166470e-12,-7.35764964e-13)
-4.87975952e+00 (1.54721243e-03,1.89246581e-03) (1.77342193e-04,-1.44989254e-04) (1.69911455e-12,-1.20536364e-12)
-4.85971944e+00 (1.54929380e-03,1.89501561e-03) (2.02768028e-04,-1.65776488e-04) (3.57060376e-13,-2.22834168e-12)
-4.83967936e+00 (1.55165359e-03,1.89790670e-03) (2.28230388e-04,-1.86593536e-04) (4.55794449e-13,-1.51197813e-12)
-4.81963928e+00 (1.55429216e-03,1.90113955e-03) (2.53733859e-04,-2.07444139e-04) (-4.75707121e-13,-3.21053447e-12)
-4.79959920e+00 (1.55720991e-03,1.90471473e-03) (2.79283033e-04,-2.28332043e-04) (-1.23865589e-12,-1.67328970e-12)
-4.77955912e+00 (1.56040730e-03,1.90863285e-03) (3.04882511e-04,-2.49260999e-04) (-1.47516490e-12,-2.83541466e-12)
-4.75951904e+00 (1.56388483e-03,1.91289459e-03) (3.30536902e-04,-2.70234764e-04) (-2.34197778e-12,-1.53326287e-12)
-4.73947896e+00 (1.56764303e-03,1.91750067e-03) (3.56250823e-04,-2.91257104e-04) (-2.80947749e-12,-1.58639327e-12)
-4.71943888e+00 (1.57168250e-03,1.92245190e-03) (3.82028904e-04,-3.12331792e-04) (-2.55177064e-12,-3.86603098e-13)
-4.69939880e+00 (1.57600387e-03,1.92774912e-03) (4.07875784e-04,-3.33462606e-04) (-3.45646608e-12,-4.32872371e-13)
-4.67935872e+00 (1.58060783e-03,1.93339326e-03) (4.33796114e-04,-3.54653338e-04) (-2.47780995e-12,1.40656117e-12)
-4.65931864e+00 (1.58549509e-03,1.93938529e-03) (4.59794561e-04,-3.75907787e-04) (-2.84815817e-12,9.20687335e-13)
-4.63927856e+00 (1.59066643e-03,1.94572625e-03) (4.85875800e-04,-3.97229760e-04) (-1.56671864e-12,2.61472636e-12)
-4.61923848e+00 (1.59612266e-03,1.95241722e-03) (5.12044524e-04,-4.18623078e-04) (-2.21205940e-12,1.48376821e-12)
-4.59919840e+00 (1.60186464e-03,1.95945937e-03) (5.38305441e-04,-4.40091571e-04) (-2.49235414e-13,4.10308628e-12)
-4.57915832e+00 (1.60789327e-03,1.96685392e-03) (5.64663273e-04,-4.61639082e-04) (-2.28207942e-13,1.73272617e-13)
-4.55911824e+00 (1.61420950e-03,1.97460213e-03) (5.91122760e-04,-4.83269466e-04) (-1.65084467e-12,4.21030749e-12)
-4.53907816e+00 (1.62081432e-03,1.98270534e-03) (6.17688660e-04,-5.04986592e-04) (2.53098072e-12,1.65020734e-12)
-4.51903808e+00 (1.62770875e-03,1.99116496e-03) (6.44365749e-04,-5.26794340e-04) (-1.22741599e-12,5.05766385e-13)
-4.49899800e+00 (1.63489388e-03,1.99998244e-03) (6.71158822e-04,-5.48696606e-04) (1.75072380e-13,3.24292359e-12)
-4.47895792e+00 (1.64237082e-03,2.00915930e-03) (6.98072693e-04,-5.70697302e-04) (1.90813029e-12,6.13984619e-13)
-4.45891784e+00 (1.65014073e-03,2.01869711e-03) (7.25112198e-04,-5.92800352e-04) (-9.71235702e-13,2.27854408e-13)
-4.43887776e+00 (1.65820482e-03,2.02859752e-03) (7.52282194e-04,-6.15009698e-04) (6.91171009e-13,1.98541231e-12)
-4.41883768e+00 (1.66656433e-03,2.03886223e-03) (7.79587562e-04,-6.37329299e-04) (2.48798815e-13,-6.37574611e-13)
-4.39879760e+00 (1.67522054e-03,2.04949300e-03) (8.07033204e-04,-6.59763129e-04) (-1.05380518e-12,1.59089695e-12)
-4.37875752e+00 (1.68417478e-03,2.06049164e-03) (8.34624047e-04,-6.82315181e-04) (1.25573818e-12,5.64156045e-13)
-4.35871743e+00 (1.69342841e-03,2.07186005e-03) (8.62365044e-04,-7.04989466e-04) (-1.03607204e-12,-4.84851069e-13)
-4.33867735e+00 (1.70298283e-03,2.08360016e-03) (8.90261171e-04,-7.27790012e-04) (-1.43826019e-12,1.61198601e-12)
-4.31863727e+00 (1.71283950e-03,2.09571398e-03) (9.18317433e-04,-7.50720868e-04) (4.71805697e-13,2.87782460e-12)
-4.29859719e+00 (1.72299988e-03,2.10820358e-03) (9.46538861e-04,-7.73786103e-04) (2.25951968e-12,9.54441999e-14)
-4.27855711e+00 (1.73346551e-03,2.12107107e-03) (9.74930515e-04,-7.96989803e-04) (-1.56815717e-12,-3.10467872e-13)
-4.25851703e+00 (1.74423793e-03,2.13431865e-03) (1.00349748e-03,-8.20336078e-04) (-1.24485067e-13,3.47853085e-12)
-4.23847695e+00 (1.75531873e-03,2.14794857e-03) (1.03224488e-03,-8.43829058e-04) (2.88426085e-12,1.75116827e-12)
-4.21843687e+00 (1.76670956e-03,2.16196313e-03) (1.06117787e-03,-8.67472894e-04) (2.06744823e-12,-8.61337527e-13)
-4.19839679e+00 (1.77841206e-03,2.17636470e-03) (1.09030161e-03,-8.91271760e-04) (-6.91362688e-13,-3.50666971e-13)
-4.17835671e+00 (1.79042793e-03,2.19115571e-03) (1.11962133e-03,-9.15229851e-04) (7.73237783e-13,2.13534983e-12)
-4.15831663e+00 (1.80275890e-03,2.20633865e-03) (1.14914226e-03,-9.39351387e-04) (1.75247525e-12,-3.90375840e-13)
-4.13827655e+00 (1.81540673e-03,2.22191608e-03) (1.17886970e-03,-9.63640611e-04) (-4.34425274e-13,5.97349599e-13)
-4.11823647e+00 (1.82837321e-03,2.23789060e-03) (1.20880895e-03,-9.88101788e-04) (9.65408443e-13,1.28062654e-12)
-4.09819639e+00 (1.84166017e-03,2.25426489e-03) (1.23896536e-03,-1.01273921e-03) (1.00904790e-12,1.60636450e-12)
-4.07815631e+00 (1.85526944e-03,2.27104167e-03) (1.26934432e-03,-1.03755719e-03) (2.92367791e-12,3.83898507e-13)
-4.05811623e+00 (1.86920291e-03,2.28822375e-03) (1.29995125e-03,-1.06256007e-03) (3.76465503e-13,-6.54171380e-13)
-4.03807615e+00 (1.88346247e-03,2.30581396e-03) (1.33079161e-03,-1.08775222e-03) (1.79542748e-12,1.70023757e-12)
-4.01803607e+00 (1.89805006e-03,2.32381523e-03) (1.36187090e-03,-1.11313802e-03) (3.21810571e-12,-9.14272985e-13)
-3.99799599e+00 (1.91296761e-03,2.34223053e-03) (1.39319466e-03,-1.13872190e-03) (1.82892056e-12,-2.15920722e-12)
-3.97795591e+00 (1.92821709e-03,2.36106287e-03) (1.42476847e-03,-1.16450830e-03) (1.07467898e-13,-2.96214505e-12)
-3.95791583e+00 (1.94380050e-03,2.38031536e-03) (1.45659795e-03,-1.19050168e-03) (-1.74777101e-12,-1.00430392e-12)
-3.93787575e+00 (1.95971983e-03,2.39999114e-03) (1.48868877e-03,-1.21670655e-03) (-1.44618787e-14,-1.61385799e-13)
-3.91783567e+00 (1.97597710e-03,2.42009342e-03) (1.52104661e-03,-1.24312742e-03) (-1.46781734e-12,-1.37807254e-12)
-3.89779559e+00 (1.99257435e-03,2.44062545e-03) (1.55367725e-03,-1.26976886e-03) (-1.93113462e-12,1.82081936e-12)
-3.87775551e+00 (2.00951361e-03,2.46159056e-03) (1.58658646e-03,-1.29663543e-03) (1.21230947e-12,1.43870553e-12)
-3.85771543e+00 (2.02679693e-03,2.48299212e-03) (1.61978008e-03,-1.32373175e-03) (6.88919069e-14,-3.38677320e-13)
-3.83767535e+00 (2.04442638e-03,2.50483357e-03) (1.65326400e-03,-1.35106244e-03) (-5.76371233e-13,1.44369699e-12)
-3.81763527e+00 (2.06240400e-03,2.52711839e-03) (1.68704415e-03,-1.37863217e-03) (1.51046233e-12,2.24509848e-12)
-3.79759519e+00 (2.08073185e-03,2.54985012e-03) (1.72112650e-03,-1.40644564e-03) (3.61993532e-12,5.02979391e-13)
-3.77755511e+00 (2.09941199e-03,2.57303237e-03) (1.75551708e-03,-1.43450754e-03) (2.69492261e-12,-2.99699165e-12)
-3.75751503e+00 (2.11844646e-03,2.59666877e-03) (1.79022196e-03,-1.46282263e-03) (-1.07735910e-12,-2.76542540e-12)
-3.73747495e+00 (2.13783730e-03,2.62076304e-03) (1.82524726e-03,-1.49139568e-03) (-1.07109817e-12,-1.42495032e-13)
-3.71743487e+00 (2.15758654e-03,2.64531891e-03) (1.86059916e-03,-1.52023149e-03) (-1.66263818e-13,-3.54198448e-13)
-3.69739479e+00 (2.17769617e-03,2.67034020e-03) (1.89628388e-03,-1.54933488e-03) (-8.51617463e-13,1.57087670e-14)
-3.67735471e+00 (2.19816817e-03,2.69583076e-03) (1.93230769e-03,-1.57871070e-03) (1.02357437e-13,1.14494555e-12)
-3.65731463e+00 (2.21900451e-03,2.72179448e-03) (1.96867693e-03,-1.60836384e-03) (1.30941224e-12,6.10833937e-14)
-3.63727455e+00 (2.24020711e-03,2.74823531e-03) (2.00539797e-03,-1.63829920e-03) (4.33549492e-13,-8.16504847e-13)
-3.61723447e+00 (2.26177784e-03,2.77515724e-03) (2.04247724e-03,-1.66852171e-03) (7.51919474e-14,-4.52213152e-13)
-3.59719439e+00 (2.28371857e-03,2.80256430e-03) (2.07992123e-03,-1.69903632e-03) (-2.26406188e-13,-5.79406530e-13)
-3.57715431e+00 (2.30603108e-03,2.83046057e-03) (2.11773648e-03,-1.72984802e-03) (-5.14373916e-13,3.80696569e-13)
-3.55711423e+00 (2.32871712e-03,2.85885017e-03) (2.15592959e-03,-1.76096181e-03) (9.01452360e-13,2.14930622e-13)
-3.53707415e+00 (2.35177838e-03,2.88773725e-03) (2.19450720e-03,-1.79238271e-03) (-1.38341910e-13,-1.16062823e-12)
-3.51703407e+00 (2.37521646e-03,2.91712599e-03) (2.23347604e-03,-1.82411577e-03) (-9.37045774e-13,4.93598722e-13)
-3.49699399e+00 (2.39903293e-03,2.94702063e-03) (2.27284285e-03,-1.85616608e-03) (6.84472994e-13,6.56251356e-13)
-3.47695391e+00 (2.42322924e-03,2.97742541e-03) (2.31261447e-03,-1.88853870e-03) (6.43123469e-13,-5.68044832e-13)
-3.45691383e+00 (2.44780676e-03,3.00834462e-03) (2.35279776e-03,-1.92123876e-03) (-2.06670556e-13,-6.90360396e-13)
-3.43687375e+00 (2.47276678e-03,3.03978258e-03) (2.39339967e-03,-1.95427139e-03) (-4.84851149e-13,-2.02582942e-13)
-3.41683367e+00 (2.49811047e-03,3.07174361e-03) (2.43442720e-03,-1.98764172e-03) (-4.96232608e-13,9.60565400e-14)
-3.39679359e+00 (2.52383887e-03,3.10423207e-03) (2.47588738e-03,-2.02135492e-03) (-1.56053008e-13,6.62029730e-13)
-3.37675351e+00 (2.54995293e-03,3.13725234e-03) (2.51778734e-03,-2.05541615e-03) (8.29846495e-13,1.27565485e-13)
-3.35671343e+00 (2.57645344e-03,3.17080879e-03) (2.56013424e-03,-2.08983061e-03) (-2.05766779e-14,-1.08228087e-12)
-3.33667335e+00 (2.60334104e-03,3.20490583e-03) (2.60293531e-03,-2.12460348e-03) (-1.27582836e-12,4.55657132e-14)
-3.31663327e+00 (2.63061622e-03,3.23954785e-03) (2.64619784e-03,-2.15973997e-03) (-7.01582990e-14,1.14165797e-12)
-3.29659319e+00 (2.65827931e-03,3.27473927e-03) (2.68992918e-03,-2.19524528e-03) (6.57934367e-13,3.84717227e-14)
-3.27655311e+00 (2.68633043e-03,3.31048448e-03) (2.73413673e-03,-2.23112462e-03) (-3.52734321e-13,-2.20093231e-13)
-3.25651303e+00 (2.71476952e-03,3.34678789e-03) (2.77882796e-03,-2.26738321e-03) (-2.29845297e-13,7.92522706e-13)
-3.23647295e+00 (2.74359630e-03,3.38365386e-03) (2.82401039e-03,-2.30402625e-03) (7.41373935e-13,5.66117421e-13)
-3.21643287e+00 (2.77281026e-03,3.42108678e-03) (2.86969161e-03,-2.34105894e-03) (7.49319562e-13,-2.27190846e-13)
-3.19639279e+00 (2.80241067e-03,3.45909098e-03) (2.91587926e-03,-2.37848648e-03) (1.12398079e-13,-5.99359182e-13)
-3.17635271e+00 (2.83239649e-03,3.49767077e-03) (2.96258103e-03,-2.41631406e-03) (-4.00721711e-13,9.12349675e-14)
-3.15631263e+00 (2.86276645e-03,3.53683045e-03) (3.00980468e-03,-2.45454683e-03) (4.75702451e-13,4.23064919e-13)
-3.13627255e+00 (2.89351895e-03,3.57657424e-03) (3.05755804e-03,-2.49318995e-03) (6.13613813e-13,-5.28419109e-13)
-3.11623246e+00 (2.92465208e-03,3.61690633e-03) (3.10584896e-03,-2.53224854e-03) (-2.02903288e-13,-7.77868139e-13)
-3.09619238e+00 (2.95616359e-03,3.65783086e-03) (3.15468538e-03,-2.57172770e-03) (-7.74529461e-13,-2.17034534e-13)
-3.07615230e+00 (2.98805087e-03,3.69935189e-03) (3.20407528e-03,-2.61163249e-03) (-5.17436505e-13,5.24332032e-13)
-3.05611222e+00 (3.02031091e-03,3.74147343e-03) (3.25402669e-03,-2.65196794e-03) (7.09506241e-14,6.08880120e-13)
-3.03607214e+00 (3.05294030e-03,3.78419937e-03) (3.30454771e-03,-2.69273904e-03) (4.44478867e-13,3.37175190e-13)
-3.01603206e+00 (3.08593519e-03,3.82753356e-03) (3.35564648e-03,-2.73395071e-03) (4.35024479e-13,-1.13967279e-13)
-2.99599198e+00 (3.11929126e-03,3.87147970e-03) (3.40733118e-03,-2.77560784e-03) (1.25610312e-13,-2.70523493e-13)
-2.97595190e+00 (3.15300370e-03,3.91604141e-03) (3.45961006e-03,-2.81771524e-03) (-1.79033254e-13,-1.29419166e-13)
-2.95591182e+00 (3.18706716e-03,3.96122217e-03) (3.51249141e-03,-2.86027768e-03) (-9.58004470e-14,3.41670486e-13)
-2.93587174e+00 (3.22147575e-03,4.00702535e-03) (3.56598356e-03,-2.90329981e-03) (5.20892890e-13,3.04060454e-13)
-2.91583166e+00 (3.25622296e-03,4.05345413e-03) (3.62009490e-03,-2.94678624e-03) (6.75492318e-13,-3.89073989e-13)
-2.89579158e+00 (3.29130168e-03,4.10051158e-03) (3.67483383e-03,-2.99074147e-03) (-2.32172636e-15,-8.35203805e-13)
-2.87575150e+00 (3.32670410e-03,4.14820056e-03) (3.73020883e-03,-3.03516990e-03) (-6.19916749e-13,-2.79398595e-13)
-2.85571142e+00 (3.36242173e-03,4.19652376e-03) (3.78622840e-03,-3.08007581e-03) (-2.87217582e-13,2.74435794e-13)
-2.83567134e+00 (3.39844531e-03,4.24548366e-03) (3.84290106e-03,-3.12546339e-03) (8.92212745e-14,2.09093368e-13)
-2.81563126e+00 (3.43476479e-03,4.29508252e-03) (3.90023537e-03,-3.17133667e-03) (2.48422555e-13,-6.17777154e-14)
-2.79559118e+00 (3.47136928e-03,4.34532237e-03) (3.95823994e-03,-3.21769955e-03) (-1.44930873e-14,-3.52206081e-13)
-2.77555110e+00 (3.50824698e-03,4.39620497e-03) (4.01692339e-03,-3.26455580e-03) (-3.58355806e-13,-1.18824430e-13)
-2.75551102e+00 (3.54538517e-03,4.44773183e-03) (4.07629435e-03,-3.31190899e-03) (-2.42255232e-13,2.38732687e-13)
-2.73547094e+00 (3.58277012e-03,4.49990414e-03) (4.13636148e-03,-3.35976254e-03) (9.94824446e-14,2.47789096e-13)
-2.71543086e+00 (3.62038703e-03,4.55272280e-03) (4.19713346e-03,-3.40811965e-03) (1.34662365e-13,-3.09898897e-14)
-2.69539078e+00 (3.65822000e-03,4.60618835e-03) (4.25861896e-03,-3.45698335e-03) (-3.15067625e-14,-2.92368171e-15)
-2.67535070e+00 (3.69625195e-03,4.66030100e-03) (4.32082669e-03,-3.50635642e-03) (5.26087626e-14,3.88696853e-14)
-2.65531062e+00 (3.73446453e-03,4.71506056e-03) (4.38376532e-03,-3.55624142e-03) (1.50698944e-14,-5.09457915e-14)
-2.63527054e+00 (3.77283809e-03,4.77046642e-03) (4.44744355e-03,-3.60664064e-03) (-9.12962865e-14,-2.44646849e-15)
-2.61523046e+00 (3.81135158e-03,4.82651756e-03) (4.51187003e-03,-3.65755611e-03) (-7.25105228e-14,1.99999442e-13)
-2.59519038e+00 (3.84998248e-03,4.88321246e-03) (4.57705344e-03,-3.70898956e-03) (2.75373026e-13,2.01227618e-13)
-2.57515030e+00 (3.88870671e-03,4.94054916e-03) (4.64300239e-03,-3.76094241e-03) (2.62070751e-13,-2.34544739e-13)
-2.55511022e+00 (3.92749856e-03,4.99852513e-03) (4.70972550e-03,-3.81341575e-03) (-1.41858761e-13,-1.90066242e-13)
-2.53507014e+00 (3.96633059e-03,5.05713729e-03) (4.77723132e-03,-3.86641031e-03) (-9.29730187e-14,1.07644065e-13)
-2.51503006e+00 (4.00517352e-03,5.11638200e-03) (4.84552838e-03,-3.91992643e-03) (1.07004478e-13,1.12791947e-13)
-2.49498998e+00 (4.04399618e-03,5.17625497e-03) (4.91462515e-03,-3.97396407e-03) (2.15161681e-13,-1.76398628e-14)
-2.47494990e+00 (4.08276533e-03,5.23675124e-03) (4.98453002e-03,-4.02852272e-03) (1.66253824e-13,-2.21311155e-13)
-2.45490982e+00 (4.12144564e-03,5.29786518e-03) (5.05525133e-03,-4.08360145e-03) (-5.79521568e-14,-2.76087245e-13)
-2.43486974e+00 (4.15999948e-03,5.35959038e-03) (5.12679734e-03,-4.13919882e-03) (-1.80890225e-13,-1.33169820e-13)
-2.41482966e+00 (4.19838688e-03,5.42191967e-03) (5.19917621e-03,-4.19531286e-03) (-1.81846398e-13,-3.21994846e-14)
-2.39478958e+00 (4.23656538e-03,5.48484506e-03) (5.27239599e-03,-4.25194107e-03) (-1.66404706e-13,9.28462246e-14)
-2.37474950e+00 (4.27448986e-03,5.54835767e-03) (5.34646463e-03,-4.30908035e-03) (-1.02976597e-14,1.44141388e-13)
-2.35470942e+00 (4.31211245e-03,5.61244769e-03) (5.42138996e-03,-4.36672697e-03) (4.35892800e-14,5.99476498e-14)
-2.33466934e+00 (4.34938237e-03,5.67710436e-03) (5.49717966e-03,-4.42487656e-03) (6.39491918e-14,3.51657473e-14)
-2.31462926e+00 (4.38624578e-03,5.74231588e-03) (5.57384126e-03,-4.48352401e-03) (4.07309986e-14,-2.30818373e-14)
-2.29458918e+00 (4.42264561e-03,5.80806939e-03) (5.65138213e-03,-4.54266352e-03) (4.10654799e-14,4.48692324e-14)
-2.27454910e+00 (4.45852141e-03,5.87435087e-03) (5.72980946e-03,-4.60228845e-03) (1.64557055e-13,-2.42695967e-14)
-2.25450902e+00 (4.49380917e-03,5.94114513e-03) (5.80913023e-03,-4.66239135e-03) (1.33260395e-13,-1.59642936e-13)
-2.23446894e+00 (4.52844113e-03,6.00843573e-03) (5.88935123e-03,-4.72296388e-03) (6.12949115e-14,-2.81351416e-13)
-2.21442886e+00 (4.56234563e-03,6.07620488e-03) (5.97047900e-03,-4.78399678e-03) (-1.99079038e-13,-3.21658609e-13)
-2.19438878e+00 (4.59544686e-03,6.14443346e-03) (6.05251986e-03,-4.84547978e-03) (-3.12281362e-13,-6.64550583e-14)
-2.17434870e+00 (4.62766469e-03,6.21310086e-03) (6.13547982e-03,-4.90740157e-03) (-1.88768963e-13,-9.71176614e-15)
-2.15430862e+00 (4.65891446e-03,6.28218498e-03) (6.21936465e-03,-4.96974973e-03) (-3.02882403e-13,-2.16844546e-14)
-2.13426854e+00 (4.68910673e-03,6.35166212e-03) (6.30417978e-03,-5.03251069e-03) (-3.31329638e-13,2.30543574e-13)
-2.11422846e+00 (4.71814706e-03,6.42150694e-03) (6.38993033e-03,-5.09566963e-03) (-1.18874504e-13,3.43656498e-13)
-2.09418838e+00 (4.74593579e-03,6.49169234e-03) (6.47662105e-03,-5.15921043e-03) (-2.12852349e-14,3.18932531e-13)
-2.07414830e+00 (4.77236776e-03,6.56218942e-03) (6.56425633e-03,-5.22311560e-03) (9.34436507e-14,4.14037597e-13)
-2.05410822e+00 (4.79733207e-03,6.63296739e-03) (6.65284016e-03,-5.28736620e-03) (4.10844882e-13,3.64299615e-13)
-2.03406814e+00 (4.82071180e-03,6.70399349e-03) (6.74237610e-03,-5.35194175e-03) (5.76089945e-13,5.57439561e-14)
-2.01402806e+00 (4.84238372e-03,6.77523290e-03) (6.83286724e-03,-5.41682018e-03) (5.95938973e-13,-2.54153623e-13)
-1.99398798e+00 (4.86221801e-03,6.84664866e-03) (6.92431622e-03,-5.48197771e-03) (4.02781409e-13,-6.82904980e-13)
-1.97394790e+00 (4.88007798e-03,6.91820160e-03) (7.01672514e-03,-5.54738876e-03) (-1.45130286e-13,-8.49765270e-13)
-1.95390782e+00 (4.89581971e-03,6.98985024e-03) (7.11009558e-03,-5.61302590e-03) (-6.52869038e-13,-6.04932148e-13)
-1.93386774e+00 (4.90929178e-03,7.06155070e-03) (7.20442853e-03,-5.67885967e-03) (-8.87216811e-13,-8.76040210e-14)
-1.91382766e+00 (4.92033487e-03,7.13325663e-03) (7.29972440e-03,-5.74485858e-03) (-7.18820113e-13,4.11881347e-13)
-1.89378758e+00 (4.92878150e-03,7.20491911e-03) (7.39598292e-03,-5.81098891e-03) (-3.49629318e-13,5.91957825e-13)
-1.87374749e+00 (4.93445560e-03,7.27648656e-03) (7.49320319e-03,-5.87721464e-03) (-1.86243960e-13,5.75331498e-13)
-1.85370741e+00 (4.93717219e-03,7.34790469e-03) (7.59138356e-03,-5.94349733e-03) (-5.76455448e-15,7.04528700e-13)
-1.83366733e+00 (4.93673698e-03,7.41911636e-03) (7.69052167e-03,-6.00979601e-03) (2.46553398e-13,7.23543316e-13)
-1.81362725e+00 (4.93294601e-03,7.49006156e-03) (7.79061434e-03,-6.07606702e-03) (6.75322247e-13,7.49393885e-13)
-1.79358717e+00 (4.92558521e-03,7.56067728e-03) (7.89165759e-03,-6.14226390e-03) (1.13003356e-12,1.95118317e-13)
-1.77354709e+00 (4.91443004e-03,7.63089747e-03) (7.99364656e-03,-6.20833725e-03) (9.76026912e-13,-4.52140587e-13)
-1.75350701e+00 (4.89924506e-03,7.70065296e-03) (8.09657548e-03,-6.27423457e-03) (4.72811226e-13,-8.30747399e-13)
-1.73346693e+00 (4.87978347e-03,7.76987141e-03) (8.20043764e-03,-6.33990014e-03) (2.71625096e-14,-6.01868438e-13)
-1.71342685e+00 (4.85578673e-03,7.83847722e-03) (8.30522533e-03,-6.40527485e-03) (1.25615953e-13,-5.68132909e-13)
-1.69338677e+00 (4.82698410e-03,7.90639151e-03) (8.41092981e-03,-6.47029602e-03) (-1.04413203e-13,-8.16818550e-13)
-1.67334669e+00 (4.79309216e-03,7.97353207e-03) (8.51754126e-03,-6.53489727e-03) (-6.56709871e-13,-9.26830959e-13)
-1.65330661e+00 (4.75381440e-03,8.03981334e-03) (8.62504871e-03,-6.59900831e-03) (-1.43072872e-12,-2.78000686e-13)
-1.63326653e+00 (4.70884075e-03,8.10514640e-03) (8.73344005e-03,-6.66255481e-03) (-1.15983428e-12,8.72531649e-13)
-1.61322645e+00 (4.65784707e-03,8.16943893e-03) (8.84270194e-03,-6.72545814e-03) (-1.47071455e-13,1.29372996e-12)
-1.59318637e+00 (4.60049476e-03,8.23259527e-03) (8.95281977e-03,-6.78763527e-03) (8.32927217e-13,6.64855996e-13)
-1.57314629e+00 (4.53643020e-03,8.29451645e-03) (9.06377765e-03,-6.84899848e-03) (5.32709264e-13,-5.25855766e-13)
-1.55310621e+00 (4.46528435e-03,8.35510022e-03) (9.17555829e-03,-6.90945524e-03) (-7.43346322e-13,-5.08344836e-13)
-1.53306613e+00 (4.38667225e-03,8.41424115e-03) (9.28814306e-03,-6.96890792e-03) (-1.19559311e-12,9.48823478e-13)
-1.51302605e+00 (4.30019251e-03,8.47183072e-03) (9.40151186e-03,-7.02725365e-03) (2.84544047e-13,2.16172897e-12)
-1.49298597e+00 (4.20542693e-03,8.52775748e-03) (9.51564313e-03,-7.08438404e-03) (2.24868166e-12,1.30110462e-12)
-1.47294589e+00 (4.10193994e-03,8.58190721e-03) (9.63051377e-03,-7.14018496e-03) (2.61393951e-12,-8.65667596e-13)
-1.45290581e+00 (3.98927820e-03,8.63416314e-03) (9.74609915e-03,-7.19453633e-03) (9.72510482e-13,-2.38464071e-12)
-1.43286573e+00 (3.86697013e-03,8.68440617e-03) (9.86237306e-03,-7.24731187e-03) (-1.14899928e-12,-1.61446911e-12)
-1.41282565e+00 (3.73452549e-03,8.73251521e-03) (9.97930765e-03,-7.29837881e-03) (-1.34052841e-12,6.91041557e-13)
-1.39278557e+00 (3.59143491e-03,8.77836751e-03) (1.00968735e-02,-7.34759772e-03) (6.22062760e-13,2.03433502e-12)
-1.37274549e+00 (3.43716952e-03,8.82183911e-03) (1.02150394e-02,-7.39482216e-03) (2.64278279e-12,1.39133776e-12)
-1.35270541e+00 (3.27118049e-03,8.86280523e-03) (1.03337726e-02,-7.43989846e-03) (3.24853669e-12,3.15192391e-13)
-1.33266533e+00 (3.09289871e-03,8.90114094e-03) (1.04530385e-02,-7.48266548e-03) (3.33494327e-12,5.32912327e-13)
-1.31262525e+00 (2.90173436e-03,8.93672169e-03) (1.05728012e-02,-7.52295426e-03) (4.55561180e-12,2.15567585e-12)
-1.29258517e+00 (2.69707663e-03,8.96942409e-03) (1.06930227e-02,-7.56058781e-03) (8.00060673e-12,4.34778080e-12)
-1.27254509e+00 (2.47829330e-03,8.99912671e-03) (1.08136635e-02,-7.59538077e-03) (1.37666500e-11,5.91868010e-12)
-1.25250501e+00 (2.24473049e-03,9.02571102e-03) (1.09346826e-02,-7.62713917e-03) (2.07965294e-11,7.16339965e-12)
-1.23246493e+00 (1.99571236e-03,9.04906243e-03) (1.10560373e-02,-7.65566010e-03) (3.01977334e-11,1.05192106e-11)
-1.21242485e+00 (1.73054084e-03,9.06907153e-03) (1.11776834e-02,-7.68073145e-03) (4.54816253e-11,1.64382059e-11)
-1.19238477e+00 (1.44849533e-03,9.08563537e-03) (1.12995755e-02,-7.70213154e-03) (6.85685969e-11,2.50930961e-11)
-1.17234469e+00 (1.14883254e-03,9.09865902e-03) (1.14216664e-02,-7.71962892e-03) (1.04129623e-10,3.97182052e-11)
-1.15230461e+00 (8.30786206e-04,9.10805730e-03) (1.15439082e-02,-7.73298195e-03) (1.61117988e-10,6.08479875e-11)
-1.13226453e+00 (4.93566905e-04,9.11375665e-03) (1.16662515e-02,-7.74193860e-03) (2.46457335e-10,8.91739590e-11)
-1.11222445e+00 (1.36361840e-04,9.11569732e-03) (1.17886464e-02,-7.74623606e-03) (3.72721925e-10,1.33995253e-10)
-1.09218437e+00 (-2.41665368e-04,9.11383584e-03) (1.19110418e-02,-7.74560043e-03) (5.67773154e-10,2.05204866e-10)
-1.07214429e+00 (-6.41374894e-04,9.10814772e-03) (1.20333866e-02,-7.73974644e-03) (8.67881379e-10,3.10223712e-10)
-1.05210421e+00 (-1.06365095e-03,9.09863058e-03) (1.21556293e-02,-7.72837713e-03) (1.32345381e-09,4.68231004e-10)
-1.03206413e+00 (-1.50940203e-03,9.08530760e-03) (1.22777186e-02,-7.71118347e-03) (2.02100185e-09,7.09640511e-10)
-1.01202405e+00 (-1.97956123e-03,9.06823155e-03) (1.23996035e-02,-7.68784409e-03) (3.08973399e-09,1.07037374e-09)
-9.91983968e-01 (-2.47508661e-03,9.04748917e-03) (1.25212342e-02,-7.65802492e-03) (4.71851087e-09,1.61385992e-09)
-9.71943888e-01 (-2.99696161e-03,9.02320634e-03) (1.26425622e-02,-7.62137884e-03) (7.21329441e-09,2.44091770e-09)
-9.51903808e-01 (-3.54619556e-03,8.99555381e-03) (1.27635408e-02,-7.57754538e-03) (1.10413321e-08,3.68242425e-09)
-9.31863727e-01 (-4.12382429e-03,8.96475385e-03) (1.28841261e-02,-7.52615034e-03) (1.69004145e-08,5.54680620e-09)
-9.11823647e-01 (-4.73091093e-03,8.93108779e-03) (1.30042777e-02,-7.46680541e-03) (2.58834205e-08,8.35976427e-09)
-8.91783567e-01 (-5.36854668e-03,8.89490480e-03) (1.31239590e-02,-7.39910784e-03) (3.96770453e-08,1.25881175e-08)
-8.71743487e-01 (-6.03785190e-03,8.85663193e-03) (1.32431388e-02,-7.32264003e-03) (6.08648911e-08,1.89297184e-08)
-8.51703407e-01 (-6.73997722e-03,8.81678582e-03) (1.33617924e-02,-7.23696914e-03) (9.34333528e-08,2.84319791e-08)
-8.31663327e-01 (-7.47610490e-03,8.77598635e-03) (1.34799022e-02,-7.14164666e-03) (1.43547489e-07,4.26517660e-08)
-8.11623246e-01 (-8.24745017e-03,8.73497263e-03) (1.35974601e-02,-7.03620800e-03) (2.20747209e-07,6.38759354e-08)
-7.91583166e-01 (-9.05526288e-03,8.69462187e-03) (1.37144686e-02,-6.92017204e-03) (3.39789285e-07,9.54570771e-08)
-7.71543086e-01 (-9.90082908e-03,8.65597190e-03) (1.38309430e-02,-6.79304062e-03) (5.23555013e-07,1.42297767e-07)
-7.51503006e-01 (-1.07854727e-02,8.62024825e-03) (1.39469135e-02,-6.65429807e-03) (8.07590627e-07,2.11480700e-07)
-7.31462926e-01 (-1.17105567e-02,8.58889736e-03) (1.40624286e-02,-6.50341069e-03) (1.24718775e-06,3.13110094e-07)
-7.11422846e-01 (-1.26774841e-02,8.56362779e-03) (1.41775573e-02,-6.33982621e-03) (1.92849482e-06,4.61376097e-07)
-6.91382766e-01 (-1.36876954e-02,8.54646236e-03) (1.42923937e-02,-6.16297325e-03) (2.98598991e-06,6.75745533e-07)
-6.71342685e-01 (-1.47426630e-02,8.53980473e-03) (1.44070615e-02,-5.97226084e-03) (4.62998883e-06,9.82004662e-07)
-6.51302605e-01 (-1.58438743e-02,8.54652470e-03) (1.45217192e-02,-5.76707809e-03) (7.19006362e-06,1.41239536e-06)
-6.31262525e-01 (-1.69927980e-02,8.57006631e-03) (1.46365674e-02,-5.54679408e-03) (1.11836550e-05,2.00317146e-06)
-6.11222445e-01 (-1.81908203e-02,8.61458149e-03) (1.47518572e-02,-5.31075846e-03) (1.74247639e-05,2.78586707e-06)
-5.91182365e-01 (-1.94391341e-02,8.68508823e-03) (1.48679008e-02,-5.05830311e-03) (2.71962123e-05,3.76446668e-06)
-5.71142285e-01 (-2.07385590e-02,8.78764514e-03) (1.49850840e-02,-4.78874564e-03) (4.25227168e-05,4.86246662e-06)
-5.51102204e-01 (-2.20892694e-02,8.92952414e-03) (1.51038817e-02,-4.50139592e-03) (6.66028599e-05,5.80704223e-06)
-5.31062124e-01 (-2.34904072e-02,9.11934875e-03) (1.52248749e-02,-4.19556687e-03) (1.04488473e-04,5.88404633e-06)
-5.11022044e-01 (-2.49395666e-02,9.36715036e-03) (1.53487700e-02,-3.87059139e-03) (1.64138945e-04,3.43132837e-06)
-4.90981964e-01 (-2.64321532e-02,9.68428109e-03) (1.54764176e-02,-3.52584704e-03) (2.58014009e-04,-5.18683974e-06)
-4.70941884e-01 (-2.79606460e-02,1.00831141e-02) (1.56088288e-02,-3.16079008e-03) (4.05362926e-04,-2.75974300e-05)
-4.50901804e-01 (-2.95138218e-02,1.05764652e-02) (1.57471866e-02,-2.77500003e-03) (6.35234052e-04,-7.92251576e-05)
-4.30861723e-01 (-3.10760323e-02,1.11766888e-02) (1.58928461e-02,-2.36823455e-03) (9.89829032e-04,-1.90058318e-04)
-4.10821643e-01 (-3.26266494e-02,1.18944313e-02) (1.60473221e-02,-1.94049336e-03) (1.52703303e-03,-4.15757993e-04)
-3.90781563e-01 (-3.41398056e-02,1.27370776e-02) (1.62122557e-02,-1.49208805e-03) (2.31982198e-03,-8.54156611e-04)
-3.70741483e-01 (-3.55845436e-02,1.37069745e-02) (1.63893599e-02,-1.02371301e-03) (3.44924529e-03,-1.66690246e-03)
-3.50701403e-01 (-3.69254554e-02,1.47995754e-02) (1.65803388e-02,-5.36511130e-04) (4.98772644e-03,-3.10380331e-03)
-3.30661323e-01 (-3.81238222e-02,1.60016911e-02) (1.67867833e-02,-3.21276299e-05) (6.97141457e-03,-5.52527378e-03)
-3.10621242e-01 (-3.91391758e-02,1.72900574e-02) (1.70100435e-02,4.87254837e-04) (9.36412881e-03,-9.41801338e-03)
-2.90581162e-01 (-3.99310820e-02,1.86304174e-02) (1.72510855e-02,1.01890435e-03) (1.20191078e-02,-1.54020996e-02)
-2.70541082e-01 (-4.04608221e-02,1.99772454e-02) (1.75103393e-02,1.55955243e-03) (1.46451094e-02,-2.42332894e-02)
-2.50501002e-01 (-4.06925553e-02,2.12741068e-02) (1.77875486e-02,2.10542742e-03) (1.67783099e-02,-3.68084919e-02)
-2.30460922e-01 (-4.05935466e-02,2.24544480e-02) (1.80816279e-02,2.65229840e-03) (1.77525579e-02,-5.41793218e-02)
-2.10420842e-01 (-4.01332319e-02,2.34424085e-02) (1.83905337e-02,3.19551465e-03) (1.66536013e-02,-7.75639539e-02)
-1.90380762e-01 (-3.92813304e-02,2.41531524e-02) (1.87111435e-02,3.73002447e-03) (1.22454259e-02,-1.08320323e-01)
-1.70340681e-01 (-3.80059399e-02,2.44923930e-02) (1.90391354e-02,4.25036400e-03) (2.87528571e-03,-1.47806929e-01)
-1.50300601e-01 (-3.62734270e-02,2.43554336e-02) (1.93688551e-02,4.75062486e-03) (-1.35967882e-02,-1.97019580e-01)
-1.30260521e-01 (-3.40526091e-02,2.36272253e-02) (1.96931691e-02,5.22444000e-03) (-3.97361863e-02,-2.55879037e-01)
-1.10220441e-01 (-3.13255578e-02,2.21864225e-02) (2.00033337e-02,5.66506366e-03) (-7.81598049e-02,-3.22120709e-01)
-9.01803607e-02 (-2.81055316e-02,1.99173718e-02) (2.02889568e-02,6.06564736e-03) (-1.30646697e-01,-3.90009517e-01)
-7.01402806e-02 (-2.44586322e-02,1.67330139e-02) (2.05381890e-02,6.41980138e-03) (-1.96681491e-01,-4.49617613e-01)
-5.01002004e-02 (-2.05207278e-02,1.26074757e-02) (2.07383003e-02,6.72245232e-03) (-2.71823289e-01,-4.87886094e-01)
-3.00601202e-02 (-1.64980465e-02,7.60995976e-03) (2.08767464e-02,6.97085900e-03) (-3.46901979e-01,-4.92379393e-01)
-1.00200401e-02 (-1.26428507e-02,1.92487376e-03) (2.09426559e-02,7.16548603e-03) (-4.09262502e-01,-4.56874907e-01)
1.00200401e-02 (-9.20638973e-03,-4.15707580e-03) (2.09284364e-02,7.31036642e-03) (-4.46456861e-01,-3.85594479e-01)
3.00601202e-02 (-6.38500113e-03,-1.02819929e-02) (2.08310230e-02,7.41271173e-03) (-4.51019331e-01,-2.92612292e-01)
5.01002004e-02 (-4.28172947e-03,-1.60984718e-02) (2.06523268e-02,7.48182737e-03) (-4.23577406e-01,-1.96165983e-01)
7.01402806e-02 (-2.89864634e-03,-2.13216024e-02) (2.03987194e-02,7.52769204e-03) (-3.72210969e-01,-1.11561235e-01)
9.01803607e-02 (-2.15868252e-03,-2.57721067e-02) (2.00797627e-02,7.55966677e-03) (-3.08586929e-01,-4.69844632e-02)
1.10220441e-01 (-1.94224242e-03,-2.93812554e-02) (1.97066427e-02,7.58566067e-03) (-2.43537282e-01,-3.57750302e-03)
1.30260521e-01 (-2.12140175e-03,-3.21684863e-02) (1.92907671e-02,7.61182318e-03) (-1.84437249e-01,2.19178722e-02)
1.50300601e-01 (-2.58146121e-03,-3.42072867e-02) (1.88427996e-02,7.64262817e-03) (-1.34846779e-01,3.42967715e-02)
1.70340681e-01 (-3.22875530e-03,-3.55936317e-02) (1.83721746e-02,7.68114498e-03) (-9.54896914e-02,3.80597624e-02)
1.90380762e-01 (-3.98926145e-03,-3.64245450e-02) (1.78869787e-02,7.72933222e-03) (-6.55036575e-02,3.66855797e-02)
2.10420842e-01 (-4.80362859e-03,-3.67876437e-02) (1.73940405e-02,7.78827144e-03) (-4.33933961e-02,3.25828017e-02)
2.30460922e-01 (-5.62255526e-03,-3.67587119e-02) (1.68990940e-02,7.85832745e-03) (-2.75777610e-02,2.73116075e-02)
2.50501002e-01 (-6.40415163e-03,-3.64034391e-02) (1.64069328e-02,7.93925790e-03) (-1.66302538e-02,2.18402264e-02)
2.70541082e-01 (-7.11324804e-03,-3.57802824e-02) (1.59215267e-02,8.03030267e-03) (-9.34639760e-03,1.67446007e-02)
2.90581162e-01 (-7.72184753e-03,-3.49427364e-02) (1.54460996e-02,8.13027498e-03) (-4.73749189e-03,1.23385758e-02)
3.10621242e-01 (-8.20983944e-03,-3.39404362e-02) (1.49831847e-02,8.23766290e-03) (-2.00633176e-03,8.75354018e-03)
3.30661323e-01 (-8.56535542e-03,-3.28192107e-02) (1.45346731e-02,8.35073960e-03) (-5.26341124e-04,5.99160549e-03)
3.50701403e-01 (-8.78449215e-03,-3.16205059e-02) (1.41018672e-02,8.46767445e-03) (1.74505792e-04,3.96895725e-03)
3.70741483e-01 (-8.87040236e-03,-3.03806163e-02) (1.36855453e-02,8.58663579e-03) (4.30748192e-04,2.55528452e-03)
3.90781563e-01 (-8.83191975e-03,-2.91300571e-02) (1.32860350e-02,8.70587764e-03) (4.61635497e-04,1.60754281e-03)
4.10821643e-01 (-8.68194479e-03,-2.78932654e-02) (1.29032952e-02,8.82380558e-03) (3.97825889e-04,9.94183649e-04)
4.30861723e-01 (-8.43581080e-03,-2.66886897e-02) (1.25369975e-02,8.93902005e-03) (3.08583577e-04,6.08106082e-04)
4.50901804e-01 (-8.10980435e-03,-2.55292358e-02) (1.21866050e-02,9.05033837e-03) (2.25193115e-04,3.69859804e-04)
4.70941884e-01 (-7.71995609e-03,-2.44229829e-02) (1.18514428e-02,9.15679836e-03) (1.58215255e-04,2.24628913e-04)
4.90981964e-01 (-7.28115804e-03,-2.33740583e-02) (1.15307573e-02,9.25764781e-03) (1.08490164e-04,1.36617142e-04)
5.11022044e-01 (-6.80661215e-03,-2.23835594e-02) (1.12237627e-02,9.35232445e-03) (7.32304491e-05,8.33443356e-05)
5.31062124e-01 (-6.30757384e-03,-2.14504282e-02) (1.09296758e-02,9.44043058e-03) (4.89223350e-05,5.10412985e-05)
5.51102204e-01 (-5.79332950e-03,-2.05722117e-02) (1.06477392e-02,9.52170619e-03) (3.24594154e-05,3.13874776e-05)
5.71142285e-01 (-5.27133584e-03,-1.97456717e-02) (1.03772356e-02,9.59600296e-03) (2.14370195e-05,1.93809598e-05)
5.91182365e-01 (-4.74745231e-03,-1.89672353e-02) (1.01174947e-02,9.66326110e-03) (1.41130348e-05,1.20148602e-05)
6.11222445e-01 (-4.22620939e-03,-1.82333012e-02) (9.86789502e-03,9.72348965e-03) (9.27137553e-06,7.47660352e-06)
6.31262525e-01 (-3.71107173e-03,-1.75404247e-02) (9.62786296e-03,9.77675049e-03) (6.08188622e-06,4.66918625e-06)
6.51302605e-01 (-3.20467166e-03,-1.68854143e-02) (9.39686959e-03,9.82314569e-03) (3.98581405e-06,2.92574302e-06)
6.71342685e-01 (-2.70900231e-03,-1.62653673e-02) (9.17442698e-03,9.86280781e-03) (2.61056219e-06,1.83906654e-06)
6.91382766e-01 (-2.22556909e-03,-1.56776689e-02) (8.96008418e-03,9.89589244e-03) (1.70922948e-06,1.15940809e-06)
7.11422846e-01 (-1.75550427e-03,-1.51199716e-02) (8.75342345e-03,9.92257259e-03) (1.11891385e-06,7.32940114e-07)
7.31462926e-01 (-1.29965158e-03,-1.45901671e-02) (8.55405689e-03,9.94303424e-03) (7.32455885e-07,4.64530760e-07)
7.51503006e-01 (-8.58628177e-04,-1.40863575e-02) (8.36162337e-03,9.95747305e-03) (4.79509654e-07,2.95120870e-07)
7.71543086e-01 (-4.32870220e-04,-1.36068274e-02) (8.17578596e-03,9.96609159e-03) (3.13960444e-07,1.87912441e-07)
7.91583166e-01 (-2.26669442e-05,-1.31500214e-02) (7.99622961e-03,9.96909722e-03) (2.05606116e-07,1.19899374e-07)
8.11623246e-01 (3.71813250e-04,-1.27145231e-02) (7.82265914e-03,9.96670028e-03) (1.34677757e-07,7.66521476e-08)
8.31663327e-01 (7.50502293e-04,-1.22990388e-02) (7.65479752e-03,9.95911266e-03) (8.82398493e-08,4.90933204e-08)
8.51703407e-01 (1.11341595e-03,-1.19023828e-02) (7.49238435e-03,9.94654651e-03) (5.78294762e-08,3.14963239e-08)
8.71743487e-01 (1.46064033e-03,-1.15234653e-02) (7.33517442e-03,9.92921331e-03) (3.79099448e-08,2.02390074e-08)
8.91783567e-01 (1.79232060e-03,-1.11612817e-02) (7.18293658e-03,9.90732291e-03) (2.48586826e-08,1.30246610e-08)
9.11823647e-01 (2.10865161e-03,-1.08149038e-02) (7.03545263e-03,9.88108286e-03) (1.63051284e-08,8.39364778e-09)
9.31863727e-01 (2.40986984e-03,-1.04834715e-02) (6.89251632e-03,9.85069779e-03) (1.06976998e-08,5.41632026e-09)
9.51903808e-01 (2.69624664e-03,-1.01661863e-02) (6.75393255e-03,9.81636892e-03) (7.02060771e-09,3.49938838e-09)
9.71943888e-01 (2.96808237e-03,-9.86230494e-03) (6.61951653e-03,9.77829357e-03) (4.60865845e-09,2.26350567e-09)
9.91983968e-01 (3.22570131e-03,-9.57113410e-03) (6.48909310e-03,9.73666490e-03) (3.02612465e-09,1.46569097e-09)
1.01202405e+00 (3.46944736e-03,-9.29202598e-03) (6.36249609e-03,9.69167154e-03) (1.98750496e-09,9.50050108e-10)
1.03206413e+00 (3.69968017e-03,-9.02437408e-03) (6.23956775e-03,9.64349738e-03) (1.30567520e-09,6.16407115e-10)
1.05210421e+00 (3.91677180e-03,-8.76760955e-03) (6.12015819e-03,9.59232141e-03) (8.57953912e-10,4.00296245e-10)
1.07214429e+00 (4.12110384e-03,-8.52119807e-03) (6.00412493e-03,9.53831753e-03) (5.63885426e-10,2.60174894e-10)
1.09218437e+00 (4.31306474e-03,-8.28463696e-03) (5.89133243e-03,9.48165449e-03) (3.70691038e-10,1.69238031e-10)
1.11222445e+00 (4.49304759e-03,-8.05745270e-03) (5.78165171e-03,9.42249575e-03) (2.43738406e-10,1.10169074e-10)
1.13226453e+00 (4.66144810e-03,-7.83919867e-03) (5.67495995e-03,9.36099950e-03) (1.60296018e-10,7.17681737e-11)
1.15230461e+00 (4.81866281e-03,-7.62945312e-03) (5.57114017e-03,9.29731859e-03) (1.05439831e-10,4.67839720e-11)
1.17234469e+00 (4.96508753e-03,-7.42781741e-03) (5.47008085e-03,9.23160054e-03) (6.93692025e-11,3.05168636e-11)
1.19238477e+00 (5.10111595e-03,-7.23391435e-03) (5.37167573e-03,9.16398758e-03) (4.56462472e-11,1.99179507e-11)
1.21242485e+00 (5.22713843e-03,-7.04738674e-03) (5.27582343e-03,9.09461667e-03) (3.00411073e-11,1.30075656e-11)
1.23246493e+00 (5.34354096e-03,-6.86789608e-03) (5.18242727e-03,9.02361954e-03) (1.97741099e-11,8.49928629e-12)
1.25250501e+00 (5.45070419e-03,-6.69512131e-03) (5.09139496e-03,8.95112278e-03) (1.30180451e-11,5.55638916e-12)
1.27254509e+00 (5.54900267e-03,-6.52875775e-03) (5.00263844e-03,8.87724792e-03) (8.57152793e-12,3.63422884e-12)
1.29258517e+00 (5.63880412e-03,-6.36851612e-03) (4.91607361e-03,8.80211149e-03) (5.64457605e-12,2.37810455e-12)
1.31262525e+00 (5.72046886e-03,-6.21412155e-03) (4.83162017e-03,8.72582513e-03) (3.71758707e-12,1.55681084e-12)
1.33266533e+00 (5.79434933e-03,-6.06531282e-03) (4.74920141e-03,8.64849569e-03) (2.44876482e-12,1.01957787e-12)
1.35270541e+00 (5.86078963e-03,-5.92184151e-03) (4.66874404e-03,8.57022536e-03) (1.61321123e-12,6.68015766e-13)
1.37274549e+00 (5.92012521e-03,-5.78347136e-03) (4.59017801e-03,8.49111176e-03) (1.06285781e-12,4.37819492e-13)
1.39278557e+00 (5.97268259e-03,-5.64997752e-03) (4.51343639e-03,8.41124805e-03) (7.00314169e-13,2.87030957e-13)
1.41282565e+00 (6.01877915e-03,-5.52114600e-03) (4.43845517e-03,8.33072309e-03) (4.61517477e-13,1.88267858e-13)
1.43286573e+00 (6.05872300e-03,-5.39677307e-03) (4.36517315e-03,8.24962152e-03) (3.04168544e-13,1.23516297e-13)
1.45290581e+00 (6.09281283e-03,-5.27666470e-03) (4.29353180e-03,8.16802392e-03) (2.00477964e-13,8.10531666e-14)
1.47294589e+00 (6.12133789e-03,-5.16063611e-03) (4.22347514e-03,8.08600691e-03) (1.32162782e-13,5.32147694e-14)
1.49298597e+00 (6.14457795e-03,-5.04851126e-03) (4.15494959e-03,8.00364330e-03) (8.71408804e-14,3.49492403e-14)
1.51302605e+00 (6.16280337e-03,-4.94012241e-03) (4.08790389e-03,7.92100221e-03) (5.74638984e-14,2.29647094e-14)
1.53306613e+00 (6.17627507e-03,-4.83530975e-03) (4.02228899e-03,7.83814918e-03) (3.78676560e-14,1.50678560e-14)
1.55310621e+00 (6.18524468e-03,-4.73392095e-03) (3.95805790e-03,7.75514632e-03) (2.49857828e-14,9.91321922e-15)
1.57314629e+00 (6.18995460e-03,-4.63581082e-03) (3.89516566e-03,7.67205243e-03) (1.64948110e-14,6.52939164e-15)
1.59318637e+00 (6.19063819e-03,-4.54084096e-03) (3.83356919e-03,7.58892309e-03) (1.08558438e-14,4.27501006e-15)
1.61322645e+00 (6.18751982e-03,-4.44887944e-03) (3.77322724e-03,7.50581084e-03) (7.15343228e-15,2.81227893e-15)
1.63326653e+00 (6.18081514e-03,-4.35980047e-03) (3.71410029e-03,7.42276525e-03) (4.70016933e-15,1.83882181e-15)
1.65330661e+00 (6.17073118e-03,-4.27348412e-03) (3.65615044e-03,7.33983304e-03) (3.09292887e-15,1.20182790e-15)
1.67334669e+00 (6.15746656e-03,-4.18981604e-03) (3.59934139e-03,7.25705824e-03) (2.07669362e-15,8.18921071e-16)
1.69338677e+00 (6.14121173e-03,-4.10868717e-03) (3.54363834e-03,7.17448224e-03) (1.35714195e-15,5.27033975e-16)
1.71342685e+00 (6.12214912e-03,-4.02999352e-03) (3.48900791e-03,7.09214394e-03) (8.79775200e-16,3.36635914e-16)
1.73346693e+00 (6.10045338e-03,-3.95363593e-03) (3.43541808e-03,7.01007984e-03) (5.89001833e-16,2.28140765e-16)
1.75350701e+00 (6.07629159e-03,-3.87951979e-03) (3.38283813e-03,6.92832415e-03) (3.99695380e-16,1.56562982e-16)
1.77354709e+00 (6.04982352e-03,-3.80755491e-03) (3.33123859e-03,6.84690888e-03) (2.64236812e-16,1.01776029e-16)
1.79358717e+00 (6.02120179e-03,-3.73765523e-03) (3.28059116e-03,6.76586395e-03) (1.75132976e-16,6.60627693e-17)
1.81362725e+00 (5.99057216e-03,-3.66973866e-03) (3.23086869e-03,6.68521729e-03) (1.25835739e-16,5.04775692e-17)
1.83366733e+00 (5.95807369e-03,-3.60372692e-03) (3.18204508e-03,6.60499488e-03) (8.25647047e-17,3.33975875e-17)
1.85370741e+00 (5.92383904e-03,-3.53954530e-03) (3.13409526e-03,6.52522092e-03) (4.09251109e-17,1.52861529e-17)
1.87374749e+00 (5.88799461e-03,-3.47712254e-03) (3.08699516e-03,6.44591784e-03) (8.92835469e-18,-4.29204991e-18)
1.89378758e+00 (5.85066086e-03,-3.41639064e-03) (3.04072163e-03,6.36710644e-03) (3.50414883e-17,1.77889012e-17)
1.91382766e+00 (5.81195242e-03,-3.35728474e-03) (2.99525241e-03,6.28880591e-03) (3.45966257e-17,1.80316971e-17)
1.93386774e+00 (5.77197840e-03,-3.29974292e-03) (2.95056609e-03,6.21103397e-03) (4.31132536e-18,-1.78222396e-18)
1.95390782e+00 (5.73084254e-03,-3.24370611e-03) (2.90664208e-03,6.13380689e-03) (7.15816722e-20,-5.37612920e-19)
1.97394790e+00 (5.68864344e-03,-3.18911792e-03) (2.86346055e-03,6.05713960e-03) (-5.00217556e-20,-3.34067315e-20)
1.99398798e+00 (5.64547476e-03,-3.13592453e-03) (2.82100244e-03,5.98104572e-03) (-5.49715764e-21,3.39330147e-21)
2.01402806e+00 (5.60142544e-03,-3.08407459e-03) (2.77924935e-03,5.90553767e-03) (8.83584198e-23,6.68598102e-22)
2.03406814e+00 (5.55657985e-03,-3.03351905e-03) (2.73818360e-03,5.83062668e-03) (7.15869462e-23,1.60995468e-23)
2.05410822e+00 (5.51101802e-03,-2.98421110e-03) (2.69778812e-03,5.75632290e-03) (4.01194332e-24,-4.53875871e-24)
2.07414830e+00 (5.46481577e-03,-2.93610603e-03) (2.65804647e-03,5.68263542e-03) (-3.46022763e-24,-2.05592154e-24)
2.09418838e+00 (5.41804497e-03,-2.88916115e-03) (2.61894279e-03,5.60957234e-03) (-1.48480883e-24,-3.27531671e-25)
2.11422846e+00 (5.37077363e-03,-2.84333570e-03) (2.58046178e-03,5.53714082e-03) (-1.09842178e-24,1.93393368e-24)
2.13426854e+00 (5.32306612e-03,-2.79859073e-03) (2.54258868e-03,5.46534715e-03) (-8.69574436e-25,1.74660308e-24)
2.15430862e+00 (5.27498330e-03,-2.75488904e-03) (2.50530924e-03,5.39419676e-03) (5.63090833e-25,1.29930963e-24)
2.17434870e+00 (5.22658270e-03,-2.71219508e-03) (2.46860970e-03,5.32369429e-03) (1.59136782e-24,1.05201190e-24)
2.19438878e+00 (5.17791864e-03,-2.67047491e-03) (2.43247675e-03,5.25384364e-03) (1.65839303e-24,2.65367101e-25)
2.21442886e+00 (5.12904243e-03,-2.62969605e-03) (2.39689755e-03,5.18464798e-03) (1.40398802e-24,-6.39859935e-25)
2.23446894e+00 (5.08000244e-03,-2.58982748e-03) (2.36185966e-03,5.11610983e-03) (8.79277144e-25,-1.12013827e-24)
2.25450902e+00 (5.03084429e-03,-2.55083954e-03) (2.32735108e-03,5.04823108e-03) (3.21350790e-25,-1.23281898e-24)
2.27454910e+00 (4.98161095e-03,-2.51270387e-03) (2.29336016e-03,4.98101301e-03) (-1.58144295e-25,-1.04817755e-24)
2.29458918e+00 (4.93234289e-03,-2.47539333e-03) (2.25987566e-03,4.91445636e-03) (-4.04193352e-25,-7.90592805e-25)
2.31462926e+00 (4.88307816e-03,-2.43888200e-03) (2.22688667e-03,4.84856132e-03) (-5.33645064e-25,-4.87669058e-25)
2.33466934e+00 (4.83385256e-03,-2.40314503e-03) (2.19438264e-03,4.78332761e-03) (-4.89436690e-25,-2.73920643e-25)
2.35470942e+00 (4.78469968e-03,-2.36815869e-03) (2.16235332e-03,4.71875446e-03) (-4.24087992e-25,-4.86726796e-26)
2.37474950e+00 (4.73565109e-03,-2.33390023e-03) (2.13078880e-03,4.65484068e-03) (-2.58410149e-25,5.77259170e-26)
2.39478958e+00 (4.68673638e-03,-2.30034789e-03) (2.09967945e-03,4.59158467e-03) (-8.34070291e-26,1.52232991e-25)
2.41482966e+00 (4.63798325e-03,-2.26748083e-03) (2.06901593e-03,4.52898443e-03) (1.22308372e-25,8.70202670e-26)
2.43486974e+00 (4.58941766e-03,-2.23527910e-03) (2.03878918e-03,4.46703763e-03) (3.01143871e-25,-1.41767219e-26)
2.45490982e+00 (4.54106389e-03,-2.20372357e-03) (2.00899040e-03,4.40574156e-03) (3.75855420e-25,-2.47121816e-25)
2.47494990e+00 (4.49294459e-03,-2.17279592e-03) (1.97961103e-03,4.34509322e-03) (3.93185663e-25,-4.75833779e-25)
2.49498998e+00 (4.44508092e-03,-2.14247859e-03) (1.95064277e-03,4.28508934e-03) (2.20983996e-25,-6.84075390e-25)
2.51503006e+00 (4.39749260e-03,-2.11275475e-03) (1.92207754e-03,4.22572632e-03) (3.54338201e-26,-8.61782776e-25)
2.53507014e+00 (4.35019798e-03,-2.08360825e-03) (1.89390747e-03,4.16700036e-03) (-2.68925678e-25,-8.22802424e-25)
2.55511022e+00 (4.30321411e-03,-2.05502361e-03) (1.86612493e-03,4.10890738e-03) (-5.16053611e-25,-8.21653684e-25)
2.57515030e+00 (4.25655682e-03,-2.02698598e-03) (1.83872247e-03,4.05144310e-03) (-6.85273355e-25,-5.04423115e-25)
2.59519038e+00 (4.21024080e-03,-1.99948109e-03) (1.81169284e-03,3.99460305e-03) (-8.53655817e-25,-3.77338453e-25)
2.61523046e+00 (4.16427961e-03,-1.97249527e-03) (1.78502899e-03,3.93838253e-03) (-7.10508326e-25,-2.31654546e-26)
2.63527054e+00 (4.11868578e-03,-1.94601536e-03) (1.75872403e-03,3.88277670e-03) (-7.84412722e-25,1.28629321e-25)
2.65531062e+00 (4.07347087e-03,-1.92002874e-03) (1.73277126e-03,3.82778055e-03) (-4.30225623e-25,2.50150124e-25)
2.67535070e+00 (4.02864549e-03,-1.89452328e-03) (1.70716414e-03,3.77338891e-03) (-4.41907349e-25,4.26132809e-25)
2.69539078e+00 (3.98421939e-03,-1.86948733e-03) (1.68189629e-03,3.71959648e-03) (-1.54776517e-25,2.33170397e-25)
2.71543086e+00 (3.94020146e-03,-1.84490968e-03) (1.65696148e-03,3.66639784e-03) (-5.76704424e-26,4.35930550e-25)
2.73547094e+00 (3.89659984e-03,-1.82077954e-03) (1.63235363e-03,3.61378746e-03) (-6.47259177e-26,1.24285114e-25)
2.75551102e+00 (3.85342191e-03,-1.79708655e-03) (1.60806680e-03,3.56175969e-03) (1.97011138e-25,2.29055256e-25)
2.77555110e+00 (3.81067434e-03,-1.77382072e-03) (1.58409519e-03,3.51030880e-03) (-6.47143642e-26,9.86820439e-26)
2.79559118e+00 (3.76836315e-03,-1.75097246e-03) (1.56043313e-03,3.45942896e-03) (2.22817354e-25,-4.32946642e-26)
2.81563126e+00 (3.72649376e-03,-1.72853251e-03) (1.53707509e-03,3.40911428e-03) (9.70282649e-27,1.35803265e-25)
2.83567134e+00 (3.68507097e-03,-1.70649197e-03) (1.51401563e-03,3.35935878e-03) (5.47125442e-26,-1.92472242e-25)
2.85571142e+00 (3.64409905e-03,-1.68484224e-03) (1.49124945e-03,3.31015646e-03) (1.50307183e-25,5.49553094e-26)
2.87575150e+00 (3.60358173e-03,-1.66357506e-03) (1.46877137e-03,3.26150121e-03) (-1.05176437e-25,-1.21932731e-25)
2.89579158e+00 (3.56352228e-03,-1.64268245e-03) (1.44657629e-03,3.21338693e-03) (1.47047871e-25,-1.53011056e-25)
2.91583166e+00 (3.52392348e-03,-1.62215670e-03) (1.42465925e-03,3.16580743e-03) (-7.62172914e-26,1.90919292e-26)
2.93587174e+00 (3.48478770e-03,-1.60199040e-03) (1.40301537e-03,3.11875652e-03) (-6.92876075e-26,-2.50188754e-25)
2.95591182e+00 (3.44611690e-03,-1.58217638e-03) (1.38163987e-03,3.07222796e-03) (5.46868854e-26,-1.13602112e-26)
2.97595190e+00 (3.40791265e-03,-1.56270772e-03) (1.36052807e-03,3.02621550e-03) (-2.38503634e-25,-7.34107442e-26)
2.99599198e+00 (3.37017617e-03,-1.54357774e-03) (1.33967538e-03,2.98071287e-03) (5.77963205e-27,-1.68297752e-25)
3.01603206e+00 (3.33290835e-03,-1.52477999e-03) (1.31907728e-03,2.93571378e-03) (-1.20033125e-25,1.12842494e-25)
3.03607214e+00 (3.29610977e-03,-1.50630823e-03) (1.29872938e-03,2.89121193e-03) (-1.96202999e-25,-1.25522474e-25)
3.05611222e+00 (3.25978070e-03,-1.48815642e-03) (1.27862732e-03,2.84720101e-03) (3.80763706e-26,3.63600635e-26)
3.07615230e+00 (3.22392115e-03,-1.47031874e-03) (1.25876686e-03,2.80367473e-03) (-1.98288268e-25,1.05269797e-25)
3.09619238e+00 (3.18853088e-03,-1.45278955e-03) (1.23914381e-03,2.76062678e-03) (-5.16990086e-26,-8.96179721e-26)
3.11623246e+00 (3.15360940e-03,-1.43556338e-03) (1.21975408e-03,2.71805085e-03) (2.24805836e-26,1.45602786e-25)
3.13627255e+00 (3.11915600e-03,-1.41863495e-03) (1.20059362e-03,2.67594067e-03) (-1.61506569e-25,4.12893029e-26)
3.15631263e+00 (3.08516978e-03,-1.40199914e-03) (1.18165847e-03,2.63428995e-03) (6.03891827e-26,-3.10915287e-26)
3.17635271e+00 (3.05164963e-03,-1.38565101e-03) (1.16294474e-03,2.59309243e-03) (-1.13637679e-26,1.62608144e-25)
3.19639279e+00 (3.01859428e-03,-1.36958575e-03) (1.14444860e-03,2.55234184e-03) (-7.71999133e-26,-3.01853411e-26)
3.21643287e+00 (2.98600227e-03,-1.35379870e-03) (1.12616629e-03,2.51203198e-03) (1.08734310e-25,2.78020879e-26)
3.23647295e+00 (2.95387201e-03,-1.33828536e-03) (1.10809409e-03,2.47215661e-03) (-3.75986534e-26,9.13689125e-26)
3.25651303e+00 (2.92220177e-03,-1.32304135e-03) (1.09022836e-03,2.43270956e-03) (1.29258066e-26,-6.27867971e-26)
3.27655311e+00 (2.89098968e-03,-1.30806243e-03) (1.07256552e-03,2.39368466e-03) (6.79808432e-26,4.12498435e-26)
3.29659319e+00 (2.86023376e-03,-1.29334448e-03) (1.05510204e-03,2.35507577e-03) (-3.63594274e-26,-9.54654306e-27)
3.31663327e+00 (2.82993192e-03,-1.27888352e-03) (1.03783443e-03,2.31687678e-03) (4.05495726e-26,-4.41792036e-26)
3.33667335e+00 (2.80008198e-03,-1.26467565e-03) (1.02075927e-03,2.27908161e-03) (-1.62261534e-26,1.48774820e-26)
3.35671343e+00 (2.77068164e-03,-1.25071712e-03) (1.00387320e-03,2.24168420e-03) (-2.24983434e-26,-6.25686609e-26)
3.37675351e+00 (2.74172856e-03,-1.23700427e-03) (9.87172882e-04,2.20467853e-03) (1.50389280e-26,1.44001944e-26)
3.39679359e+00 (2.71322030e-03,-1.22353355e-03) (9.70655048e-04,2.16805862e-03) (-9.32405176e-26,-1.99585222e-27)
3.41683367e+00 (2.68515436e-03,-1.21030150e-03) (9.54316470e-04,2.13181851e-03) (4.77234203e-27,-6.20051102e-26)
3.43687375e+00 (2.65752818e-03,-1.19730477e-03) (9.38153965e-04,2.09595227e-03) (-7.84448149e-27,9.40057869e-26)
3.45691383e+00 (2.63033915e-03,-1.18454009e-03) (9.22164398e-04,2.06045403e-03) (-1.31087053e-25,-4.48376334e-27)
3.47695391e+00 (2.60358461e-03,-1.17200430e-03) (9.06344672e-04,2.02531792e-03) (5.19321313e-26,-3.97563114e-26)
3.49699399e+00 (2.57726188e-03,-1.15969431e-03) (8.90691737e-04,1.99053813e-03) (-1.25758254e-27,1.54269428e-25)
3.51703407e+00 (2.55136821e-03,-1.14760713e-03) (8.75202581e-04,1.95610888e-03) (-1.30361231e-25,3.44557145e-27)
3.53707415e+00 (2.52590086e-03,-1.13573983e-03) (8.59874231e-04,1.92202443e-03) (8.90029119e-26,-4.04138219e-26)
3.55711423e+00 (2.50085704e-03,-1.12408957e-03) (8.44703756e-04,1.88827908e-03) (4.23109385e-26,1.69380293e-25)
3.57715431e+00 (2.47623395e-03,-1.11265359e-03) (8.29688259e-04,1.85486715e-03) (-1.12081336e-25,1.82829922e-26)
3.59719439e+00 (2.45202878e-03,-1.10142921e-03) (8.14824882e-04,1.82178301e-03) (1.00502864e-25,-6.49444924e-26)
3.61723447e+00 (2.42823869e-03,-1.09041379e-03) (8.00110801e-04,1.78902108e-03) (8.75888266e-26,1.42675843e-25)
3.63727455e+00 (2.40486085e-03,-1.07960480e-03) (7.85543229e-04,1.75657580e-03) (-8.16539550e-26,3.42895260e-26)
3.65731463e+00 (2.38189244e-03,-1.06899975e-03) (7.71119409e-04,1.72444165e-03) (7.08700935e-26,-7.83008284e-26)
3.67735471e+00 (2.35933062e-03,-1.05859623e-03) (7.56836622e-04,1.69261316e-03) (1.08960165e-25,7.15891098e-26)
3.69739479e+00 (2.33717255e-03,-1.04839187e-03) (7.42692176e-04,1.66108488e-03) (-3.08398779e-26,5.39319550e-26)
3.71743487e+00 (2.31541541e-03,-1.03838439e-03) (7.28683413e-04,1.62985141e-03) (8.93525326e-27,-6.90641884e-26)
3.73747495e+00 (2.29405640e-03,-1.02857156e-03) (7.14807705e-04,1.59890739e-03) (1.05885023e-25,-1.18641642e-26)
3.75751503e+00 (2.27309270e-03,-1.01895119e-03) (7.01062454e-04,1.56824749e-03) (2.03077953e-26,6.54678819e-26)
3.77755511e+00 (2.25252155e-03,-1.00952118e-03) (6.87445088e-04,1.53786643e-03) (-3.84375879e-26,-3.84676598e-26)
3.79759519e+00 (2.23234016e-03,-1.00027945e-03) (6.73953067e-04,1.50775894e-03) (6.99739069e-26,-6.45959822e-26)
3.81763527e+00 (2.21254580e-03,-9.91224001e-04) (6.60583877e-04,1.47791982e-03) (6.02108671e-26,4.37504230e-26)
3.83767535e+00 (2.19313574e-03,-9.82352867e-04) (6.47335028e-04,1.44834388e-03) (-4.15558256e-26,9.77372193e-27)
3.85771543e+00 (2.17410728e-03,-9.73664143e-04) (6.34204060e-04,1.41902599e-03) (1.10660679e-26,-7.36879347e-26)
3.87775551e+00 (2.15545775e-03,-9.65155969e-04) (6.21188536e-04,1.38996104e-03) (7.12862981e-26,3.53348228e-29)
3.89779559e+00 (2.13718451e-03,-9.56826536e-04) (6.08286044e-04,1.36114396e-03) (-1.76114825e-26,3.71980313e-26)
3.91783567e+00 (2.11928492e-03,-9.48674080e-04) (5.95494196e-04,1.33256971e-03) (-2.42989496e-26,-5.44309441e-26)
3.93787575e+00 (2.10175642e-03,-9.40696883e-04) (5.82810628e-04,1.30423330e-03) (6.10148935e-26,-2.72019165e-26)
3.95791583e+00 (2.08459645e-03,-9.32893273e-04) (5.70232997e-04,1.27612976e-03) (9.26330191e-27,4.72005464e-26)
3.97795591e+00 (2.06780249e-03,-9.25261621e-04) (5.57758985e-04,1.24825416e-03) (-5.24873440e-26,-1.40111119e-26)
3.99799599e+00 (2.05137206e-03,-9.17800341e-04) (5.45386292e-04,1.22060160e-03) (7.74320336e-27,-6.82499147e-26)
4.01803607e+00 (2.03530271e-03,-9.10507890e-04) (5.33112643e-04,1.19316721e-03) (6.97797961e-26,-1.38586909e-26)
4.03807615e+00 (2.01959203e-03,-9.03382763e-04) (5.20935780e-04,1.16594617e-03) (2.62095597e-26,7.05976487e-26)
4.05811623e+00 (2.00423765e-03,-8.96423500e-04) (5.08853467e-04,1.13893368e-03) (-8.79673903e-26,4.19590996e-26)
4.07815631e+00 (1.98923724e-03,-8.89628678e-04) (4.96863486e-04,1.11212496e-03) (-7.94717433e-26,-9.92691859e-26)
4.09819639e+00 (1.97458851e-03,-8.82996911e-04) (4.84963638e-04,1.08551529e-03) (7.42662121e-26,-1.22143909e-25)
4.11823647e+00 (1.96028920e-03,-8.76526854e-04) (4.73151745e-04,1.05909994e-03) (1.36644260e-25,1.78695691e-26)
4.13827655e+00 (1.94633712e-03,-8.70217197e-04) (4.61425643e-04,1.03287425e-03) (3.68184428e-26,1.16125604e-25)
4.15831663e+00 (1.93273008e-03,-8.64066670e-04) (4.49783187e-04,1.00683357e-03) (-7.49941705e-26,6.88841025e-26)
4.17835671e+00 (1.91946598e-03,-8.58074034e-04) (4.38222249e-04,9.80973284e-04) (-7.32856432e-26,-3.38430207e-26)
4.19839679e+00 (1.90654273e-03,-8.52238090e-04) (4.26740718e-04,9.55288795e-04) (3.43289707e-27,-5.98445208e-26)
4.21843687e+00 (1.89395830e-03,-8.46557671e-04) (4.15336497e-04,9.29775544e-04) (3.62107138e-26,-1.36496189e-26)
4.23847695e+00 (1.88171070e-03,-8.41031646e-04) (4.04007506e-04,9.04428993e-04) (1.75755317e-26,1.10504357e-26)
4.25851703e+00 (1.86979799e-03,-8.35658916e-04) (3.92751679e-04,8.79244635e-04) (5.22964645e-27,9.04860908e-27)
4.27855711e+00 (1.85821826e-03,-8.30438415e-04) (3.81566966e-04,8.54217985e-04) (1.18664473e-28,5.39570938e-27)
4.29859719e+00 (1.84696967e-03,-8.25369113e-04) (3.70451329e-04,8.29344586e-04) (5.92199651e-27,-3.14091801e-27)
4.31863727e+00 (1.83605042e-03,-8.20450009e-04) (3.59402745e-04,8.04620002e-04) (1.93169518e-26,1.42923664e-26)
4.33867735e+00 (1.82545874e-03,-8.15680134e-04) (3.48419204e-04,7.80039825e-04) (-1.05566332e-26,3.83780500e-26)
4.35871743e+00 (1.81519293e-03,-8.11058552e-04) (3.37498709e-04,7.55599667e-04) (-5.09835042e-26,3.68157152e-27)
4.37875752e+00 (1.80525132e-03,-8.06584357e-04) (3.26639275e-04,7.31295165e-04) (-2.73587485e-26,-5.01175495e-26)
4.39879760e+00 (1.79563230e-03,-8.02256674e-04) (3.15838929e-04,7.07121977e-04) (2.90615347e-26,-4.82347902e-26)
4.41883768e+00 (1.78633431e-03,-7.98074657e-04) (3.05095709e-04,6.83075781e-04) (5.25115537e-26,-4.12360783e-27)
4.43887776e+00 (1.77735583e-03,-7.94037491e-04) (2.94407666e-04,6.59152278e-04) (3.00079606e-26,3.43349455e-26)
4.45891784e+00 (1.76869539e-03,-7.90144390e-04) (2.83772859e-04,6.35347187e-04) (-8.80946997e-27,3.37382297e-26)
4.47895792e+00 (1.76035157e-03,-7.86394598e-04) (2.73189360e-04,6.11656249e-04) (-2.11036310e-26,7.77983622e-27)
4.49899800e+00 (1.75232300e-03,-7.82787387e-04) (2.62655248e-04,5.88075221e-04) (-1.10669997e-26,-3.61715659e-27)
4.51903808e+00 (1.74460836e-03,-7.79322058e-04) (2.52168616e-04,5.64599880e-04) (-1.02433054e-26,-5.70940037e-27)
4.53907816e+00 (1.73720638e-03,-7.75997939e-04) (2.41727562e-04,5.41226019e-04) (-6.16544831e-27,-1.79004942e-26)
4.55911824e+00 (1.73011584e-03,-7.72814389e-04) (2.31330194e-04,5.17949448e-04) (1.29116170e-26,-1.98125487e-26)
4.57915832e+00 (1.72333557e-03,-7.69770792e-04) (2.20974630e-04,4.94765994e-04) (2.43357066e-26,-1.48193052e-27)
4.59919840e+00 (1.71686444e-03,-7.66866560e-04) (2.10658995e-04,4.71671499e-04) (1.72912868e-26,1.68163341e-26)
4.61923848e+00 (1.71070139e-03,-7.64101134e-04) (2.00381420e-04,4.48661819e-04) (4.14355673e-28,2.11747025e-26)
4.63927856e+00 (1.70484539e-03,-7.61473980e-04) (1.90140047e-04,4.25732824e-04) (-1.17510655e-26,9.99960286e-27)
4.65931864e+00 (1.69929547e-03,-7.58984592e-04) (1.79933021e-04,4.02880400e-04) (-6.61522529e-27,-7.85788371e-28)
4.67935872e+00 (1.69405072e-03,-7.56632491e-04) (1.69758496e-04,3.80100441e-04) (7.47842580e-28,3.72189925e-27)
4.69939880e+00 (1.68911025e-03,-7.54417222e-04) (1.59614633e-04,3.57388857e-04) (-5.77798544e-27,7.34850613e-27)
4.71943888e+00 (1.68447326e-03,-7.52338361e-04) (1.49499597e-04,3.34741569e-04) (-1.20444072e-26,-1.37231321e-27)
4.73947896e+00 (1.68013897e-03,-7.50395505e-04) (1.39411559e-04,3.12154505e-04) (-6.57658219e-27,-9.08190864e-27)
4.75951904e+00 (1.67610666e-03,-7.48588281e-04) (1.29348696e-04,2.89623608e-04) (1.01688349e-27,-8.14926133e-27)
4.77955912e+00 (1.67237568e-03,-7.46916340e-04) (1.19309188e-04,2.67144827e-04) (2.04474113e-27,-4.06976076e-27)
4.79959920e+00 (1.66894539e-03,-7.45379358e-04) (1.09291223e-04,2.44714121e-04) (-1.45576473e-27,-9.27752633e-28)
4.81963928e+00 (1.66581524e-03,-7.43977038e-04) (9.92929892e-05,2.22327456e-04) (-2.85803715e-27,-2.20622314e-28)
4.83967936e+00 (1.66298471e-03,-7.42709108e-04) (8.93126811e-05,1.99980806e-04) (1.22789476e-27,-2.18518131e-27)
4.85971944e+00 (1.66045334e-03,-7.41575322e-04) (7.93484961e-05,1.77670151e-04) (5.89611011e-27,-3.08149096e-27)
4.87975952e+00 (1.65822072e-03,-7.40575458e-04) (6.93986344e-05,1.55391478e-04) (5.78367172e-27,2.60811371e-28)
4.89979960e+00 (1.65628648e-03,-7.39709320e-04) (5.94612994e-05,1.33140777e-04) (2.23280275e-27,3.43120251e-27)
4.91983968e+00 (1.65465031e-03,-7.38976737e-04) (4.95346967e-05,1.10914045e-04) (-1.37166233e-27,1.58422685e-27)
4.93987976e+00 (1.65331197e-03,-7.38377561e-04) (3.96170343e-05,8.87072820e-05) (-2.77394683e-27,-1.48630488e-27)
4.95991984e+00 (1.65227123e-03,-7.37911672e-04) (2.97065218e-05,6.65164897e-05) (-1.27805541e-27,-1.06967658e-27)
4.97995992e+00 (1.65152796e-03,-7.37578970e-04) (1.98013702e-05,4.43376737e-05) (5.23454758e-28,1.07162251e-27)
5.00000000e+00 (1.65093337e-03,-7.37312841e-04) (9.89979189e-06,2.21668412e-05) (2.95569521e-29,1.94131110e-27)
