1.36 	 500
Z	 ux	 uz 	 rho
-5.00000000e+00 (-4.73363658e-05,-1.00279746e-03) (-2.73307596e-05,1.29012973e-06) (-1.13113923e-13,-2.27650614e-15)
-4.97995992e+00 (-4.74067098e-05,-1.00428722e-03) (-5.46818133e-05,2.58121774e-06) (-7.28854691e-14,2.08960875e-14)
-4.95991984e+00 (-4.74946717e-05,-1.00615009e-03) (-8.20734697e-05,3.87422293e-06) (-1.18082828e-13,-3.20996501e-14)
-4.93987976e+00 (-4.76179087e-05,-1.00876000e-03) (-1.09526067e-04,5.17010566e-06) (-5.21258114e-14,4.30296216e-15)
-4.91983968e+00 (-4.77765118e-05,-1.01211888e-03) (-1.37059987e-04,6.46982838e-06) (-1.49042267e-13,-1.63730406e-13)
-4.89979960e+00 (-4.79705985e-05,-1.01622917e-03) (-1.64695673e-04,7.77435640e-06) (-9.68531902e-14,-1.34524632e-15)
-4.87975952e+00 (-4.82003124e-05,-1.02109391e-03) (-1.92453641e-04,9.08465859e-06) (-1.38125383e-13,-1.95212545e-13)
-4.85971944e+00 (-4.84658238e-05,-1.02671668e-03) (-2.20354499e-04,1.04017081e-05) (-1.01540537e-13,5.68681061e-16)
-4.83967936e+00 (-4.87673291e-05,-1.03310161e-03) (-2.48418959e-04,1.17264831e-05) (-7.45318967e-14,-2.88549259e-13)
-4.81963928e+00 (-4.91050518e-05,-1.04025342e-03) (-2.76667854e-04,1.30599673e-05) (-1.65269820e-13,-1.57075285e-13)
-4.79959920e+00 (-4.94792426e-05,-1.04817736e-03) (-3.05122151e-04,1.44031512e-05) (-1.15857713e-13,-2.80049209e-13)
-4.77955912e+00 (-4.98901788e-05,-1.05687930e-03) (-3.33802972e-04,1.57570322e-05) (-2.24463277e-13,-1.85723740e-13)
-4.75951904e+00 (-5.03381647e-05,-1.06636564e-03) (-3.62731604e-04,1.71226159e-05) (-1.16906467e-13,-1.29688394e-13)
-4.73947896e+00 (-5.08235326e-05,-1.07664338e-03) (-3.91929516e-04,1.85009162e-05) (-1.77251941e-13,-2.70383620e-13)
-4.71943888e+00 (-5.13466427e-05,-1.08772010e-03) (-4.21418378e-04,1.98929567e-05) (-2.04498730e-13,-8.30390988e-14)
-4.69939880e+00 (-5.19078825e-05,-1.09960398e-03) (-4.51220071e-04,2.12997712e-05) (-1.62904539e-13,-2.50154447e-13)
-4.67935872e+00 (-5.25076677e-05,-1.11230378e-03) (-4.81356711e-04,2.27224044e-05) (-2.22684419e-13,4.74503079e-14)
-4.65931864e+00 (-5.31464431e-05,-1.12582886e-03) (-5.11850658e-04,2.41619127e-05) (2.68727102e-15,-1.51706826e-13)
-4.63927856e+00 (-5.38246823e-05,-1.14018921e-03) (-5.42724537e-04,2.56193649e-05) (-1.53126345e-13,-1.59156827e-14)
-4.61923848e+00 (-5.45428882e-05,-1.15539542e-03) (-5.74001252e-04,2.70958432e-05) (1.30877179e-14,-1.29325035e-13)
-4.59919840e+00 (-5.53015931e-05,-1.17145870e-03) (-6.05704006e-04,2.85924441e-05) (-1.49732155e-13,5.82186995e-16)
-4.57915832e+00 (-5.61013594e-05,-1.18839089e-03) (-6.37856315e-04,3.01102788e-05) (8.15641304e-14,-1.87707137e-14)
-4.55911824e+00 (-5.69427800e-05,-1.20620449e-03) (-6.70482027e-04,3.16504741e-05) (-3.11652432e-14,-1.63283163e-14)
-4.53907816e+00 (-5.78264787e-05,-1.22491263e-03) (-7.03605338e-04,3.32141738e-05) (1.33937854e-13,-8.24262990e-14)
-4.51903808e+00 (-5.87531104e-05,-1.24452910e-03) (-7.37250812e-04,3.48025387e-05) (-8.95307251e-14,-6.92737811e-14)
-4.49899800e+00 (-5.97233616e-05,-1.26506836e-03) (-7.71443397e-04,3.64167481e-05) (8.10478084e-14,-3.69159378e-14)
-4.47895792e+00 (-6.07379513e-05,-1.28654554e-03) (-8.06208446e-04,3.80580005e-05) (-8.37078352e-14,5.03214472e-14)
-4.45891784e+00 (-6.17976316e-05,-1.30897648e-03) (-8.41571731e-04,3.97275142e-05) (2.27217663e-13,-5.22820765e-14)
-4.43887776e+00 (-6.29031877e-05,-1.33237768e-03) (-8.77559468e-04,4.14265287e-05) (-8.96534822e-14,-5.37392425e-14)
-4.41883768e+00 (-6.40554388e-05,-1.35676640e-03) (-9.14198330e-04,4.31563052e-05) (1.42430097e-13,-1.09430004e-13)
-4.39879760e+00 (-6.52552386e-05,-1.38216058e-03) (-9.51515472e-04,4.49181278e-05) (-1.41921923e-13,7.89516886e-14)
-4.37875752e+00 (-6.65034761e-05,-1.40857892e-03) (-9.89538546e-04,4.67133042e-05) (2.92994220e-13,-7.58472581e-14)
-4.35871743e+00 (-6.78010759e-05,-1.43604087e-03) (-1.02829573e-03,4.85431670e-05) (-2.78700337e-14,-3.75067627e-14)
-4.33867735e+00 (-6.91489996e-05,-1.46456663e-03) (-1.06781572e-03,5.04090743e-05) (2.11280509e-13,-2.56653365e-13)
-4.31863727e+00 (-7.05482451e-05,-1.49417718e-03) (-1.10812782e-03,5.23124110e-05) (-1.17184168e-13,-5.02941767e-14)
-4.29859719e+00 (-7.19998489e-05,-1.52489430e-03) (-1.14926186e-03,5.42545898e-05) (8.87825195e-14,-2.76003761e-13)
-4.27855711e+00 (-7.35048861e-05,-1.55674057e-03) (-1.19124831e-03,5.62370521e-05) (-1.06087891e-13,3.23086407e-14)
-4.25851703e+00 (-7.50644711e-05,-1.58973938e-03) (-1.23411826e-03,5.82612690e-05) (2.60735887e-14,-3.47695631e-13)
-4.23847695e+00 (-7.66797587e-05,-1.62391499e-03) (-1.27790344e-03,6.03287427e-05) (-1.69577414e-13,8.74228880e-14)
-4.21843687e+00 (-7.83519447e-05,-1.65929248e-03) (-1.32263627e-03,6.24410074e-05) (-7.08183806e-14,-3.07216993e-13)
-4.19839679e+00 (-8.00822671e-05,-1.69589783e-03) (-1.36834984e-03,6.45996303e-05) (-1.37130274e-13,2.26890269e-13)
-4.17835671e+00 (-8.18720067e-05,-1.73375789e-03) (-1.41507799e-03,6.68062131e-05) (-5.17496590e-14,-3.25180536e-13)
-4.15831663e+00 (-8.37224876e-05,-1.77290043e-03) (-1.46285528e-03,6.90623930e-05) (-1.78316654e-13,3.21826504e-13)
-4.13827655e+00 (-8.56350795e-05,-1.81335414e-03) (-1.51171705e-03,7.13698437e-05) (7.97181579e-14,-2.43473105e-13)
-4.11823647e+00 (-8.76111975e-05,-1.85514868e-03) (-1.56169944e-03,7.37302771e-05) (-1.63903770e-13,1.88246249e-13)
-4.09819639e+00 (-8.96523032e-05,-1.89831465e-03) (-1.61283939e-03,7.61454440e-05) (-6.30558552e-14,-1.12706373e-13)
-4.07815631e+00 (-9.17599067e-05,-1.94288365e-03) (-1.66517470e-03,7.86171361e-05) (-1.40399973e-14,3.88748054e-13)
-4.05811623e+00 (-9.39355666e-05,-1.98888828e-03) (-1.71874407e-03,8.11471864e-05) (2.24876817e-13,-1.09796489e-13)
-4.03807615e+00 (-9.61808916e-05,-2.03636219e-03) (-1.77358705e-03,8.37374716e-05) (1.60514031e-13,1.00790066e-13)
-4.01803607e+00 (-9.84975419e-05,-2.08534008e-03) (-1.82974417e-03,8.63899124e-05) (4.06113659e-14,-3.73416095e-13)
-3.99799599e+00 (-1.00887230e-04,-2.13585771e-03) (-1.88725689e-03,8.91064758e-05) (-8.23050380e-14,2.41262154e-13)
-3.97795591e+00 (-1.03351721e-04,-2.18795196e-03) (-1.94616768e-03,9.18891762e-05) (2.35749257e-13,-3.07952307e-13)
-3.95791583e+00 (-1.05892837e-04,-2.24166083e-03) (-2.00652000e-03,9.47400767e-05) (-2.89810388e-13,8.61177105e-14)
-3.93787575e+00 (-1.08512456e-04,-2.29702347e-03) (-2.06835841e-03,9.76612908e-05) (2.84647011e-13,3.96355562e-14)
-3.91783567e+00 (-1.11212511e-04,-2.35408019e-03) (-2.13172850e-03,1.00654984e-04) (-5.86817275e-14,-1.37322066e-13)
-3.89779559e+00 (-1.13994996e-04,-2.41287255e-03) (-2.19667701e-03,1.03723376e-04) (3.56763160e-14,1.88157748e-14)
-3.87775551e+00 (-1.16861967e-04,-2.47344328e-03) (-2.26325181e-03,1.06868739e-04) (2.37373572e-14,9.90604064e-14)
-3.85771543e+00 (-1.19815538e-04,-2.53583641e-03) (-2.33150197e-03,1.10093407e-04) (3.09193582e-13,-8.97837247e-14)
-3.83767535e+00 (-1.22857890e-04,-2.60009724e-03) (-2.40147776e-03,1.13399767e-04) (-1.74502510e-13,-1.91202777e-13)
-3.81763527e+00 (-1.25991267e-04,-2.66627239e-03) (-2.47323072e-03,1.16790270e-04) (8.95546742e-14,2.55543723e-13)
-3.79759519e+00 (-1.29217980e-04,-2.73440981e-03) (-2.54681365e-03,1.20267427e-04) (2.45242013e-13,-9.98102792e-14)
-3.77755511e+00 (-1.32540409e-04,-2.80455884e-03) (-2.62228071e-03,1.23833815e-04) (5.26409173e-14,-1.22287330e-13)
-3.75751503e+00 (-1.35961001e-04,-2.87677023e-03) (-2.69968740e-03,1.27492074e-04) (-6.47032463e-14,2.31492294e-14)
-3.73747495e+00 (-1.39482277e-04,-2.95109614e-03) (-2.77909063e-03,1.31244915e-04) (1.98594861e-13,1.64923030e-13)
-3.71743487e+00 (-1.43106833e-04,-3.02759023e-03) (-2.86054875e-03,1.35095116e-04) (2.05926166e-13,-1.11628000e-13)
-3.69739479e+00 (-1.46837336e-04,-3.10630764e-03) (-2.94412160e-03,1.39045528e-04) (5.25271227e-14,-2.50673626e-14)
-3.67735471e+00 (-1.50676533e-04,-3.18730505e-03) (-3.02987053e-03,1.43099075e-04) (1.57533467e-13,9.94768561e-14)
-3.65731463e+00 (-1.54627249e-04,-3.27064072e-03) (-3.11785847e-03,1.47258758e-04) (3.74373337e-13,-1.00462249e-13)
-3.63727455e+00 (-1.58692390e-04,-3.35637449e-03) (-3.20814995e-03,1.51527655e-04) (3.56519593e-14,-3.28886455e-13)
-3.61723447e+00 (-1.62874946e-04,-3.44456787e-03) (-3.30081115e-03,1.55908925e-04) (-5.07387152e-14,2.58692934e-14)
-3.59719439e+00 (-1.67177990e-04,-3.53528402e-03) (-3.39590996e-03,1.60405808e-04) (2.15727031e-13,-9.13554340e-14)
-3.57715431e+00 (-1.71604684e-04,-3.62858782e-03) (-3.49351601e-03,1.65021633e-04) (-9.09073068e-14,-2.63686296e-13)
-3.55711423e+00 (-1.76158280e-04,-3.72454590e-03) (-3.59370072e-03,1.69759811e-04) (-1.31564417e-13,1.09307429e-13)
-3.53707415e+00 (-1.80842118e-04,-3.82322666e-03) (-3.69653735e-03,1.74623847e-04) (6.38721338e-14,4.14036527e-14)
-3.51703407e+00 (-1.85659636e-04,-3.92470035e-03) (-3.80210105e-03,1.79617337e-04) (1.50385127e-13,8.47474048e-14)
-3.49699399e+00 (-1.90614367e-04,-4.02903906e-03) (-3.91046891e-03,1.84743972e-04) (7.70986670e-14,-3.50562721e-13)
-3.47695391e+00 (-1.95709941e-04,-4.13631679e-03) (-4.02172001e-03,1.90007539e-04) (-3.91432113e-13,1.72744198e-13)
-3.45691383e+00 (-2.00950091e-04,-4.24660947e-03) (-4.13593548e-03,1.95411929e-04) (2.99822122e-13,1.89148520e-13)
-3.43687375e+00 (-2.06338653e-04,-4.35999501e-03) (-4.25319852e-03,2.00961132e-04) (-3.35863377e-14,-6.92433882e-14)
-3.41683367e+00 (-2.11879571e-04,-4.47655336e-03) (-4.37359452e-03,2.06659246e-04) (1.93892973e-13,3.74525646e-14)
-3.39679359e+00 (-2.17576894e-04,-4.59636649e-03) (-4.49721105e-03,2.12510479e-04) (-6.28146310e-14,-1.18165337e-13)
-3.37675351e+00 (-2.23434787e-04,-4.71951850e-03) (-4.62413795e-03,2.18519149e-04) (1.36812489e-13,-3.74507160e-14)
-3.35671343e+00 (-2.29457525e-04,-4.84609562e-03) (-4.75446737e-03,2.24689690e-04) (-3.33617985e-13,-1.75115998e-13)
-3.33667335e+00 (-2.35649505e-04,-4.97618625e-03) (-4.88829386e-03,2.31026653e-04) (2.38054630e-14,4.73694373e-13)
-3.31663327e+00 (-2.42015241e-04,-5.10988103e-03) (-5.02571440e-03,2.37534713e-04) (2.55713265e-13,-1.42484147e-13)
-3.29659319e+00 (-2.48559370e-04,-5.24727283e-03) (-5.16682846e-03,2.44218666e-04) (-4.89849653e-14,1.21474459e-13)
-3.27655311e+00 (-2.55286656e-04,-5.38845685e-03) (-5.31173809e-03,2.51083440e-04) (3.44824572e-13,-1.59134691e-14)
-3.25651303e+00 (-2.62201993e-04,-5.53353061e-03) (-5.46054795e-03,2.58134091e-04) (1.78306547e-13,-3.07403448e-13)
-3.23647295e+00 (-2.69310405e-04,-5.68259401e-03) (-5.61336541e-03,2.65375813e-04) (-1.24528039e-13,-4.76819477e-13)
-3.21643287e+00 (-2.76617053e-04,-5.83574939e-03) (-5.77030057e-03,2.72813937e-04) (-5.18665359e-13,5.04512756e-15)
-3.19639279e+00 (-2.84127236e-04,-5.99310151e-03) (-5.93146638e-03,2.80453937e-04) (8.11286901e-14,2.37829435e-13)
-3.17635271e+00 (-2.91846397e-04,-6.15475766e-03) (-6.09697865e-03,2.88301434e-04) (-4.09783751e-14,-2.60009718e-13)
-3.15631263e+00 (-2.99780122e-04,-6.32082762e-03) (-6.26695617e-03,2.96362198e-04) (-3.29331839e-13,6.82545036e-14)
-3.13627255e+00 (-3.07934148e-04,-6.49142378e-03) (-6.44152076e-03,3.04642154e-04) (-1.21260296e-14,2.76674683e-13)
-3.11623246e+00 (-3.16314361e-04,-6.66666110e-03) (-6.62079731e-03,3.13147386e-04) (3.11524312e-13,-2.64113004e-14)
-3.09619238e+00 (-3.24926807e-04,-6.84665716e-03) (-6.80491390e-03,3.21884139e-04) (-1.20681567e-13,-4.76583496e-13)
-3.07615230e+00 (-3.33777690e-04,-7.03153225e-03) (-6.99400187e-03,3.30858827e-04) (-5.06809044e-13,9.58141807e-14)
-3.05611222e+00 (-3.42873377e-04,-7.22140929e-03) (-7.18819582e-03,3.40078033e-04) (3.87842958e-15,2.44588882e-13)
-3.03607214e+00 (-3.52220401e-04,-7.41641398e-03) (-7.38763380e-03,3.49548518e-04) (-7.02303159e-14,6.09297599e-15)
-3.01603206e+00 (-3.61825467e-04,-7.61667472e-03) (-7.59245727e-03,3.59277221e-04) (-1.86780566e-14,1.51628379e-13)
-2.99599198e+00 (-3.71695456e-04,-7.82232268e-03) (-7.80281126e-03,3.69271269e-04) (6.81827419e-14,-4.51239041e-14)
-2.97595190e+00 (-3.81837424e-04,-8.03349183e-03) (-8.01884439e-03,3.79537976e-04) (-1.38860264e-13,-4.76455222e-14)
-2.95591182e+00 (-3.92258612e-04,-8.25031892e-03) (-8.24070901e-03,3.90084852e-04) (-9.56643530e-14,1.49552639e-13)
-2.93587174e+00 (-4.02966445e-04,-8.47294353e-03) (-8.46856118e-03,4.00919607e-04) (1.23978798e-13,7.03320898e-14)
-2.91583166e+00 (-4.13968541e-04,-8.70150803e-03) (-8.70256084e-03,4.12050157e-04) (-4.70312044e-14,-1.19167140e-13)
-2.89579158e+00 (-4.25272709e-04,-8.93615764e-03) (-8.94287184e-03,4.23484626e-04) (-6.65128835e-14,1.87141099e-13)
-2.87575150e+00 (-4.36886959e-04,-9.17704036e-03) (-9.18966202e-03,4.35231355e-04) (2.86094525e-13,1.19005352e-14)
-2.85571142e+00 (-4.48819501e-04,-9.42430705e-03) (-9.44310329e-03,4.47298905e-04) (1.35125798e-13,-1.75311896e-13)
-2.83567134e+00 (-4.61078752e-04,-9.67811132e-03) (-9.70337174e-03,4.59696065e-04) (2.54276691e-13,-2.93934394e-13)
-2.81563126e+00 (-4.73673340e-04,-9.93860959e-03) (-9.97064764e-03,4.72431855e-04) (-9.58889250e-14,-6.13152480e-13)
-2.79559118e+00 (-4.86612105e-04,-1.02059610e-02) (-1.02451156e-02,4.85515534e-04) (-3.52350590e-13,-2.83076281e-13)
-2.77555110e+00 (-4.99904107e-04,-1.04803274e-02) (-1.05269646e-02,4.98956603e-04) (-1.75099994e-13,-2.21716355e-13)
-2.75551102e+00 (-5.13558627e-04,-1.07618734e-02) (-1.08163879e-02,5.12764816e-04) (-2.27692315e-13,-2.98206623e-13)
-2.73547094e+00 (-5.27585171e-04,-1.10507662e-02) (-1.11135837e-02,5.26950180e-04) (-2.54075275e-13,-1.69820367e-13)
-2.71543086e+00 (-5.41993476e-04,-1.13471753e-02) (-1.14187544e-02,5.41522965e-04) (6.74095672e-14,-1.28100239e-13)
-2.69539078e+00 (-5.56793512e-04,-1.16512731e-02) (-1.17321071e-02,5.56493712e-04) (2.87398454e-13,-5.91942378e-13)
-2.67535070e+00 (-5.71995485e-04,-1.19632341e-02) (-1.20538538e-02,5.71873233e-04) (2.14514195e-14,-9.61494422e-13)
-2.65531062e+00 (-5.87609842e-04,-1.22832352e-02) (-1.23842112e-02,5.87672624e-04) (-1.18335011e-13,-9.60851189e-13)
-2.63527054e+00 (-6.03647272e-04,-1.26114555e-02) (-1.27234009e-02,6.03903268e-04) (8.02721876e-14,-1.16269434e-12)
-2.61523046e+00 (-6.20118712e-04,-1.29480762e-02) (-1.30716493e-02,6.20576844e-04) (6.78907166e-14,-1.68692339e-12)
-2.59519038e+00 (-6.37035348e-04,-1.32932802e-02) (-1.34291878e-02,6.37705330e-04) (-1.00616012e-13,-2.07025053e-12)
-2.57515030e+00 (-6.54408618e-04,-1.36472525e-02) (-1.37962529e-02,6.55301015e-04) (-1.35342612e-13,-2.43856664e-12)
-2.55511022e+00 (-6.72250214e-04,-1.40101793e-02) (-1.41730862e-02,6.73376502e-04) (2.89326642e-14,-2.95683385e-12)
-2.53507014e+00 (-6.90572085e-04,-1.43822484e-02) (-1.45599341e-02,6.91944714e-04) (2.11460115e-13,-3.91978931e-12)
-2.51503006e+00 (-7.09386437e-04,-1.47636488e-02) (-1.49570484e-02,7.11018908e-04) (1.99389141e-13,-5.08407995e-12)
-2.49498998e+00 (-7.28705738e-04,-1.51545703e-02) (-1.53646861e-02,7.30612672e-04) (1.82547363e-13,-6.53555328e-12)
-2.47494990e+00 (-7.48542712e-04,-1.55552033e-02) (-1.57831091e-02,7.50739942e-04) (1.39071288e-14,-8.23090528e-12)
-2.45490982e+00 (-7.68910347e-04,-1.59657386e-02) (-1.62125849e-02,7.71415001e-04) (1.24313702e-14,-1.03183895e-11)
-2.43486974e+00 (-7.89821888e-04,-1.63863670e-02) (-1.66533859e-02,7.92652490e-04) (-2.59444665e-13,-1.30975174e-11)
-2.41482966e+00 (-8.11290840e-04,-1.68172790e-02) (-1.71057897e-02,8.14467416e-04) (-6.18525742e-13,-1.60384178e-11)
-2.39478958e+00 (-8.33330967e-04,-1.72586642e-02) (-1.75700792e-02,8.36875157e-04) (-4.72511527e-13,-1.98263709e-11)
-2.37474950e+00 (-8.55956284e-04,-1.77107113e-02) (-1.80465425e-02,8.59891469e-04) (-4.13783552e-13,-2.49498502e-11)
-2.35470942e+00 (-8.79181060e-04,-1.81736070e-02) (-1.85354727e-02,8.83532494e-04) (-2.86831821e-13,-3.13085318e-11)
-2.33466934e+00 (-9.03019807e-04,-1.86475361e-02) (-1.90371680e-02,9.07814765e-04) (-1.94744402e-13,-3.97598799e-11)
-2.31462926e+00 (-9.27487280e-04,-1.91326806e-02) (-1.95519316e-02,9.32755216e-04) (-7.19022670e-13,-5.00486660e-11)
-2.29458918e+00 (-9.52598465e-04,-1.96292191e-02) (-2.00800716e-02,9.58371186e-04) (-7.78861504e-13,-6.24943450e-11)
-2.27454910e+00 (-9.78368573e-04,-2.01373263e-02) (-2.06219011e-02,9.84680423e-04) (-7.27075341e-13,-7.87591795e-11)
-2.25450902e+00 (-1.00481303e-03,-2.06571722e-02) (-2.11777375e-02,1.01170110e-03) (-9.48790760e-13,-9.90820213e-11)
-2.23446894e+00 (-1.03194746e-03,-2.11889212e-02) (-2.17479032e-02,1.03945179e-03) (-1.18425356e-12,-1.24794364e-10)
-2.21442886e+00 (-1.05978768e-03,-2.17327315e-02) (-2.23327248e-02,1.06795154e-03) (-1.80202549e-12,-1.56862390e-10)
-2.19438878e+00 (-1.08834967e-03,-2.22887539e-02) (-2.29325331e-02,1.09721978e-03) (-2.17763049e-12,-1.97111253e-10)
-2.17434870e+00 (-1.11764957e-03,-2.28571313e-02) (-2.35476629e-02,1.12727641e-03) (-2.89431114e-12,-2.47838533e-10)
-2.15430862e+00 (-1.14770365e-03,-2.34379968e-02) (-2.41784529e-02,1.15814176e-03) (-3.37970471e-12,-3.11374085e-10)
-2.13426854e+00 (-1.17852826e-03,-2.40314734e-02) (-2.48252451e-02,1.18983661e-03) (-3.94129487e-12,-3.91998947e-10)
-2.11422846e+00 (-1.21013984e-03,-2.46376723e-02) (-2.54883849e-02,1.22238218e-03) (-5.23720289e-12,-4.93420602e-10)
-2.09418838e+00 (-1.24255489e-03,-2.52566918e-02) (-2.61682204e-02,1.25580014e-03) (-7.12455438e-12,-6.20592848e-10)
-2.07414830e+00 (-1.27578988e-03,-2.58886153e-02) (-2.68651023e-02,1.29011263e-03) (-8.88862220e-12,-7.80197939e-10)
-2.05410822e+00 (-1.30986125e-03,-2.65335106e-02) (-2.75793834e-02,1.32534220e-03) (-1.11148388e-11,-9.81975658e-10)
-2.03406814e+00 (-1.34478535e-03,-2.71914273e-02) (-2.83114179e-02,1.36151188e-03) (-1.46946080e-11,-1.23515733e-09)
-2.01402806e+00 (-1.38057839e-03,-2.78623959e-02) (-2.90615614e-02,1.39864513e-03) (-1.81260485e-11,-1.55384158e-09)
-1.99398798e+00 (-1.41725635e-03,-2.85464249e-02) (-2.98301698e-02,1.43676585e-03) (-2.31604672e-11,-1.95559713e-09)
-1.97394790e+00 (-1.45483495e-03,-2.92434994e-02) (-3.06175990e-02,1.47589838e-03) (-2.93431891e-11,-2.46085268e-09)
-1.95390782e+00 (-1.49332954e-03,-2.99535786e-02) (-3.14242042e-02,1.51606747e-03) (-3.73525955e-11,-3.09750081e-09)
-1.93386774e+00 (-1.53275499e-03,-3.06765932e-02) (-3.22503392e-02,1.55729831e-03) (-4.77307049e-11,-3.89872648e-09)
-1.91382766e+00 (-1.57312564e-03,-3.14124428e-02) (-3.30963552e-02,1.59961644e-03) (-6.08169328e-11,-4.90772499e-09)
-1.89378758e+00 (-1.61445515e-03,-3.21609934e-02) (-3.39626006e-02,1.64304784e-03) (-7.68764040e-11,-6.17837774e-09)
-1.87374749e+00 (-1.65675634e-03,-3.29220739e-02) (-3.48494194e-02,1.68761881e-03) (-9.72594680e-11,-7.78047986e-09)
-1.85370741e+00 (-1.70004109e-03,-3.36954730e-02) (-3.57571505e-02,1.73335600e-03) (-1.24962347e-10,-9.79866103e-09)
-1.83366733e+00 (-1.74432014e-03,-3.44809357e-02) (-3.66861265e-02,1.78028638e-03) (-1.59582843e-10,-1.23405105e-08)
-1.81362725e+00 (-1.78960289e-03,-3.52781593e-02) (-3.76366724e-02,1.82843718e-03) (-2.03020106e-10,-1.55451378e-08)
-1.79358717e+00 (-1.83589717e-03,-3.60867896e-02) (-3.86091043e-02,1.87783588e-03) (-2.59802351e-10,-1.95851477e-08)
-1.77354709e+00 (-1.88320904e-03,-3.69064160e-02) (-3.96037279e-02,1.92851013e-03) (-3.32334504e-10,-2.46777387e-08)
-1.75350701e+00 (-1.93154243e-03,-3.77365673e-02) (-4.06208368e-02,1.98048775e-03) (-4.24681082e-10,-3.11004100e-08)
-1.73346693e+00 (-1.98089887e-03,-3.85767060e-02) (-4.16607111e-02,2.03379661e-03) (-5.43786328e-10,-3.92017608e-08)
-1.71342685e+00 (-2.03127708e-03,-3.94262230e-02) (-4.27236152e-02,2.08846460e-03) (-6.97242013e-10,-4.94222673e-08)
-1.69338677e+00 (-2.08267255e-03,-4.02844315e-02) (-4.38097958e-02,2.14451953e-03) (-8.94712223e-10,-6.23189577e-08)
-1.67334669e+00 (-2.13507708e-03,-4.11505606e-02) (-4.49194800e-02,2.20198904e-03) (-1.14909577e-09,-7.85973723e-08)
-1.65330661e+00 (-2.18847816e-03,-4.20237481e-02) (-4.60528725e-02,2.26090049e-03) (-1.47774579e-09,-9.91489977e-08)
-1.63326653e+00 (-2.24285838e-03,-4.29030331e-02) (-4.72101532e-02,2.32128083e-03) (-1.90275187e-09,-1.25102478e-07)
-1.61322645e+00 (-2.29819465e-03,-4.37873474e-02) (-4.83914747e-02,2.38315649e-03) (-2.45197477e-09,-1.57886689e-07)
-1.59318637e+00 (-2.35445737e-03,-4.46755068e-02) (-4.95969585e-02,2.44655317e-03) (-3.16370031e-09,-1.99314100e-07)
-1.57314629e+00 (-2.41160941e-03,-4.55662010e-02) (-5.08266927e-02,2.51149565e-03) (-4.08772299e-09,-2.51677479e-07)
-1.55310621e+00 (-2.46960497e-03,-4.64579833e-02) (-5.20807274e-02,2.57800763e-03) (-5.28695514e-09,-3.17889179e-07)
-1.53306613e+00 (-2.52838825e-03,-4.73492587e-02) (-5.33590717e-02,2.64611140e-03) (-6.84927899e-09,-4.01641613e-07)
-1.51302605e+00 (-2.58789185e-03,-4.82382711e-02) (-5.46616890e-02,2.71582759e-03) (-8.88592815e-09,-5.07622370e-07)
-1.49298597e+00 (-2.64803501e-03,-4.91230893e-02) (-5.59884925e-02,2.78717484e-03) (-1.15479968e-08,-6.41786851e-07)
-1.47294589e+00 (-2.70872141e-03,-5.00015919e-02) (-5.73393404e-02,2.86016938e-03) (-1.50306808e-08,-8.11702963e-07)
-1.45290581e+00 (-2.76983665e-03,-5.08714496e-02) (-5.87140302e-02,2.93482458e-03) (-1.95963749e-08,-1.02700465e-06)
-1.43286573e+00 (-2.83124530e-03,-5.17301072e-02) (-6.01122931e-02,3.01115045e-03) (-2.55979571e-08,-1.29994996e-06)
-1.41282565e+00 (-2.89278736e-03,-5.25747616e-02) (-6.15337875e-02,3.08915298e-03) (-3.35006048e-08,-1.64616032e-06)
-1.39278557e+00 (-2.95427402e-03,-5.34023394e-02) (-6.29780918e-02,3.16883345e-03) (-4.39341915e-08,-2.08555986e-06)
-1.37274549e+00 (-3.01548267e-03,-5.42094699e-02) (-6.44446966e-02,3.25018756e-03) (-5.77424328e-08,-2.64357770e-06)
-1.35270541e+00 (-3.07615083e-03,-5.49924560e-02) (-6.59329967e-02,3.33320445e-03) (-7.60606312e-08,-3.35271720e-06)
-1.33266533e+00 (-3.13596887e-03,-5.57472406e-02) (-6.74422814e-02,3.41786552e-03) (-1.00433709e-07,-4.25456294e-06)
-1.31262525e+00 (-3.19457118e-03,-5.64693684e-02) (-6.89717241e-02,3.50414303e-03) (-1.32958399e-07,-5.40238194e-06)
-1.29258517e+00 (-3.25152535e-03,-5.71539427e-02) (-7.05203712e-02,3.59199846e-03) (-1.76494971e-07,-6.86450912e-06)
-1.27254509e+00 (-3.30631896e-03,-5.77955753e-02) (-7.20871294e-02,3.68138049e-03) (-2.34965145e-07,-8.72873518e-06)
-1.25250501e+00 (-3.35834324e-03,-5.83883280e-02) (-7.36707513e-02,3.77222266e-03) (-3.13769621e-07,-1.11080385e-05)
-1.23246493e+00 (-3.40687276e-03,-5.89256456e-02) (-7.52698198e-02,3.86444048e-03) (-4.20379121e-07,-1.41480710e-05)
-1.21242485e+00 (-3.45103999e-03,-5.94002757e-02) (-7.68827303e-02,3.95792795e-03) (-5.65190684e-07,-1.80369903e-05)
-1.19238477e+00 (-3.48980324e-03,-5.98041748e-02) (-7.85076705e-02,4.05255328e-03) (-7.62738974e-07,-2.30184039e-05)
-1.17234469e+00 (-3.52190579e-03,-6.01283961e-02) (-8.01425972e-02,4.14815370e-03) (-1.03348234e-06,-2.94085020e-05)
-1.15230461e+00 (-3.54582349e-03,-6.03629533e-02) (-8.17852103e-02,4.24452891e-03) (-1.40639949e-06,-3.76188131e-05)
-1.13226453e+00 (-3.55969667e-03,-6.04966563e-02) (-8.34329225e-02,4.34143305e-03) (-1.92281921e-06,-4.81866247e-05)
-1.11222445e+00 (-3.56124099e-03,-6.05169092e-02) (-8.50828237e-02,4.43856448e-03) (-2.64215810e-06,-6.18158799e-05)
-1.09218437e+00 (-3.54762898e-03,-6.04094586e-02) (-8.67316398e-02,4.53555280e-03) (-3.65054507e-06,-7.94325108e-05)
-1.07214429e+00 (-3.51533086e-03,-6.01580797e-02) (-8.83756839e-02,4.63194225e-03) (-5.07397972e-06,-1.02259955e-04)
-1.05210421e+00 (-3.45989742e-03,-5.97441757e-02) (-9.00107976e-02,4.72717004e-03) (-7.09868163e-06,-1.31923066e-04)
-1.03206413e+00 (-3.37565912e-03,-5.91462635e-02) (-9.16322803e-02,4.82053786e-03) (-1.00029610e-05,-1.70592672e-04)
-1.01202405e+00 (-3.25530154e-03,-5.83393026e-02) (-9.32348024e-02,4.91117390e-03) (-1.42080908e-05,-2.21189035e-04)
-9.91983968e-01 (-3.08925372e-03,-5.72938049e-02) (-9.48122984e-02,4.99798115e-03) (-2.03612720e-05,-2.87672169e-04)
-9.71943888e-01 (-2.86478759e-03,-5.59746399e-02) (-9.63578314e-02,5.07956609e-03) (-2.94740319e-05,-3.75460764e-04)
-9.51903808e-01 (-2.56467222e-03,-5.43394061e-02) (-9.78634210e-02,5.15413791e-03) (-4.31514236e-05,-4.92042391e-04)
-9.31863727e-01 (-2.16516033e-03,-5.23361358e-02) (-9.93198191e-02,5.21936385e-03) (-6.39491937e-05,-6.47890971e-04)
-9.11823647e-01 (-1.63290332e-03,-4.98997365e-02) (-1.00716212e-01,5.27215867e-03) (-9.59097118e-05,-8.58011400e-04)
-8.91783567e-01 (-9.19414704e-04,-4.69456760e-02) (-1.02039805e-01,5.30837181e-03) (-1.45681843e-04,-1.14501692e-03)
-8.71743487e-01 (5.19591631e-05,-4.33588648e-02) (-1.03275175e-01,5.32227507e-03) (-2.26447915e-04,-1.54534617e-03)
-8.51703407e-01 (1.41937435e-03,-3.89805359e-02) (-1.04403254e-01,5.30553956e-03) (-3.71412141e-04,-2.11833762e-03)
-8.31663327e-01 (3.45344891e-03,-3.36158852e-02) (-1.05399966e-01,5.24490636e-03) (-6.67311385e-04,-2.94731687e-03)
-8.11623246e-01 (6.65848128e-03,-2.71189681e-02) (-1.06235623e-01,5.11729545e-03) (-1.30597333e-03,-4.10204162e-03)
-7.91583166e-01 (1.18179292e-02,-1.96139974e-02) (-1.06878194e-01,4.88195909e-03) (-2.60692791e-03,-5.52905626e-03)
-7.71543086e-01 (1.98146103e-02,-1.18035345e-02) (-1.07304763e-01,4.47311174e-03) (-4.91587551e-03,-6.90109590e-03)
-7.51503006e-01 (3.11281260e-02,-5.10456492e-03) (-1.07521593e-01,3.80188414e-03) (-8.33444058e-03,-7.58042356e-03)
-7.31462926e-01 (4.52366119e-02,-1.28067310e-03) (-1.07583007e-01,2.77634816e-03) (-1.24413020e-02,-6.87563838e-03)
-7.11422846e-01 (6.04645566e-02,-1.57993257e-03) (-1.07591401e-01,1.33608085e-03) (-1.63314500e-02,-4.52755063e-03)
-6.91382766e-01 (7.46259344e-02,-5.95869981e-03) (-1.07669128e-01,-5.19515450e-04) (-1.91060457e-02,-1.01763006e-03)
-6.71342685e-01 (8.60952969e-02,-1.30844881e-02) (-1.07916204e-01,-2.73170556e-03) (-2.04606466e-02,2.66772241e-03)
-6.51302605e-01 (9.44659610e-02,-2.11525597e-02) (-1.08382351e-01,-5.21248554e-03) (-2.08352584e-02,5.65762434e-03)
-6.31262525e-01 (1.00350744e-01,-2.88094124e-02) (-1.09069210e-01,-7.88095233e-03) (-2.10251831e-02,7.64148208e-03)
-6.11222445e-01 (1.04686918e-01,-3.55089344e-02) (-1.09952723e-01,-1.06825061e-02) (-2.16808530e-02,8.81806636e-03)
-5.91182365e-01 (1.08191432e-01,-4.12840342e-02) (-1.11004767e-01,-1.35873334e-02) (-2.31100578e-02,9.55570845e-03)
-5.71142285e-01 (1.11230193e-01,-4.63610832e-02) (-1.12203075e-01,-1.65799148e-02) (-2.53857208e-02,1.01311276e-02)
-5.51102204e-01 (1.13936665e-01,-5.09350405e-02) (-1.13531864e-01,-1.96503820e-02) (-2.85231730e-02,1.06741343e-02)
-5.31062124e-01 (1.16347206e-01,-5.51242156e-02) (-1.14979494e-01,-2.27904905e-02) (-3.25761094e-02,1.12214662e-02)
-5.11022044e-01 (1.18467404e-01,-5.89959468e-02) (-1.16536631e-01,-2.59923540e-02) (-3.76551434e-02,1.17705265e-02)
-4.90981964e-01 (1.20290027e-01,-6.25918247e-02) (-1.18195306e-01,-2.92480324e-02) (-4.39209746e-02,1.23020836e-02)
-4.70941884e-01 (1.21797639e-01,-6.59389938e-02) (-1.19948450e-01,-3.25492453e-02) (-5.15797322e-02,1.27840617e-02)
-4.50901804e-01 (1.22963420e-01,-6.90541333e-02) (-1.21789575e-01,-3.58871021e-02) (-6.08838495e-02,1.31693063e-02)
-4.30861723e-01 (1.23752173e-01,-7.19451745e-02) (-1.23712523e-01,-3.92518605e-02) (-7.21354702e-02,1.33916890e-02)
-4.10821643e-01 (1.24121174e-01,-7.46122374e-02) (-1.25711236e-01,-4.26327115e-02) (-8.56902656e-02,1.33610119e-02)
-3.90781563e-01 (1.24020842e-01,-7.70480475e-02) (-1.27779562e-01,-4.60175838e-02) (-1.01960445e-01,1.29565534e-02)
-3.70741483e-01 (1.23395405e-01,-7.92379315e-02) (-1.29911050e-01,-4.93929658e-02) (-1.21415708e-01,1.20192169e-02)
-3.50701403e-01 (1.22183750e-01,-8.11594805e-02) (-1.32098744e-01,-5.27437462e-02) (-1.44580463e-01,1.03423986e-02)
-3.30661323e-01 (1.20320646e-01,-8.27819536e-02) (-1.34334973e-01,-5.60530820e-02) (-1.72025058e-01,7.66192750e-03)
-3.10621242e-01 (1.17738539e-01,-8.40654902e-02) (-1.36611107e-01,-5.93023064e-02) (-2.04348105e-01,3.64584062e-03)
-2.90581162e-01 (1.14370141e-01,-8.49602116e-02) (-1.38917301e-01,-6.24708942e-02) (-2.42146332e-01,-2.11461540e-03)
-2.70541082e-01 (1.10152016e-01,-8.54053286e-02) (-1.41242205e-01,-6.55365105e-02) (-2.85967914e-01,-1.01104711e-02)
-2.50501002e-01 (1.05029383e-01,-8.53284198e-02) (-1.43572661e-01,-6.84751724e-02) (-3.36245371e-01,-2.09135760e-02)
-2.30460922e-01 (9.89622567e-02,-8.46451200e-02) (-1.45893373e-01,-7.12615590e-02) (-3.93205194e-01,-3.51634699e-02)
-2.10420842e-01 (9.19329081e-02,-8.32595405e-02) (-1.48186584e-01,-7.38695078e-02) (-4.56754252e-01,-5.35367177e-02)
-1.90380762e-01 (8.39543896e-02,-8.10658333e-02) (-1.50431769e-01,-7.62727316e-02) (-5.26348198e-01,-7.66924296e-02)
-1.70340681e-01 (7.50795017e-02,-7.79513723e-02) (-1.52605402e-01,-7.84457792e-02) (-6.00855092e-01,-1.05188891e-01)
-1.50300601e-01 (6.54091224e-02,-7.38020272e-02) (-1.54680822e-01,-8.03652415e-02) (-6.78437681e-01,-1.39370144e-01)
-1.30260521e-01 (5.50983429e-02,-6.85098848e-02) (-1.56628279e-01,-8.20111662e-02) (-7.56488266e-01,-1.79228906e-01)
-1.10220441e-01 (4.43584900e-02,-6.19834821e-02) (-1.58415228e-01,-8.33685981e-02) (-8.31656850e-01,-2.24263337e-01)
-9.01803607e-02 (3.34530766e-02,-5.41601082e-02) (-1.60006937e-01,-8.44291039e-02) (-9.00010452e-01,-2.73357902e-01)
-7.01402806e-02 (2.26862324e-02,-4.50190574e-02) (-1.61367443e-01,-8.51920924e-02) (-9.57343731e-01,-3.24728334e-01)
-5.01002004e-02 (1.23833337e-02,-3.45939834e-02) (-1.62460882e-01,-8.56657082e-02) (-9.99626547e-01,-3.75970941e-01)
-3.00601202e-02 (2.86528299e-03,-2.29819728e-02) (-1.63253127e-01,-8.58670958e-02) (-1.02352884e+00,-4.24241420e-01)
-1.00200401e-02 (-5.58023362e-03,-1.03469010e-02) (-1.63713607e-01,-8.58218920e-02) (-1.02692228e+00,-4.66557112e-01)
1.00200401e-02 (-1.27258029e-02,3.08472542e-03) (-1.63817126e-01,-8.55629227e-02) (-1.00924084e+00,-5.00176947e-01)
3.00601202e-02 (-1.84247030e-02,1.70359049e-02) (-1.63545461e-01,-8.51282209e-02) (-9.71603931e-01,-5.22980506e-01)
5.01002004e-02 (-2.26209019e-02,3.11980200e-02) (-1.62888516e-01,-8.45586103e-02) (-9.16662902e-01,-5.33757827e-01)
7.01402806e-02 (-2.53471659e-02,4.52536787e-02) (-1.61844888e-01,-8.38951778e-02) (-8.48207119e-01,-5.32342312e-01)
9.01803607e-02 (-2.67124826e-02,5.88998865e-02) (-1.60421782e-01,-8.31769611e-02) (-7.70627431e-01,-5.19563562e-01)
1.10220441e-01 (-2.68821360e-02,7.18680325e-02) (-1.58634313e-01,-8.24391066e-02) (-6.88361266e-01,-4.97046683e-01)
1.30260521e-01 (-2.60547477e-02,8.39381537e-02) (-1.56504326e-01,-8.17116423e-02) (-6.05428192e-01,-4.66920225e-01)
1.50300601e-01 (-2.44403194e-02,9.49463806e-02) (-1.54058927e-01,-8.10188879e-02) (-5.25121069e-01,-4.31505557e-01)
1.70340681e-01 (-2.22421526e-02,1.04785878e-01) (-1.51328892e-01,-8.03794245e-02) (-4.49867010e-01,-3.93047972e-01)
1.90380762e-01 (-1.96440407e-02,1.13402600e-01) (-1.48347151e-01,-7.98064900e-02) (-3.81232736e-01,-3.53524452e-01)
2.10420842e-01 (-1.68028186e-02,1.20787630e-01) (-1.45147428e-01,-7.93086471e-02) (-3.20028509e-01,-3.14536695e-01)
2.30460922e-01 (-1.38454823e-02,1.26967888e-01) (-1.41763136e-01,-7.88905848e-02) (-2.66462545e-01,-2.77278655e-01)
2.50501002e-01 (-1.08696825e-02,1.31996607e-01) (-1.38226533e-01,-7.85539435e-02) (-2.20306865e-01,-2.42558178e-01)
2.70541082e-01 (-7.94636784e-03,1.35944588e-01) (-1.34568131e-01,-7.82980891e-02) (-1.81048956e-01,-2.10850763e-01)
2.90581162e-01 (-5.12353595e-03,1.38892755e-01) (-1.30816327e-01,-7.81207948e-02) (-1.48016250e-01,-1.82366948e-01)
3.10621242e-01 (-2.43032147e-03,1.40926202e-01) (-1.26997223e-01,-7.80188102e-02) (-1.20469807e-01,-1.57120274e-01)
3.30661323e-01 (1.19080703e-04,1.42129696e-01) (-1.23134578e-01,-7.79883203e-02) (-9.76693693e-02,-1.34988079e-01)
3.50701403e-01 (2.52193910e-03,1.42584448e-01) (-1.19249873e-01,-7.80253012e-02) (-7.89147041e-02,-1.15761609e-01)
3.70741483e-01 (4.78407967e-03,1.42365901e-01) (-1.15362440e-01,-7.81257887e-02) (-6.35688921e-02,-9.91847460e-02)
3.90781563e-01 (6.91757135e-03,1.41542308e-01) (-1.11489647e-01,-7.82860767e-02) (-5.10687974e-02,-8.49822948e-02)
4.10821643e-01 (8.93896762e-03,1.40173831e-01) (-1.07647108e-01,-7.85028588e-02) (-4.09270499e-02,-7.28795305e-02)
4.30861723e-01 (1.08680434e-02,1.38311974e-01) (-1.03848909e-01,-7.87733310e-02) (-3.27288402e-02,-6.26148763e-02)
4.50901804e-01 (1.27269639e-02,1.35999148e-01) (-1.00107858e-01,-7.90952651e-02) (-2.61259115e-02,-5.39474836e-02)
4.70941884e-01 (1.45398306e-02,1.33268176e-01) (-9.64357295e-02,-7.94670653e-02) (-2.08293866e-02,-4.66612096e-02)
4.90981964e-01 (1.63325593e-02,1.30141555e-01) (-9.28435405e-02,-7.98878170e-02) (-1.66025271e-02,-4.05661997e-02)
5.11022044e-01 (1.81330625e-02,1.26630268e-01) (-8.93418411e-02,-8.03573371e-02) (-1.32541301e-02,-3.54990493e-02)
5.31062124e-01 (1.99719534e-02,1.22732039e-01) (-8.59410489e-02,-8.08762325e-02) (-1.06331558e-02,-3.13225671e-02)
5.51102204e-01 (2.18850906e-02,1.18428399e-01) (-8.26518382e-02,-8.14459887e-02) (-8.62615491e-03,-2.79264996e-02)
5.71142285e-01 (2.39207063e-02,1.13676157e-01) (-7.94856332e-02,-8.20691673e-02) (-7.16257353e-03,-2.52289916e-02)
5.91182365e-01 (2.61483358e-02,1.08379074e-01) (-7.64554624e-02,-8.27498829e-02) (-6.23585302e-03,-2.31687675e-02)
6.11222445e-01 (2.86401253e-02,1.02322197e-01) (-7.35779963e-02,-8.34944874e-02) (-5.93367644e-03,-2.16599056e-02)
6.31262525e-01 (3.13579264e-02,9.50943409e-02) (-7.08779800e-02,-8.43110280e-02) (-6.42357943e-03,-2.04872511e-02)
6.51302605e-01 (3.39124503e-02,8.61272377e-02) (-6.83944971e-02,-8.52037771e-02) (-7.80797525e-03,-1.92026169e-02)
6.71342685e-01 (3.53434744e-02,7.50185874e-02) (-6.61832688e-02,-8.61595623e-02) (-9.86166968e-03,-1.71932418e-02)
6.91382766e-01 (3.42598414e-02,6.20814209e-02) (-6.43053076e-02,-8.71303152e-02) (-1.18858061e-02,-1.40297734e-02)
7.11422846e-01 (2.95141265e-02,4.86706529e-02) (-6.27992715e-02,-8.80270327e-02) (-1.29579528e-02,-9.87889139e-03)
7.31462926e-01 (2.10252928e-02,3.68018353e-02) (-6.16523181e-02,-8.87391013e-02) (-1.24977601e-02,-5.54430415e-03)
7.51503006e-01 (1.00237384e-02,2.81748409e-02) (-6.07932396e-02,-8.91731007e-02) (-1.06554797e-02,-1.99310847e-03)
7.71543086e-01 (-1.56573588e-03,2.33516688e-02) (-6.01165352e-02,-8.92854854e-02) (-8.15244645e-03,2.31106083e-04)
7.91583166e-01 (-1.20903722e-02,2.17125091e-02) (-5.95203631e-02,-8.90877540e-02) (-5.76155578e-03,1.20519327e-03)
8.11623246e-01 (-2.07419136e-02,2.20707380e-02) (-5.89330076e-02,-8.86264511e-02) (-3.91233406e-03,1.37561782e-03)
8.31663327e-01 (-2.74925165e-02,2.33438719e-02) (-5.83173088e-02,-8.79571327e-02) (-2.65541313e-03,1.19634757e-03)
8.51703407e-01 (-3.26999522e-02,2.48599064e-02) (-5.76605561e-02,-8.71278610e-02) (-1.84684269e-03,9.43017691e-04)
8.71743487e-01 (-3.67675625e-02,2.63168808e-02) (-5.69622197e-02,-8.61746904e-02) (-1.32214690e-03,7.22211609e-04)
8.91783567e-01 (-4.00010223e-02,2.76200979e-02) (-5.62260488e-02,-8.51236973e-02) (-9.67240539e-04,5.52170210e-04)
9.11823647e-01 (-4.26018203e-02,2.87555023e-02) (-5.54566753e-02,-8.39942739e-02) (-7.17385562e-04,4.23999083e-04)
9.31863727e-01 (-4.47024300e-02,2.97309032e-02) (-5.46586146e-02,-8.28015139e-02) (-5.36979744e-04,3.26710136e-04)
9.51903808e-01 (-4.63956323e-02,3.05580218e-02) (-5.38360730e-02,-8.15575884e-02) (-4.04803223e-04,2.52307326e-04)
9.71943888e-01 (-4.77505655e-02,3.12489382e-02) (-5.29929268e-02,-8.02725335e-02) (-3.06982570e-04,1.95199841e-04)
9.91983968e-01 (-4.88207630e-02,3.18154997e-02) (-5.21327240e-02,-7.89547519e-02) (-2.33983561e-04,1.51280171e-04)
1.01202405e+00 (-4.96486634e-02,3.22690160e-02) (-5.12586952e-02,-7.76113617e-02) (-1.79116214e-04,1.17441107e-04)
1.03206413e+00 (-5.02685324e-02,3.26200424e-02) (-5.03737717e-02,-7.62484520e-02) (-1.37624037e-04,9.13185075e-05)
1.05210421e+00 (-5.07084880e-02,3.28782913e-02) (-4.94806087e-02,-7.48712734e-02) (-1.06082899e-04,7.11137607e-05)
1.07214429e+00 (-5.09919373e-02,3.30526324e-02) (-4.85816083e-02,-7.34843821e-02) (-8.19992047e-05,5.54573182e-05)
1.09218437e+00 (-5.11386106e-02,3.31511391e-02) (-4.76789421e-02,-7.20917529e-02) (-6.35388243e-05,4.33042235e-05)
1.11222445e+00 (-5.11653222e-02,3.31811510e-02) (-4.67745722e-02,-7.06968667e-02) (-4.93412418e-05,3.38552585e-05)
1.13226453e+00 (-5.10865374e-02,3.31493408e-02) (-4.58702702e-02,-6.93027815e-02) (-3.83899558e-05,2.64976685e-05)
1.15230461e+00 (-5.09148049e-02,3.30617796e-02) (-4.49676342e-02,-6.79121897e-02) (-2.99207560e-05,2.07605542e-05)
1.17234469e+00 (-5.06610897e-02,3.29239961e-02) (-4.40681050e-02,-6.65274654e-02) (-2.33559953e-05,1.62812210e-05)
1.19238477e+00 (-5.03350339e-02,3.27410318e-02) (-4.31729795e-02,-6.51507035e-02) (-1.82569806e-05,1.27797244e-05)
1.21242485e+00 (-4.99451629e-02,3.25174889e-02) (-4.22834235e-02,-6.37837522e-02) (-1.42891649e-05,1.00395630e-05)
1.23246493e+00 (-4.94990514e-02,3.22575740e-02) (-4.14004831e-02,-6.24282417e-02) (-1.11964895e-05,7.89299092e-06)
1.25250501e+00 (-4.90034567e-02,3.19651356e-02) (-4.05250949e-02,-6.10856075e-02) (-8.78233447e-06,6.20981551e-06)
1.27254509e+00 (-4.84644292e-02,3.16436983e-02) (-3.96580950e-02,-5.97571114e-02) (-6.89528545e-06,4.88882945e-06)
1.29258517e+00 (-4.78874027e-02,3.12964927e-02) (-3.88002279e-02,-5.84438590e-02) (-5.41843964e-06,3.85124139e-06)
1.31262525e+00 (-4.72772704e-02,3.09264816e-02) (-3.79521539e-02,-5.71468161e-02) (-4.26133100e-06,3.03562723e-06)
1.33266533e+00 (-4.66384479e-02,3.05363837e-02) (-3.71144558e-02,-5.58668215e-02) (-3.35380596e-06,2.39404123e-06)
1.35270541e+00 (-4.59749277e-02,3.01286948e-02) (-3.62876456e-02,-5.46046001e-02) (-2.64136035e-06,1.88901432e-06)
1.37274549e+00 (-4.52903250e-02,2.97057064e-02) (-3.54721702e-02,-5.33607733e-02) (-2.08157624e-06,1.49123285e-06)
1.39278557e+00 (-4.45879172e-02,2.92695228e-02) (-3.46684167e-02,-5.21358689e-02) (-1.64139074e-06,1.17774018e-06)
1.41282565e+00 (-4.38706781e-02,2.88220761e-02) (-3.38767173e-02,-5.09303297e-02) (-1.29499638e-06,9.30541050e-07)
1.43286573e+00 (-4.31413082e-02,2.83651401e-02) (-3.30973537e-02,-4.97445213e-02) (-1.02222299e-06,7.35516967e-07)
1.45290581e+00 (-4.24022604e-02,2.79003427e-02) (-3.23305614e-02,-4.85787394e-02) (-8.07287662e-07,5.81581880e-07)
1.47294589e+00 (-4.16557631e-02,2.74291772e-02) (-3.15765334e-02,-4.74332158e-02) (-6.37827053e-07,4.60024207e-07)
1.49298597e+00 (-4.09038407e-02,2.69530127e-02) (-3.08354238e-02,-4.63081246e-02) (-5.04146826e-07,3.63993354e-07)
1.51302605e+00 (-4.01483317e-02,2.64731036e-02) (-3.01073511e-02,-4.52035876e-02) (-3.98638452e-07,2.88098559e-07)
1.53306613e+00 (-3.93909049e-02,2.59905978e-02) (-2.93924010e-02,-4.41196785e-02) (-3.15325347e-07,2.28095152e-07)
1.55310621e+00 (-3.86330738e-02,2.55065452e-02) (-2.86906292e-02,-4.30564280e-02) (-2.49509134e-07,1.80638926e-07)
1.57314629e+00 (-3.78762101e-02,2.50219047e-02) (-2.80020642e-02,-4.20138276e-02) (-1.97493573e-07,1.43093663e-07)
1.59318637e+00 (-3.71215549e-02,2.45375507e-02) (-2.73267097e-02,-4.09918330e-02) (-1.56368830e-07,1.13380172e-07)
1.61322645e+00 (-3.63702300e-02,2.40542797e-02) (-2.66645464e-02,-3.99903681e-02) (-1.23842719e-07,8.98577934e-08)
1.63326653e+00 (-3.56232472e-02,2.35728159e-02) (-2.60155345e-02,-3.90093275e-02) (-9.81085280e-08,7.12313145e-08)
1.65330661e+00 (-3.48815175e-02,2.30938163e-02) (-2.53796154e-02,-3.80485798e-02) (-7.77414180e-08,5.64777926e-08)
1.67334669e+00 (-3.41458587e-02,2.26178758e-02) (-2.47567133e-02,-3.71079702e-02) (-6.16171287e-08,4.47889934e-08)
1.69338677e+00 (-3.34170036e-02,2.21455317e-02) (-2.41467372e-02,-3.61873226e-02) (-4.88481430e-08,3.55260806e-08)
1.71342685e+00 (-3.26956061e-02,2.16772679e-02) (-2.35495821e-02,-3.52864422e-02) (-3.87335185e-08,2.81839288e-08)
1.73346693e+00 (-3.19822476e-02,2.12135189e-02) (-2.29651306e-02,-3.44051172e-02) (-3.07194310e-08,2.23630017e-08)
1.75350701e+00 (-3.12774430e-02,2.07546733e-02) (-2.23932540e-02,-3.35431213e-02) (-2.43681225e-08,1.77471777e-08)
1.77354709e+00 (-3.05816458e-02,2.03010773e-02) (-2.18338137e-02,-3.27002145e-02) (-1.93334479e-08,1.40862588e-08)
1.79358717e+00 (-2.98952529e-02,1.98530378e-02) (-2.12866622e-02,-3.18761458e-02) (-1.53416060e-08,1.11821654e-08)
1.81362725e+00 (-2.92186092e-02,1.94108256e-02) (-2.07516441e-02,-3.10706536e-02) (-1.21759479e-08,8.87803691e-09)
1.83366733e+00 (-2.85520117e-02,1.89746776e-02) (-2.02285972e-02,-3.02834681e-02) (-9.66499400e-09,7.04962211e-09)
1.85370741e+00 (-2.78957137e-02,1.85447998e-02) (-1.97173531e-02,-2.95143115e-02) (-7.67297650e-09,5.59847600e-09)
1.87374749e+00 (-2.72499277e-02,1.81213697e-02) (-1.92177384e-02,-2.87629001e-02) (-6.09237266e-09,4.44658183e-09)
1.89378758e+00 (-2.66148291e-02,1.77045381e-02) (-1.87295750e-02,-2.80289447e-02) (-4.83800558e-09,3.53209813e-09)
1.91382766e+00 (-2.59905595e-02,1.72944315e-02) (-1.82526814e-02,-2.73121519e-02) (-3.84238387e-09,2.80599492e-09)
1.93386774e+00 (-2.53772288e-02,1.68911539e-02) (-1.77868725e-02,-2.66122248e-02) (-3.05201698e-09,2.22939191e-09)
1.95390782e+00 (-2.47749186e-02,1.64947888e-02) (-1.73319612e-02,-2.59288641e-02) (-2.42450152e-09,1.77145157e-09)
1.97394790e+00 (-2.41836842e-02,1.61054004e-02) (-1.68877578e-02,-2.52617684e-02) (-1.92621569e-09,1.40771088e-09)
1.99398798e+00 (-2.36035568e-02,1.57230358e-02) (-1.64540716e-02,-2.46106352e-02) (-1.53049543e-09,1.11876031e-09)
2.01402806e+00 (-2.30345459e-02,1.53477258e-02) (-1.60307106e-02,-2.39751617e-02) (-1.21619079e-09,8.89197493e-10)
2.03406814e+00 (-2.24766411e-02,1.49794867e-02) (-1.56174821e-02,-2.33550447e-02) (-9.66522350e-10,7.06797955e-10)
2.05410822e+00 (-2.19298135e-02,1.46183213e-02) (-1.52141935e-02,-2.27499820e-02) (-7.68176005e-10,5.61858032e-10)
2.07414830e+00 (-2.13940183e-02,1.42642203e-02) (-1.48206518e-02,-2.21596721e-02) (-6.10585334e-10,4.46673907e-10)
2.09418838e+00 (-2.08691954e-02,1.39171631e-02) (-1.44366648e-02,-2.15838151e-02) (-4.85363426e-10,3.55128693e-10)
2.11422846e+00 (-2.03552712e-02,1.35771192e-02) (-1.40620409e-02,-2.10221128e-02) (-3.85852480e-10,2.82364955e-10)
2.13426854e+00 (-1.98521601e-02,1.32440486e-02) (-1.36965894e-02,-2.04742693e-02) (-3.06766077e-10,2.24524741e-10)
2.15430862e+00 (-1.93597656e-02,1.29179032e-02) (-1.33401208e-02,-1.99399910e-02) (-2.43906649e-10,1.78543765e-10)
2.17434870e+00 (-1.88779812e-02,1.25986273e-02) (-1.29924472e-02,-1.94189874e-02) (-1.93940819e-10,1.41987866e-10)
2.19438878e+00 (-1.84066918e-02,1.22861585e-02) (-1.26533820e-02,-1.89109708e-02) (-1.54220555e-10,1.12923007e-10)
2.21442886e+00 (-1.79457746e-02,1.19804282e-02) (-1.23227407e-02,-1.84156567e-02) (-1.22642674e-10,8.98125946e-11)
2.23446894e+00 (-1.74950998e-02,1.16813627e-02) (-1.20003406e-02,-1.79327643e-02) (-9.75363856e-11,7.14356306e-11)
2.25450902e+00 (-1.70545316e-02,1.13888832e-02) (-1.16860011e-02,-1.74620160e-02) (-7.75737995e-11,5.68216330e-11)
2.27454910e+00 (-1.66239290e-02,1.11029067e-02) (-1.13795438e-02,-1.70031385e-02) (-6.17001399e-11,4.51994294e-11)
2.29458918e+00 (-1.62031464e-02,1.08233466e-02) (-1.10807926e-02,-1.65558620e-02) (-4.90772285e-11,3.59560810e-11)
2.31462926e+00 (-1.57920343e-02,1.05501129e-02) (-1.07895738e-02,-1.61199209e-02) (-3.90385954e-11,2.86042279e-11)
2.33466934e+00 (-1.53904400e-02,1.02831128e-02) (-1.05057163e-02,-1.56950537e-02) (-3.10547272e-11,2.27565086e-11)
2.35470942e+00 (-1.49982079e-02,1.00222513e-02) (-1.02290514e-02,-1.52810031e-02) (-2.47047694e-11,1.81049870e-11)
2.37474950e+00 (-1.46151804e-02,9.76743095e-03) (-9.95941321e-03,-1.48775161e-02) (-1.96539707e-11,1.44047653e-11)
2.39478958e+00 (-1.42411979e-02,9.51855298e-03) (-9.69663835e-03,-1.44843440e-02) (-1.56364400e-11,1.14612052e-11)
2.41482966e+00 (-1.38760997e-02,9.27551710e-03) (-9.44056624e-03,-1.41012424e-02) (-1.24407030e-11,9.11949803e-12)
2.43486974e+00 (-1.35197240e-02,9.03822194e-03) (-9.19103902e-03,-1.37279714e-02) (-9.89837162e-12,7.25644051e-12)
2.45490982e+00 (-1.31719086e-02,8.80656534e-03) (-8.94790163e-03,-1.33642955e-02) (-7.87584728e-12,5.77416620e-12)
2.47494990e+00 (-1.28324908e-02,8.58044457e-03) (-8.71100179e-03,-1.30099836e-02) (-6.26682840e-12,4.59482357e-12)
2.49498998e+00 (-1.25013082e-02,8.35975655e-03) (-8.48019002e-03,-1.26648091e-02) (-4.98661138e-12,3.65643128e-12)
2.51503006e+00 (-1.21781988e-02,8.14439810e-03) (-8.25531967e-03,-1.23285496e-02) (-3.96809012e-12,2.90978030e-12)
2.53507014e+00 (-1.18630009e-02,7.93426607e-03) (-8.03624688e-03,-1.20009874e-02) (-3.15769627e-12,2.31565656e-12)
2.55511022e+00 (-1.15555538e-02,7.72925755e-03) (-7.82283062e-03,-1.16819091e-02) (-2.51281265e-12,1.84286290e-12)
2.57515030e+00 (-1.12556979e-02,7.52927002e-03) (-7.61493264e-03,-1.13711055e-02) (-1.99974442e-12,1.46665759e-12)
2.59519038e+00 (-1.09632746e-02,7.33420148e-03) (-7.41241750e-03,-1.10683720e-02) (-1.59145892e-12,1.16727544e-12)
2.61523046e+00 (-1.06781269e-02,7.14395059e-03) (-7.21515252e-03,-1.07735082e-02) (-1.26655793e-12,9.29020980e-13)
2.63527054e+00 (-1.04000992e-02,6.95841679e-03) (-7.02300777e-03,-1.04863178e-02) (-1.00800954e-12,7.39409057e-13)
2.65531062e+00 (-1.01290375e-02,6.77750041e-03) (-6.83585606e-03,-1.02066090e-02) (-8.02230701e-13,5.88495366e-13)
2.67535070e+00 (-9.86478966e-03,6.60110271e-03) (-6.65357288e-03,-9.93419392e-03) (-6.38477576e-13,4.68393179e-13)
2.69539078e+00 (-9.60720544e-03,6.42912607e-03) (-6.47603643e-03,-9.66888898e-03) (-5.08179279e-13,3.72816905e-13)
2.71543086e+00 (-9.35613654e-03,6.26147394e-03) (-6.30312753e-03,-9.41051458e-03) (-4.04465317e-13,2.96743661e-13)
2.73547094e+00 (-9.11143673e-03,6.09805100e-03) (-6.13472963e-03,-9.15889516e-03) (-3.21930212e-13,2.36198521e-13)
2.75551102e+00 (-8.87296189e-03,5.93876319e-03) (-5.97072876e-03,-8.91385911e-03) (-2.56238545e-13,1.88008545e-13)
2.77555110e+00 (-8.64057010e-03,5.78351775e-03) (-5.81101348e-03,-8.67523872e-03) (-2.03955568e-13,1.49653712e-13)
2.79559118e+00 (-8.41412169e-03,5.63222327e-03) (-5.65547489e-03,-8.44287012e-03) (-1.62356416e-13,1.19127322e-13)
2.81563126e+00 (-8.19347926e-03,5.48478974e-03) (-5.50400652e-03,-8.21659321e-03) (-1.29195294e-13,9.48103082e-14)
2.83567134e+00 (-7.97850773e-03,5.34112855e-03) (-5.35650438e-03,-7.99625161e-03) (-1.02852182e-13,7.54730607e-14)
2.85571142e+00 (-7.76907438e-03,5.20115256e-03) (-5.21286685e-03,-7.78169259e-03) (-8.18638507e-14,6.00756718e-14)
2.87575150e+00 (-7.56504883e-03,5.06477610e-03) (-5.07299466e-03,-7.57276700e-03) (-6.51565189e-14,4.78198668e-14)
2.89579158e+00 (-7.36630312e-03,4.93191500e-03) (-4.93679088e-03,-7.36932921e-03) (-5.18886896e-14,3.80749227e-14)
2.91583166e+00 (-7.17271165e-03,4.80248656e-03) (-4.80416082e-03,-7.17123705e-03) (-4.12832219e-14,3.02995602e-14)
2.93587174e+00 (-6.98415125e-03,4.67640963e-03) (-4.67501205e-03,-6.97835174e-03) (-3.28491811e-14,2.41123083e-14)
2.95591182e+00 (-6.80050113e-03,4.55360456e-03) (-4.54925432e-03,-6.79053782e-03) (-2.61600613e-14,1.91983926e-14)
2.97595190e+00 (-6.62164292e-03,4.43399323e-03) (-4.42679954e-03,-6.60766310e-03) (-2.08216245e-14,1.52828582e-14)
2.99599198e+00 (-6.44746061e-03,4.31749905e-03) (-4.30756171e-03,-6.42959857e-03) (-1.65758746e-14,1.21676133e-14)
3.01603206e+00 (-6.27784059e-03,4.20404694e-03) (-4.19145691e-03,-6.25621835e-03) (-1.32084639e-14,9.69122526e-15)
3.03607214e+00 (-6.11267162e-03,4.09356334e-03) (-4.07840324e-03,-6.08739964e-03) (-1.04975298e-14,7.70784611e-15)
3.05611222e+00 (-5.95184480e-03,3.98597620e-03) (-3.96832079e-03,-5.92302262e-03) (-8.35779282e-15,6.13592704e-15)
3.07615230e+00 (-5.79525355e-03,3.88121499e-03) (-3.86113159e-03,-5.76297043e-03) (-6.66315190e-15,4.88898532e-15)
3.09619238e+00 (-5.64279363e-03,3.77921065e-03) (-3.75675957e-03,-5.60712904e-03) (-5.29802418e-15,3.89025269e-15)
3.11623246e+00 (-5.49436306e-03,3.67989561e-03) (-3.65513053e-03,-5.45538729e-03) (-4.22193776e-15,3.09786511e-15)
3.13627255e+00 (-5.34986214e-03,3.58320375e-03) (-3.55617207e-03,-5.30763671e-03) (-3.35410138e-15,2.46216232e-15)
3.15631263e+00 (-5.20919338e-03,3.48907043e-03) (-3.45981361e-03,-5.16377155e-03) (-2.66190941e-15,1.95484381e-15)
3.17635271e+00 (-5.07226151e-03,3.39743242e-03) (-3.36598627e-03,-5.02368869e-03) (-2.11458743e-15,1.55336190e-15)
3.19639279e+00 (-4.93897345e-03,3.30822792e-03) (-3.27462290e-03,-4.88728756e-03) (-1.68417954e-15,1.23867620e-15)
3.21643287e+00 (-4.80923825e-03,3.22139654e-03) (-3.18565802e-03,-4.75447010e-03) (-1.36373934e-15,9.96545198e-16)
3.23647295e+00 (-4.68296707e-03,3.13687925e-03) (-3.09902774e-03,-4.62514071e-03) (-1.07339202e-15,7.88823138e-16)
3.25651303e+00 (-4.56007318e-03,3.05461840e-03) (-3.01466981e-03,-4.49920616e-03) (-8.47640528e-16,6.24187066e-16)
3.27655311e+00 (-4.44047188e-03,2.97455767e-03) (-2.93252349e-03,-4.37657559e-03) (-6.82364715e-16,4.99661197e-16)
3.29659319e+00 (-4.32408049e-03,2.89664209e-03) (-2.85252959e-03,-4.25716040e-03) (-5.39870929e-16,3.97241984e-16)
3.31663327e+00 (-4.21081831e-03,2.82081796e-03) (-2.77463038e-03,-4.14087421e-03) (-4.35512006e-16,3.17749591e-16)
3.33667335e+00 (-4.10060661e-03,2.74703288e-03) (-2.69876957e-03,-4.02763283e-03) (-3.35034730e-16,2.47896943e-16)
3.35671343e+00 (-3.99336854e-03,2.67523570e-03) (-2.62489231e-03,-3.91735417e-03) (-2.69292433e-16,1.98201185e-16)
3.37675351e+00 (-3.88902918e-03,2.60537652e-03) (-2.55294510e-03,-3.80995823e-03) (-2.21027518e-16,1.61160813e-16)
3.39679359e+00 (-3.78751541e-03,2.53740665e-03) (-2.48287580e-03,-3.70536701e-03) (-1.74240589e-16,1.28629387e-16)
3.41683367e+00 (-3.68875595e-03,2.47127860e-03) (-2.41463356e-03,-3.60350449e-03) (-1.43668427e-16,1.04785376e-16)
3.43687375e+00 (-3.59268129e-03,2.40694604e-03) (-2.34816883e-03,-3.50429655e-03) (-1.14432182e-16,8.33638872e-17)
3.45691383e+00 (-3.49922366e-03,2.34436381e-03) (-2.28343329e-03,-3.40767096e-03) (-8.63402590e-17,6.30380295e-17)
3.47695391e+00 (-3.40831701e-03,2.28348787e-03) (-2.22037986e-03,-3.31355730e-03) (-5.94704016e-17,4.49641668e-17)
3.49699399e+00 (-3.31989697e-03,2.22427529e-03) (-2.15896261e-03,-3.22188694e-03) (-4.61164723e-17,3.51592164e-17)
3.51703407e+00 (-3.23390078e-03,2.16668423e-03) (-2.09913679e-03,-3.13259298e-03) (-4.54449198e-17,3.30305353e-17)
3.53707415e+00 (-3.15026734e-03,2.11067391e-03) (-2.04085878e-03,-3.04561019e-03) (-4.46276451e-17,3.10948769e-17)
3.55711423e+00 (-3.06893707e-03,2.05620459e-03) (-1.98408603e-03,-2.96087500e-03) (-3.22757726e-17,2.34810103e-17)
3.57715431e+00 (-2.98985199e-03,2.00323756e-03) (-1.92877709e-03,-2.87832544e-03) (-2.07451538e-17,1.52231880e-17)
3.59719439e+00 (-2.91295558e-03,1.95173512e-03) (-1.87489152e-03,-2.79790110e-03) (-9.62908495e-18,8.39605540e-18)
3.61723447e+00 (-2.83819283e-03,1.90166054e-03) (-1.82238992e-03,-2.71954309e-03) (-9.53798753e-18,8.09531512e-18)
3.63727455e+00 (-2.76551018e-03,1.85297805e-03) (-1.77123387e-03,-2.64319400e-03) (-1.98576990e-17,1.20536334e-17)
3.65731463e+00 (-2.69485547e-03,1.80565282e-03) (-1.72138591e-03,-2.56879785e-03) (-9.29787483e-18,6.82650287e-18)
3.67735471e+00 (-2.62617793e-03,1.75965096e-03) (-1.67280951e-03,-2.49630007e-03) (6.71796793e-19,1.77129348e-18)
3.69739479e+00 (-2.55942815e-03,1.71493946e-03) (-1.62546906e-03,-2.42564747e-03) (-9.08500841e-18,5.50537117e-18)
3.71743487e+00 (-2.49455807e-03,1.67148620e-03) (-1.57932984e-03,-2.35678816e-03) (-8.86678636e-18,5.38415198e-18)
3.73747495e+00 (-2.43152089e-03,1.62925992e-03) (-1.53435799e-03,-2.28967156e-03) (2.63770857e-19,8.25645370e-19)
3.75751503e+00 (-2.37027110e-03,1.58823022e-03) (-1.49052049e-03,-2.22424834e-03) (1.59123441e-19,9.61728329e-21)
3.77755511e+00 (-2.31076443e-03,1.54836750e-03) (-1.44778512e-03,-2.16047041e-03) (2.39384631e-19,7.22320835e-19)
3.79759519e+00 (-2.25295782e-03,1.50964300e-03) (-1.40612049e-03,-2.09829084e-03) (-7.90865636e-18,4.77445875e-18)
3.81763527e+00 (-2.19680942e-03,1.47202873e-03) (-1.36549596e-03,-2.03766389e-03) (-7.69651052e-18,4.66382600e-18)
3.83767535e+00 (-2.14227850e-03,1.43549748e-03) (-1.32588165e-03,-1.97854492e-03) (2.45798954e-19,7.17527847e-19)
3.85771543e+00 (-2.08932552e-03,1.40002279e-03) (-1.28724841e-03,-1.92089039e-03) (7.12411186e-20,1.03107271e-20)
3.87775551e+00 (-2.03791200e-03,1.36557895e-03) (-1.24956778e-03,-1.86465784e-03) (-1.29318346e-20,-2.72763325e-20)
3.89779559e+00 (-1.98800058e-03,1.33214097e-03) (-1.21281204e-03,-1.80980581e-03) (2.00939589e-20,2.40896686e-21)
3.91783567e+00 (-1.93955494e-03,1.29968457e-03) (-1.17695409e-03,-1.75629388e-03) (-1.26384888e-20,4.22776548e-21)
3.93787575e+00 (-1.89253982e-03,1.26818616e-03) (-1.14196751e-03,-1.70408257e-03) (3.27508864e-21,-1.06044455e-20)
3.95791583e+00 (-1.84692096e-03,1.23762284e-03) (-1.10782651e-03,-1.65313339e-03) (3.60525163e-21,8.63297070e-21)
3.97795591e+00 (-1.80266511e-03,1.20797235e-03) (-1.07450590e-03,-1.60340873e-03) (-4.47253969e-21,-5.03600149e-21)
3.99799599e+00 (-1.75973997e-03,1.17921309e-03) (-1.04198112e-03,-1.55487188e-03) (3.14026312e-21,-1.07280942e-21)
4.01803607e+00 (-1.71811420e-03,1.15132411e-03) (-1.01022816e-03,-1.50748703e-03) (-1.26318527e-21,1.83387082e-21)
4.03807615e+00 (-1.67775740e-03,1.12428505e-03) (-9.79223573e-04,-1.46121917e-03) (-1.13129948e-21,-2.23272092e-21)
4.05811623e+00 (-1.63864006e-03,1.09807618e-03) (-9.48944482e-04,-1.41603412e-03) (2.27655787e-21,7.46997861e-22)
4.07815631e+00 (-1.60073358e-03,1.07267836e-03) (-9.19368519e-04,-1.37189851e-03) (-1.33351480e-21,4.64245862e-22)
4.09819639e+00 (-1.56401022e-03,1.04807302e-03) (-8.90473838e-04,-1.32877970e-03) (-7.82963598e-23,-1.41107970e-21)
4.11823647e+00 (-1.52844308e-03,1.02424217e-03) (-8.62239088e-04,-1.28664584e-03) (5.57545024e-22,6.24811711e-22)
4.13827655e+00 (-1.49400612e-03,1.00116838e-03) (-8.34643402e-04,-1.24546577e-03) (1.01384744e-22,-2.35118335e-22)
4.15831663e+00 (-1.46067409e-03,9.78834751e-04) (-8.07666382e-04,-1.20520904e-03) (3.80513701e-23,9.33544038e-24)
4.17835671e+00 (-1.42842255e-03,9.57224926e-04) (-7.81288081e-04,-1.16584586e-03) (-1.15142880e-22,1.19982066e-22)
4.19839679e+00 (-1.39722784e-03,9.36323072e-04) (-7.55488992e-04,-1.12734713e-03) (5.85929343e-23,-5.03208770e-23)
4.21843687e+00 (-1.36706708e-03,9.16113864e-04) (-7.30250030e-04,-1.08968435e-03) (4.87389398e-23,1.11177114e-22)
4.23847695e+00 (-1.33791812e-03,8.96582482e-04) (-7.05552524e-04,-1.05282964e-03) (-5.13849801e-23,2.28907049e-23)
4.25851703e+00 (-1.30975954e-03,8.77714593e-04) (-6.81378199e-04,-1.01675574e-03) (-8.44806975e-24,-1.89026590e-23)
4.27855711e+00 (-1.28257066e-03,8.59496348e-04) (-6.57709164e-04,-9.81435937e-04) (1.57006963e-23,-9.01261167e-24)
4.29859719e+00 (-1.25633150e-03,8.41914369e-04) (-6.34527898e-04,-9.46844075e-04) (1.41718309e-23,7.46696151e-24)
4.31863727e+00 (-1.23102277e-03,8.24955740e-04) (-6.11817238e-04,-9.12954541e-04) (-6.55425992e-24,1.26059961e-23)
4.33867735e+00 (-1.20662584e-03,8.08608000e-04) (-5.89560370e-04,-8.79742233e-04) (-6.38871916e-24,-7.84275077e-24)
4.35871743e+00 (-1.18312277e-03,7.92859132e-04) (-5.67740810e-04,-8.47182551e-04) (3.69419165e-24,-1.93102320e-24)
4.37875752e+00 (-1.16049627e-03,7.77697555e-04) (-5.46342397e-04,-8.15251373e-04) (1.04402360e-25,1.12182520e-24)
4.39879760e+00 (-1.13872968e-03,7.63112117e-04) (-5.25349280e-04,-7.83925039e-04) (-4.79330950e-25,-4.45242939e-25)
4.41883768e+00 (-1.11780697e-03,7.49092088e-04) (-5.04745905e-04,-7.53180336e-04) (1.20087949e-25,-1.11168702e-25)
4.43887776e+00 (-1.09771274e-03,7.35627149e-04) (-4.84517006e-04,-7.22994478e-04) (-1.00473120e-25,-6.57163764e-26)
4.45891784e+00 (-1.07843217e-03,7.22707389e-04) (-4.64647592e-04,-6.93345093e-04) (1.36348746e-25,9.61632660e-27)
4.47895792e+00 (-1.05995107e-03,7.10323295e-04) (-4.45122936e-04,-6.64210200e-04) (-2.16523770e-26,4.69620975e-26)
4.49899800e+00 (-1.04225582e-03,6.98465746e-04) (-4.25928567e-04,-6.35568200e-04) (-5.62579137e-27,5.21348085e-26)
4.51903808e+00 (-1.02533337e-03,6.87126008e-04) (-4.07050254e-04,-6.07397858e-04) (2.23739099e-26,-2.24184926e-26)
4.53907816e+00 (-1.00917124e-03,6.76295727e-04) (-3.88474003e-04,-5.79678285e-04) (2.16014051e-26,2.69771554e-26)
4.55911824e+00 (-9.93757523e-04,6.65966921e-04) (-3.70186038e-04,-5.52388925e-04) (-3.03876008e-27,1.89743576e-26)
4.57915832e+00 (-9.79080847e-04,6.56131979e-04) (-3.52172800e-04,-5.25509539e-04) (3.45119276e-26,1.21788145e-26)
4.59919840e+00 (-9.65130388e-04,6.46783651e-04) (-3.34420928e-04,-4.99020190e-04) (-1.65625188e-26,6.32455403e-27)
4.61923848e+00 (-9.51895854e-04,6.37915046e-04) (-3.16917258e-04,-4.72901229e-04) (4.40164560e-26,2.90418307e-26)
4.63927856e+00 (-9.39367484e-04,6.29519624e-04) (-2.99648805e-04,-4.47133281e-04) (-1.27352428e-26,-2.67782367e-27)
4.65931864e+00 (-9.27536032e-04,6.21591195e-04) (-2.82602761e-04,-4.21697230e-04) (3.58341592e-26,3.29089524e-26)
4.67935872e+00 (-9.16392770e-04,6.14123912e-04) (-2.65766480e-04,-3.96574203e-04) (-6.55608944e-27,3.54758086e-27)
4.69939880e+00 (-9.05929474e-04,6.07112269e-04) (-2.49127470e-04,-3.71745560e-04) (3.40791011e-26,3.24840855e-26)
4.71943888e+00 (-8.96138424e-04,6.00551094e-04) (-2.32673386e-04,-3.47192877e-04) (-3.32885587e-27,1.26472559e-26)
4.73947896e+00 (-8.87012395e-04,5.94435549e-04) (-2.16392020e-04,-3.22897934e-04) (3.78138317e-26,3.19002030e-26)
4.75951904e+00 (-8.78544652e-04,5.88761123e-04) (-2.00271288e-04,-2.98842702e-04) (-5.51262492e-27,1.71037145e-26)
4.77955912e+00 (-8.70728947e-04,5.83523632e-04) (-1.84299229e-04,-2.75009328e-04) (4.18495744e-26,3.83852374e-26)
4.79959920e+00 (-8.63559513e-04,5.78719213e-04) (-1.68463988e-04,-2.51380122e-04) (-5.94150836e-28,1.62462872e-26)
4.81963928e+00 (-8.57031062e-04,5.74344325e-04) (-1.52753813e-04,-2.27937547e-04) (3.81458968e-26,4.34512937e-26)
4.83967936e+00 (-8.51138778e-04,5.70395742e-04) (-1.37157043e-04,-2.04664201e-04) (1.15239163e-26,2.00738258e-26)
4.85971944e+00 (-8.45878316e-04,5.66870554e-04) (-1.21662101e-04,-1.81542808e-04) (3.25223292e-26,3.82151778e-26)
4.87975952e+00 (-8.41245797e-04,5.63766165e-04) (-1.06257486e-04,-1.58556204e-04) (1.69399363e-26,3.06815192e-26)
4.89979960e+00 (-8.37237809e-04,5.61080289e-04) (-9.09317610e-05,-1.35687326e-04) (3.69492630e-26,3.25196565e-26)
4.91983968e+00 (-8.33851400e-04,5.58810948e-04) (-7.56735500e-05,-1.12919194e-04) (1.73353421e-26,3.04947316e-26)
4.93987976e+00 (-8.31084078e-04,5.56956476e-04) (-6.04715249e-05,-9.02349046e-05) (3.61938693e-26,3.50003048e-26)
4.95991984e+00 (-8.28933812e-04,5.55515511e-04) (-4.53143994e-05,-6.76176166e-05) (2.42659824e-26,2.87362129e-26)
4.97995992e+00 (-8.27399024e-04,5.54486997e-04) (-3.01909200e-05,-4.50505365e-05) (3.26157402e-26,3.52210713e-26)
5.00000000e+00 (-8.26171638e-04,5.53664484e-04) (-1.50898577e-05,-2.25169083e-05) (2.86982440e-26,3.09077106e-26)
