1.05 	 500
Z	 ux	 uz 	 rho
-2.00000000e+00 (-1.47472692e-02,2.17604054e-02) (1.83153700e-04,1.24125310e-04) (-5.83543382e-09,-3.99568167e-09)
-1.99198397e+00 (-1.47487970e-02,2.17630009e-02) (3.66318335e-04,2.48257051e-04) (-5.70690515e-09,-3.88551620e-09)
-1.98396794e+00 (-1.47507061e-02,2.17662419e-02) (5.49504817e-04,3.72401652e-04) (-5.49253192e-09,-3.71084668e-09)
-1.97595190e+00 (-1.47533768e-02,2.17707704e-02) (7.32724010e-04,4.96565531e-04) (-5.19320084e-09,-3.48255012e-09)
-1.96793587e+00 (-1.47568063e-02,2.17765787e-02) (9.15986723e-04,6.20755089e-04) (-4.81161050e-09,-3.21379599e-09)
-1.95991984e+00 (-1.47609908e-02,2.17836582e-02) (1.09930369e-03,7.44976700e-04) (-4.35252292e-09,-2.91958144e-09)
-1.95190381e+00 (-1.47659250e-02,2.17919993e-02) (1.28268558e-03,8.69236697e-04) (-3.82279844e-09,-2.61588385e-09)
-1.94388778e+00 (-1.47716030e-02,2.18015921e-02) (1.46614296e-03,9.93541369e-04) (-3.23135665e-09,-2.31901455e-09)
-1.93587174e+00 (-1.47780178e-02,2.18124265e-02) (1.64968633e-03,1.11789695e-03) (-2.58921936e-09,-2.04491362e-09)
-1.92785571e+00 (-1.47851616e-02,2.18244922e-02) (1.83332609e-03,1.24230961e-03) (-1.90934603e-09,-1.80839832e-09)
-1.91983968e+00 (-1.47930261e-02,2.18377789e-02) (2.01707257e-03,1.36678544e-03) (-1.20641979e-09,-1.62249825e-09)
-1.91182365e+00 (-1.48016022e-02,2.18522763e-02) (2.20093600e-03,1.49133049e-03) (-4.96428622e-10,-1.49784549e-09)
-1.90380762e+00 (-1.48108806e-02,2.18679740e-02) (2.38492652e-03,1.61595069e-03) (2.03748603e-10,-1.44218383e-09)
-1.89579158e+00 (-1.48208514e-02,2.18848618e-02) (2.56905420e-03,1.74065192e-03) (8.76931183e-10,-1.45998875e-09)
-1.88777555e+00 (-1.48315046e-02,2.19029292e-02) (2.75332900e-03,1.86543997e-03) (1.50621593e-09,-1.55225898e-09)
-1.87975952e+00 (-1.48428296e-02,2.19221660e-02) (2.93776082e-03,1.99032054e-03) (2.07566041e-09,-1.71643455e-09)
-1.87174349e+00 (-1.48548159e-02,2.19425616e-02) (3.12235945e-03,2.11529923e-03) (2.57088925e-09,-1.94654370e-09)
-1.86372745e+00 (-1.48674525e-02,2.19641055e-02) (3.30713460e-03,2.24038156e-03) (2.97976678e-09,-2.23345935e-09)
-1.85571142e+00 (-1.48807281e-02,2.19867870e-02) (3.49209590e-03,2.36557298e-03) (3.29287711e-09,-2.56536835e-09)
-1.84769539e+00 (-1.48946314e-02,2.20105954e-02) (3.67725286e-03,2.49087879e-03) (3.50403924e-09,-2.92840875e-09)
-1.83967936e+00 (-1.49091508e-02,2.20355196e-02) (3.86261494e-03,2.61630425e-03) (3.61045352e-09,-3.30721453e-09)
-1.83166333e+00 (-1.49242744e-02,2.20615485e-02) (4.04819147e-03,2.74185448e-03) (3.61305961e-09,-3.68587859e-09)
-1.82364729e+00 (-1.49399899e-02,2.20886706e-02) (4.23399170e-03,2.86753452e-03) (3.51629551e-09,-4.04867839e-09)
-1.81563126e+00 (-1.49562851e-02,2.21168743e-02) (4.42002480e-03,2.99334930e-03) (3.32802636e-09,-4.38080904e-09)
-1.80761523e+00 (-1.49731473e-02,2.21461479e-02) (4.60629981e-03,3.11930364e-03) (3.05904701e-09,-4.66926326e-09)
-1.79959920e+00 (-1.49905635e-02,2.21764791e-02) (4.79282569e-03,3.24540228e-03) (2.72259646e-09,-4.90334069e-09)
-1.79158317e+00 (-1.50085206e-02,2.22078555e-02) (4.97961128e-03,3.37164980e-03) (2.33365086e-09,-5.07521397e-09)
-1.78356713e+00 (-1.50270050e-02,2.22402646e-02) (5.16666534e-03,3.49805072e-03) (1.90817592e-09,-5.18019331e-09)
-1.77555110e+00 (-1.50460029e-02,2.22736933e-02) (5.35399650e-03,3.62460941e-03) (1.46228916e-09,-5.21692145e-09)
-1.76753507e+00 (-1.50655001e-02,2.23081284e-02) (5.54161328e-03,3.75133013e-03) (1.01147034e-09,-5.18720305e-09)
-1.75951904e+00 (-1.50854822e-02,2.23435563e-02) (5.72952411e-03,3.87821702e-03) (5.69797030e-10,-5.09582556e-09)
-1.75150301e+00 (-1.51059344e-02,2.23799630e-02) (5.91773727e-03,4.00527412e-03) (1.49294243e-10,-4.95003422e-09)
-1.74348697e+00 (-1.51268414e-02,2.24173344e-02) (6.10626096e-03,4.13250530e-03) (-2.40574929e-10,-4.75899063e-09)
-1.73547094e+00 (-1.51481878e-02,2.24556559e-02) (6.29510322e-03,4.25991433e-03) (-5.93242211e-10,-4.53300521e-09)
-1.72745491e+00 (-1.51699576e-02,2.24949124e-02) (6.48427200e-03,4.38750485e-03) (-9.05148463e-10,-4.28283408e-09)
-1.71943888e+00 (-1.51921346e-02,2.25350888e-02) (6.67377510e-03,4.51528035e-03) (-1.17568630e-09,-4.01886874e-09)
-1.71142285e+00 (-1.52147019e-02,2.25761694e-02) (6.86362019e-03,4.64324419e-03) (-1.40690523e-09,-3.75045149e-09)
-1.70340681e+00 (-1.52376425e-02,2.26181380e-02) (7.05381482e-03,4.77139958e-03) (-1.60306381e-09,-3.48524280e-09)
-1.69539078e+00 (-1.52609390e-02,2.26609783e-02) (7.24436640e-03,4.89974960e-03) (-1.77000539e-09,-3.22879269e-09)
-1.68737475e+00 (-1.52845732e-02,2.27046733e-02) (7.43528219e-03,5.02829715e-03) (-1.91449308e-09,-2.98423740e-09)
-1.67935872e+00 (-1.53085268e-02,2.27492058e-02) (7.62656932e-03,5.15704502e-03) (-2.04343375e-09,-2.75223737e-09)
-1.67134269e+00 (-1.53327810e-02,2.27945581e-02) (7.81823475e-03,5.28599580e-03) (-2.16315993e-09,-2.53110497e-09)
-1.66332665e+00 (-1.53573163e-02,2.28407121e-02) (8.01028533e-03,5.41515195e-03) (-2.27874727e-09,-2.31715588e-09)
-1.65531062e+00 (-1.53821131e-02,2.28876491e-02) (8.20272770e-03,5.54451576e-03) (-2.39351265e-09,-2.10519873e-09)
-1.64729459e+00 (-1.54071510e-02,2.29353500e-02) (8.39556840e-03,5.67408933e-03) (-2.50861131e-09,-1.88917024e-09)
-1.63927856e+00 (-1.54324092e-02,2.29837954e-02) (8.58881375e-03,5.80387461e-03) (-2.62288355e-09,-1.66285342e-09)
-1.63126253e+00 (-1.54578665e-02,2.30329651e-02) (8.78246996e-03,5.93387337e-03) (-2.73288002e-09,-1.42059937e-09)
-1.62324649e+00 (-1.54835009e-02,2.30828387e-02) (8.97654303e-03,6.06408719e-03) (-2.83311567e-09,-1.15802826e-09)
-1.61523046e+00 (-1.55092901e-02,2.31333951e-02) (9.17103879e-03,6.19451747e-03) (-2.91650653e-09,-8.72627579e-10)
-1.60721443e+00 (-1.55352112e-02,2.31846126e-02) (9.36596290e-03,6.32516542e-03) (-2.97498269e-09,-5.64196010e-10)
-1.59919840e+00 (-1.55612406e-02,2.32364692e-02) (9.56132085e-03,6.45603205e-03) (-3.00018009e-09,-2.35091574e-10)
-1.59118236e+00 (-1.55873543e-02,2.32889421e-02) (9.75711790e-03,6.58711817e-03) (-2.98420979e-09,1.09708418e-10)
-1.58316633e+00 (-1.56135276e-02,2.33420080e-02) (9.95335915e-03,6.71842439e-03) (-2.92040857e-09,4.62780856e-10)
-1.57515030e+00 (-1.56397353e-02,2.33956431e-02) (1.01500495e-02,6.84995110e-03) (-2.80403188e-09,8.14652204e-10)
-1.56713427e+00 (-1.56659513e-02,2.34498228e-02) (1.03471936e-02,6.98169849e-03) (-2.63278239e-09,1.15435586e-09)
-1.55911824e+00 (-1.56921493e-02,2.35045222e-02) (1.05447960e-02,7.11366651e-03) (-2.40721513e-09,1.47013043e-09)
-1.55110220e+00 (-1.57183018e-02,2.35597153e-02) (1.07428609e-02,7.24585491e-03) (-2.13089861e-09,1.75021427e-09)
-1.54308617e+00 (-1.57443812e-02,2.36153757e-02) (1.09413924e-02,7.37826318e-03) (-1.81037811e-09,1.98366453e-09)
-1.53507014e+00 (-1.57703587e-02,2.36714765e-02) (1.11403943e-02,7.51089058e-03) (-1.45488751e-09,2.16113367e-09)
-1.52705411e+00 (-1.57962052e-02,2.37279898e-02) (1.13398702e-02,7.64373615e-03) (-1.07588954e-09,2.27554222e-09)
-1.51903808e+00 (-1.58218907e-02,2.37848871e-02) (1.15398234e-02,7.77679865e-03) (-6.86417673e-10,2.32261471e-09)
-1.51102204e+00 (-1.58473844e-02,2.38421391e-02) (1.17402571e-02,7.91007659e-03) (-3.00330958e-10,2.30120037e-09)
-1.50300601e+00 (-1.58726548e-02,2.38997159e-02) (1.19411740e-02,8.04356824e-03) (6.85139062e-11,2.21341134e-09)
-1.49498998e+00 (-1.58976697e-02,2.39575868e-02) (1.21425769e-02,8.17727158e-03) (4.07089938e-10,2.06451230e-09)
-1.48697395e+00 (-1.59223960e-02,2.40157201e-02) (1.23444681e-02,8.31118433e-03) (7.03957999e-10,1.86260777e-09)
-1.47895792e+00 (-1.59468000e-02,2.40740835e-02) (1.25468496e-02,8.44530390e-03) (9.49912140e-10,1.61813724e-09)
-1.47094188e+00 (-1.59708468e-02,2.41326439e-02) (1.27497232e-02,8.57962745e-03) (1.13846751e-09,1.34323835e-09)
-1.46292585e+00 (-1.59945010e-02,2.41913672e-02) (1.29530905e-02,8.71415183e-03) (1.26616438e-09,1.05099815e-09)
-1.45490982e+00 (-1.60177262e-02,2.42502184e-02) (1.31569526e-02,8.84887356e-03) (1.33265618e-09,7.54664780e-10)
-1.44689379e+00 (-1.60404851e-02,2.43091617e-02) (1.33613106e-02,8.98378890e-03) (1.34057718e-09,4.66887467e-10)
-1.43887776e+00 (-1.60627394e-02,2.43681604e-02) (1.35661650e-02,9.11889375e-03) (1.29524981e-09,1.99031505e-10)
-1.43086172e+00 (-1.60844501e-02,2.44271767e-02) (1.37715161e-02,9.25418371e-03) (1.20421191e-09,-3.93994891e-11)
-1.42284569e+00 (-1.61055771e-02,2.44861721e-02) (1.39773639e-02,9.38965404e-03) (1.07664872e-09,-2.41174543e-10)
-1.41482966e+00 (-1.61260792e-02,2.45451068e-02) (1.41837082e-02,9.52529964e-03) (9.22732718e-10,-4.01595001e-10)
-1.40681363e+00 (-1.61459145e-02,2.46039401e-02) (1.43905481e-02,9.66111509e-03) (7.52957409e-10,-5.18553844e-10)
-1.39879760e+00 (-1.61650399e-02,2.46626302e-02) (1.45978827e-02,9.79709459e-03) (5.77486775e-10,-5.92426585e-10)
-1.39078156e+00 (-1.61834111e-02,2.47211344e-02) (1.48057106e-02,9.93323199e-03) (4.05606427e-10,-6.25799257e-10)
-1.38276553e+00 (-1.62009832e-02,2.47794086e-02) (1.50140301e-02,1.00695208e-02) (2.45266756e-10,-6.23108243e-10)
-1.37474950e+00 (-1.62177096e-02,2.48374078e-02) (1.52228389e-02,1.02059540e-02) (1.02731487e-10,-5.90164713e-10)
-1.36673347e+00 (-1.62335430e-02,2.48950856e-02) (1.54321347e-02,1.03425243e-02) (-1.75728082e-11,-5.33621395e-10)
-1.35871743e+00 (-1.62484349e-02,2.49523946e-02) (1.56419145e-02,1.04792240e-02) (-1.13110722e-10,-4.60496750e-10)
-1.35070140e+00 (-1.62623355e-02,2.50092861e-02) (1.58521750e-02,1.06160450e-02) (-1.83152809e-10,-3.77679195e-10)
-1.34268537e+00 (-1.62751938e-02,2.50657100e-02) (1.60629125e-02,1.07529788e-02) (-2.28579542e-10,-2.91503928e-10)
-1.33466934e+00 (-1.62869576e-02,2.51216150e-02) (1.62741228e-02,1.08900162e-02) (-2.51547184e-10,-2.07438062e-10)
-1.32665331e+00 (-1.62975735e-02,2.51769485e-02) (1.64858014e-02,1.10271480e-02) (-2.55210098e-10,-1.29900827e-10)
-1.31863727e+00 (-1.63069867e-02,2.52316562e-02) (1.66979432e-02,1.11643642e-02) (-2.43346040e-10,-6.20900554e-11)
-1.31062124e+00 (-1.63151411e-02,2.52856828e-02) (1.69105427e-02,1.13016544e-02) (-2.20012367e-10,-6.01351416e-12)
-1.30260521e+00 (-1.63219794e-02,2.53389712e-02) (1.71235940e-02,1.14390078e-02) (-1.89226247e-10,3.74905608e-11)
-1.29458918e+00 (-1.63274427e-02,2.53914628e-02) (1.73370905e-02,1.15764131e-02) (-1.54693366e-10,6.85563295e-11)
-1.28657315e+00 (-1.63314707e-02,2.54430976e-02) (1.75510254e-02,1.17138586e-02) (-1.19639837e-10,8.81358478e-11)
-1.27855711e+00 (-1.63340018e-02,2.54938138e-02) (1.77653912e-02,1.18513317e-02) (-8.66632065e-11,9.77637101e-11)
-1.27054108e+00 (-1.63349728e-02,2.55435480e-02) (1.79801798e-02,1.19888197e-02) (-5.77030883e-11,9.93636210e-11)
-1.26252505e+00 (-1.63343191e-02,2.55922350e-02) (1.81953828e-02,1.21263092e-02) (-3.39900214e-11,9.50243357e-11)
-1.25450902e+00 (-1.63319743e-02,2.56398080e-02) (1.84109910e-02,1.22637862e-02) (-1.61619455e-11,8.67830020e-11)
-1.24649299e+00 (-1.63278707e-02,2.56861981e-02) (1.86269948e-02,1.24012362e-02) (-4.35870652e-12,7.65480009e-11)
-1.23847695e+00 (-1.63219389e-02,2.57313347e-02) (1.88433839e-02,1.25386441e-02) (1.69604962e-12,6.59844234e-11)
-1.23046092e+00 (-1.63141078e-02,2.57751451e-02) (1.90601475e-02,1.26759943e-02) (2.56703774e-12,5.64448306e-11)
-1.22244489e+00 (-1.63043046e-02,2.58175548e-02) (1.92772741e-02,1.28132704e-02) (-1.03265743e-12,4.89440514e-11)
-1.21442886e+00 (-1.62924548e-02,2.58584870e-02) (1.94947516e-02,1.29504555e-02) (-8.34539588e-12,4.41895880e-11)
-1.20641283e+00 (-1.62784824e-02,2.58978628e-02) (1.97125673e-02,1.30875322e-02) (-1.86721606e-11,4.26078701e-11)
-1.19839679e+00 (-1.62623092e-02,2.59356013e-02) (1.99307076e-02,1.32244821e-02) (-3.14403762e-11,4.44217656e-11)
-1.19038076e+00 (-1.62438554e-02,2.59716191e-02) (2.01491586e-02,1.33612865e-02) (-4.62598184e-11,4.96943932e-11)
-1.18236473e+00 (-1.62230393e-02,2.60058306e-02) (2.03679052e-02,1.34979258e-02) (-6.29567215e-11,5.84416875e-11)
-1.17434870e+00 (-1.61997773e-02,2.60381479e-02) (2.05869321e-02,1.36343797e-02) (-8.15495063e-11,7.06741252e-11)
-1.16633267e+00 (-1.61739837e-02,2.60684805e-02) (2.08062228e-02,1.37706274e-02) (-1.02260134e-10,8.64356573e-11)
-1.15831663e+00 (-1.61455710e-02,2.60967357e-02) (2.10257602e-02,1.39066472e-02) (-1.25535447e-10,1.05839541e-10)
-1.15030060e+00 (-1.61144493e-02,2.61228179e-02) (2.12455265e-02,1.40424166e-02) (-1.52055511e-10,1.29163466e-10)
-1.14228457e+00 (-1.60805267e-02,2.61466294e-02) (2.14655030e-02,1.41779125e-02) (-1.82665866e-10,1.56868083e-10)
-1.13426854e+00 (-1.60437088e-02,2.61680694e-02) (2.16856702e-02,1.43131108e-02) (-2.18399134e-10,1.89603154e-10)
-1.12625251e+00 (-1.60038990e-02,2.61870347e-02) (2.19060076e-02,1.44479869e-02) (-2.60494110e-10,2.28215676e-10)
-1.11823647e+00 (-1.59609979e-02,2.62034194e-02) (2.21264940e-02,1.45825151e-02) (-3.10434833e-10,2.73831018e-10)
-1.11022044e+00 (-1.59149035e-02,2.62171146e-02) (2.23471072e-02,1.47166690e-02) (-3.69896153e-10,3.27844856e-10)
-1.10220441e+00 (-1.58655108e-02,2.62280086e-02) (2.25678242e-02,1.48504213e-02) (-4.40886055e-10,3.91907159e-10)
-1.09418838e+00 (-1.58127117e-02,2.62359868e-02) (2.27886208e-02,1.49837438e-02) (-5.25780889e-10,4.68076036e-10)
-1.08617234e+00 (-1.57563945e-02,2.62409315e-02) (2.30094721e-02,1.51166073e-02) (-6.27334382e-10,5.58798626e-10)
-1.07815631e+00 (-1.56964438e-02,2.62427218e-02) (2.32303519e-02,1.52489817e-02) (-7.48839055e-10,6.66982817e-10)
-1.07014028e+00 (-1.56327400e-02,2.62412334e-02) (2.34512333e-02,1.53808360e-02) (-8.94190779e-10,7.96104449e-10)
-1.06212425e+00 (-1.55651592e-02,2.62363385e-02) (2.36720881e-02,1.55121380e-02) (-1.06806481e-09,9.50280202e-10)
-1.05410822e+00 (-1.54935723e-02,2.62279052e-02) (2.38928871e-02,1.56428547e-02) (-1.27605162e-09,1.13447077e-09)
-1.04609218e+00 (-1.54178447e-02,2.62157977e-02) (2.41136000e-02,1.57729517e-02) (-1.52480008e-09,1.35457355e-09)
-1.03807615e+00 (-1.53378359e-02,2.61998752e-02) (2.43341951e-02,1.59023936e-02) (-1.82229934e-09,1.61762694e-09)
-1.03006012e+00 (-1.52533986e-02,2.61799919e-02) (2.45546399e-02,1.60311437e-02) (-2.17811331e-09,1.93204832e-09)
-1.02204409e+00 (-1.51643784e-02,2.61559961e-02) (2.47749004e-02,1.61591642e-02) (-2.60372337e-09,2.30791179e-09)
-1.01402806e+00 (-1.50706129e-02,2.61277297e-02) (2.49949413e-02,1.62864158e-02) (-3.11287371e-09,2.75729350e-09)
-1.00601202e+00 (-1.49719310e-02,2.60950265e-02) (2.52147259e-02,1.64128579e-02) (-3.72203791e-09,3.29463645e-09)
-9.97995992e-01 (-1.48681525e-02,2.60577120e-02) (2.54342163e-02,1.65384483e-02) (-4.45097590e-09,3.93723578e-09)
-9.89979960e-01 (-1.47590871e-02,2.60156015e-02) (2.56533728e-02,1.66631434e-02) (-5.32341327e-09,4.70580253e-09)
-9.81963928e-01 (-1.46445341e-02,2.59684987e-02) (2.58721543e-02,1.67868979e-02) (-6.36783090e-09,5.62518110e-09)
-9.73947896e-01 (-1.45242815e-02,2.59161940e-02) (2.60905178e-02,1.69096646e-02) (-7.61842627e-09,6.72513821e-09)
-9.65931864e-01 (-1.43981060e-02,2.58584623e-02) (2.63084188e-02,1.70313948e-02) (-9.11632763e-09,8.04138846e-09)
-9.57915832e-01 (-1.42657724e-02,2.57950609e-02) (2.65258106e-02,1.71520375e-02) (-1.09109834e-08,9.61681720e-09)
-9.49899800e-01 (-1.41270338e-02,2.57257268e-02) (2.67426443e-02,1.72715401e-02) (-1.30619244e-08,1.15029543e-08)
-9.41883768e-01 (-1.39816316e-02,2.56501740e-02) (2.69588689e-02,1.73898473e-02) (-1.56408215e-08,1.37618495e-08)
-9.33867735e-01 (-1.38292960e-02,2.55680905e-02) (2.71744308e-02,1.75069022e-02) (-1.87339541e-08,1.64682811e-08)
-9.25851703e-01 (-1.36697469e-02,2.54791345e-02) (2.73892736e-02,1.76226451e-02) (-2.24451948e-08,1.97125421e-08)
-9.17835671e-01 (-1.35026954e-02,2.53829315e-02) (2.76033381e-02,1.77370142e-02) (-2.68994433e-08,2.36038269e-08)
-9.09819639e-01 (-1.33278451e-02,2.52790702e-02) (2.78165615e-02,1.78499450e-02) (-3.22467031e-08,2.82742973e-08)
-9.01803607e-01 (-1.31448951e-02,2.51670985e-02) (2.80288775e-02,1.79613707e-02) (-3.86667903e-08,3.38840089e-08)
-8.93787575e-01 (-1.29535423e-02,2.50465201e-02) (2.82402160e-02,1.80712218e-02) (-4.63747700e-08,4.06266578e-08)
-8.85771543e-01 (-1.27534857e-02,2.49167897e-02) (2.84505023e-02,1.81794263e-02) (-5.56273127e-08,4.87362371e-08)
-8.77755511e-01 (-1.25444304e-02,2.47773098e-02) (2.86596570e-02,1.82859097e-02) (-6.67301246e-08,5.84945159e-08)
-8.69739479e-01 (-1.23260929e-02,2.46274267e-02) (2.88675953e-02,1.83905951e-02) (-8.00469443e-08,7.02391667e-08)
-8.61723447e-01 (-1.20982072e-02,2.44664272e-02) (2.90742269e-02,1.84934031e-02) (-9.60107802e-08,8.43723849e-08)
-8.53707415e-01 (-1.18605316e-02,2.42935354e-02) (2.92794550e-02,1.85942523e-02) (-1.15138531e-07,1.01369699e-07)
-8.45691383e-01 (-1.16128564e-02,2.41079105e-02) (2.94831762e-02,1.86930593e-02) (-1.38050780e-07,1.21788815e-07)
-8.37675351e-01 (-1.13550124e-02,2.39086447e-02) (2.96852796e-02,1.87897392e-02) (-1.65499402e-07,1.46278627e-07)
-8.29659319e-01 (-1.10868804e-02,2.36947631e-02) (2.98856464e-02,1.88842058e-02) (-1.98406624e-07,1.75589160e-07)
-8.21643287e-01 (-1.08084012e-02,2.34652228e-02) (3.00841493e-02,1.89763721e-02) (-2.37920415e-07,2.10584272e-07)
-8.13627255e-01 (-1.05195862e-02,2.32189153e-02) (3.02806521e-02,1.90661508e-02) (-2.85492381e-07,2.52260835e-07)
-8.05611222e-01 (-1.02205288e-02,2.29546684e-02) (3.04750088e-02,1.91534553e-02) (-3.42985325e-07,3.01780732e-07)
-7.97595190e-01 (-9.91141600e-03,2.26712509e-02) (3.06670634e-02,1.92381998e-02) (-4.12818334e-07,3.60525709e-07)
-7.89579158e-01 (-9.59253995e-03,2.23673783e-02) (3.08566491e-02,1.93203008e-02) (-4.98156854e-07,4.30189862e-07)
-7.81563126e-01 (-9.26431010e-03,2.20417201e-02) (3.10435884e-02,1.93996774e-02) (-6.03153523e-07,5.12930336e-07)
-7.73547094e-01 (-8.92726450e-03,2.16929097e-02) (3.12276921e-02,1.94762531e-02) (-7.33241611e-07,6.11603339e-07)
-7.65531062e-01 (-8.58208094e-03,2.13195555e-02) (3.14087596e-02,1.95499560e-02) (-8.95476396e-07,7.30119249e-07)
-7.57515030e-01 (-8.22958710e-03,2.09202540e-02) (3.15865784e-02,1.96207210e-02) (-1.09890994e-06,8.73956722e-07)
-7.49498998e-01 (-7.87076973e-03,2.04936052e-02) (3.17609242e-02,1.96884902e-02) (-1.35497126e-06,1.05087975e-06)
-7.41482966e-01 (-7.50678231e-03,2.00382297e-02) (3.19315609e-02,1.97532149e-02) (-1.67780710e-06,1.27190261e-06)
-7.33466934e-01 (-7.13895108e-03,1.95527872e-02) (3.20982411e-02,1.98148569e-02) (-2.08451827e-06,1.55254324e-06)
-7.25450902e-01 (-6.76877891e-03,1.90359972e-02) (3.22607060e-02,1.98733896e-02) (-2.59520522e-06,1.91439468e-06)
-7.17434870e-01 (-6.39794690e-03,1.84866603e-02) (3.24186867e-02,1.99288002e-02) (-3.23271531e-06,2.38702473e-06)
-7.09418838e-01 (-6.02831327e-03,1.79036817e-02) (3.25719043e-02,1.99810905e-02) (-4.02196612e-06,3.01018560e-06)
-7.01402806e-01 (-5.66190942e-03,1.72860941e-02) (3.27200714e-02,2.00302788e-02) (-4.98870866e-06,3.83627732e-06)
-6.93386774e-01 (-5.30093277e-03,1.66330825e-02) (3.28628927e-02,2.00764012e-02) (-6.15759373e-06,4.93296320e-06)
-6.85370741e-01 (-4.94773643e-03,1.59440075e-02) (3.30000671e-02,2.01195130e-02) (-7.54942001e-06,6.38578466e-06)
-6.77354709e-01 (-4.60481535e-03,1.52184295e-02) (3.31312888e-02,2.01596898e-02) (-9.17747478e-06,8.30057143e-06)
-6.69338677e-01 (-4.27478911e-03,1.44561307e-02) (3.32562491e-02,2.01970289e-02) (-1.10429318e-05,1.08053977e-05)
-6.61322645e-01 (-3.96038124e-03,1.36571369e-02) (3.33746385e-02,2.02316502e-02) (-1.31293436e-05,1.40518019e-05)
-6.53306613e-01 (-3.66439521e-03,1.28217361e-02) (3.34861488e-02,2.02636967e-02) (-1.53963569e-05,1.82149776e-05)
-6.45290581e-01 (-3.38968734e-03,1.19504954e-02) (3.35904754e-02,2.02933354e-02) (-1.77728807e-05,2.34926593e-05)
-6.37274549e-01 (-3.13913678e-03,1.10442743e-02) (3.36873195e-02,2.03207575e-02) (-2.01500429e-05,3.01024813e-05)
-6.29258517e-01 (-2.91561298e-03,1.01042352e-02) (3.37763910e-02,2.03461786e-02) (-2.23743671e-05,3.82776789e-05)
-6.21242485e-01 (-2.72194117e-03,9.13184945e-03) (3.38574108e-02,2.03698380e-02) (-2.42416728e-05,4.82611303e-05)
-6.13226453e-01 (-2.56086617e-03,8.12889873e-03) (3.39301135e-02,2.03919988e-02) (-2.54922405e-05,6.02978997e-05)
-6.05210421e-01 (-2.43501529e-03,7.09747274e-03) (3.39942500e-02,2.04129468e-02) (-2.58077704e-05,7.46266273e-05)
-5.97194389e-01 (-2.34686090e-03,6.03996131e-03) (3.40495900e-02,2.04329891e-02) (-2.48105900e-05,9.14702980e-05)
-5.89178357e-01 (-2.29868330e-03,4.95904171e-03) (3.40959247e-02,2.04524530e-02) (-2.20654348e-05,1.11027104e-04)
-5.81162325e-01 (-2.29253468e-03,3.85766107e-03) (3.41330689e-02,2.04716843e-02) (-1.70839302e-05,1.33462251e-04)
-5.73146293e-01 (-2.33020497e-03,2.73901366e-03) (3.41608633e-02,2.04910448e-02) (-9.33166213e-06,1.58901654e-04)
-5.65130261e-01 (-2.41319009e-03,1.60651368e-03) (3.41791765e-02,2.05109102e-02) (1.76255299e-06,1.87428470e-04)
-5.57114228e-01 (-2.54266355e-03,4.63763489e-04) (3.41879068e-02,2.05316676e-02) (1.67958649e-05,2.19083375e-04)
-5.49098196e-01 (-2.71945192e-03,-6.85482011e-04) (3.41869833e-02,2.05537126e-02) (3.63799805e-05,2.53869298e-04)
-5.41082164e-01 (-2.94401480e-03,-1.83735446e-03) (3.41763676e-02,2.05774460e-02) (6.11302813e-05,2.91761142e-04)
-5.33066132e-01 (-3.21642982e-03,-2.98791385e-03) (3.41560539e-02,2.06032711e-02) (9.16567321e-05,3.32720697e-04)
-5.25050100e-01 (-3.53638308e-03,-4.13319229e-03) (3.41260701e-02,2.06315903e-02) (1.28557874e-04,3.76716666e-04)
-5.17034068e-01 (-3.90316529e-03,-5.26923911e-03) (3.40864771e-02,2.06628014e-02) (1.72419125e-04,4.23749386e-04)
-5.09018036e-01 (-4.31567388e-03,-6.39216616e-03) (3.40373694e-02,2.06972949e-02) (2.23816428e-04,4.73879572e-04)
-5.01002004e-01 (-4.77242094e-03,-7.49819266e-03) (3.39788735e-02,2.07354500e-02) (2.83326020e-04,5.27260227e-04)
-4.92985972e-01 (-5.27154713e-03,-8.58368857e-03) (3.39111474e-02,2.07776322e-02) (3.51540780e-04,5.84170768e-04)
-4.84969940e-01 (-5.81084097e-03,-9.64521567e-03) (3.38343786e-02,2.08241895e-02) (4.29093226e-04,6.45052472e-04)
-4.76953908e-01 (-6.38776350e-03,-1.06795654e-02) (3.37487830e-02,2.08754500e-02) (5.16684937e-04,7.10544533e-04)
-4.68937876e-01 (-6.99947748e-03,-1.16837930e-02) (3.36546023e-02,2.09317190e-02) (6.15121867e-04,7.81520319e-04)
-4.60921844e-01 (-7.64288065e-03,-1.26552464e-02) (3.35521019e-02,2.09932769e-02) (7.25354826e-04,8.59123862e-04)
-4.52905812e-01 (-8.31464226e-03,-1.35915909e-02) (3.34415681e-02,2.10603767e-02) (8.48524370e-04,9.44807094e-04)
-4.44889780e-01 (-9.01124208e-03,-1.44908272e-02) (3.33233056e-02,2.11332428e-02) (9.86009360e-04,1.04036889e-03)
-4.36873747e-01 (-9.72901091e-03,-1.53513037e-02) (3.31976344e-02,2.12120690e-02) (1.13947869e-03,1.14799753e-03)
-4.28857715e-01 (-1.04641718e-02,-1.61717228e-02) (3.30648869e-02,2.12970177e-02) (1.31094599e-03,1.27031873e-03)
-4.20841683e-01 (-1.12128812e-02,-1.69511403e-02) (3.29254050e-02,2.13882194e-02) (1.50282748e-03,1.41045181e-03)
-4.12825651e-01 (-1.19712681e-02,-1.76889590e-02) (3.27795370e-02,2.14857716e-02) (1.71800367e-03,1.57207703e-03)
-4.04809619e-01 (-1.27354721e-02,-1.83849157e-02) (3.26276349e-02,2.15897397e-02) (1.95988616e-03,1.75951750e-03)
-3.96793587e-01 (-1.35016779e-02,-1.90390624e-02) (3.24700515e-02,2.17001563e-02) (2.23249104e-03,1.97783931e-03)
-3.88777555e-01 (-1.42661459e-02,-1.96517421e-02) (3.23071377e-02,2.18170225e-02) (2.54052115e-03,2.23297377e-03)
-3.80761523e-01 (-1.50252387e-02,-2.02235598e-02) (3.21392406e-02,2.19403079e-02) (2.88945965e-03,2.53186626e-03)
-3.72745491e-01 (-1.57754423e-02,-2.07553481e-02) (3.19667010e-02,2.20699523e-02) (3.28567773e-03,2.88265624e-03)
-3.64729459e-01 (-1.65133814e-02,-2.12481297e-02) (3.17898519e-02,2.22058664e-02) (3.73655970e-03,3.29489366e-03)
-3.56713427e-01 (-1.72358294e-02,-2.17030768e-02) (3.16090170e-02,2.23479331e-02) (4.25064865e-03,3.77979760e-03)
-3.48697395e-01 (-1.79397112e-02,-2.21214668e-02) (3.14245096e-02,2.24960087e-02) (4.83781639e-03,4.35056392e-03)
-3.40681363e-01 (-1.86220999e-02,-2.25046376e-02) (3.12366316e-02,2.26499242e-02) (5.50946146e-03,5.02272952e-03)
-3.32665331e-01 (-1.92802070e-02,-2.28539411e-02) (3.10456740e-02,2.28094869e-02) (6.27873899e-03,5.81460226e-03)
-3.24649299e-01 (-1.99113660e-02,-2.31706965e-02) (3.08519160e-02,2.29744808e-02) (7.16082676e-03,6.74776687e-03)
-3.16633267e-01 (-2.05130099e-02,-2.34561449e-02) (3.06556262e-02,2.31446682e-02) (8.17323174e-03,7.84767898e-03)
-3.08617234e-01 (-2.10826426e-02,-2.37114051e-02) (3.04570630e-02,2.33197900e-02) (9.33614154e-03,9.14436103e-03)
-3.00601202e-01 (-2.16178060e-02,-2.39374324e-02) (3.02564763e-02,2.34995664e-02) (1.06728255e-02,1.06732158e-02)
-2.92585170e-01 (-2.21160425e-02,-2.41349819e-02) (3.00541083e-02,2.36836970e-02) (1.22100901e-02,1.24759749e-02)
-2.84569138e-01 (-2.25748548e-02,-2.43045761e-02) (2.98501960e-02,2.38718605e-02) (1.39787924e-02,1.46018024e-02)
-2.76553106e-01 (-2.29916652e-02,-2.44464805e-02) (2.96449731e-02,2.40637145e-02) (1.60144163e-02,1.71085725e-02)
-2.68537074e-01 (-2.33637760e-02,-2.45606865e-02) (2.94386721e-02,2.42588945e-02) (1.83577126e-02,2.00643447e-02)
-2.60521042e-01 (-2.36883331e-02,-2.46469043e-02) (2.92315267e-02,2.44570126e-02) (2.10554049e-02,2.35490558e-02)
-2.52505010e-01 (-2.39622986e-02,-2.47045682e-02) (2.90237743e-02,2.46576561e-02) (2.41609575e-02,2.76564483e-02)
-2.44488978e-01 (-2.41824328e-02,-2.47328537e-02) (2.88156582e-02,2.48603859e-02) (2.77353989e-02,3.24962488e-02)
-2.36472946e-01 (-2.43452934e-02,-2.47307100e-02) (2.86074297e-02,2.50647351e-02) (3.18481883e-02,3.81966020e-02)
-2.28456914e-01 (-2.44472546e-02,-2.46969076e-02) (2.83993497e-02,2.52702065e-02) (3.65781010e-02,4.49067505e-02)
-2.20440882e-01 (-2.44845526e-02,-2.46301021e-02) (2.81916902e-02,2.54762720e-02) (4.20141006e-02,5.27999301e-02)
-2.12424850e-01 (-2.44533625e-02,-2.45289144e-02) (2.79847347e-02,2.56823713e-02) (4.82561476e-02,6.20764162e-02)
-2.04408818e-01 (-2.43499113e-02,-2.43920267e-02) (2.77787786e-02,2.58879118e-02) (5.54158735e-02,7.29666096e-02)
-1.96392786e-01 (-2.41706327e-02,-2.42182917e-02) (2.75741275e-02,2.60922696e-02) (6.36170265e-02,8.57339866e-02)
-1.88376754e-01 (-2.39123634e-02,-2.40068542e-02) (2.73710959e-02,2.62947922e-02) (7.29955610e-02,1.00677646e-01)
-1.80360721e-01 (-2.35725847e-02,-2.37572797e-02) (2.71700041e-02,2.64948024e-02) (8.36992074e-02,1.18134069e-01)
-1.72344689e-01 (-2.31497044e-02,-2.34696859e-02) (2.69711738e-02,2.66916052e-02) (9.58863149e-02,1.38477559e-01)
-1.64328657e-01 (-2.26433725e-02,-2.31448732e-02) (2.67749232e-02,2.68844968e-02) (1.09723714e-01,1.62118643e-01)
-1.56312625e-01 (-2.20548195e-02,-2.27844452e-02) (2.65815607e-02,2.70727762e-02) (1.25383289e-01,1.89499501e-01)
-1.48296593e-01 (-2.13871997e-02,-2.23909160e-02) (2.63913774e-02,2.72557603e-02) (1.43036915e-01,2.21085271e-01)
-1.40280561e-01 (-2.06459158e-02,-2.19677966e-02) (2.62046394e-02,2.74328012e-02) (1.62849341e-01,2.57349849e-01)
-1.32264529e-01 (-1.98388969e-02,-2.15196567e-02) (2.60215788e-02,2.76033068e-02) (1.84968618e-01,2.98754697e-01)
-1.24248497e-01 (-1.89767949e-02,-2.10521574e-02) (2.58423847e-02,2.77667626e-02) (2.09513631e-01,3.45719155e-01)
-1.16232465e-01 (-1.80730643e-02,-2.05720542e-02) (2.56671938e-02,2.79227559e-02) (2.36558397e-01,3.98581082e-01)
-1.08216433e-01 (-1.71438885e-02,-2.00871703e-02) (2.54960816e-02,2.80709986e-02) (2.66112957e-01,4.57547305e-01)
-1.00200401e-01 (-1.62079205e-02,-1.96063435e-02) (2.53290531e-02,2.82113504e-02) (2.98101008e-01,5.22634626e-01)
-9.21843687e-02 (-1.52858156e-02,-1.91393504e-02) (2.51660349e-02,2.83438373e-02) (3.32334985e-01,5.93603953e-01)
-8.41683367e-02 (-1.43995481e-02,-1.86968129e-02) (2.50068676e-02,2.84686667e-02) (3.68490096e-01,6.69892564e-01)
-7.61523046e-02 (-1.35715236e-02,-1.82900911e-02) (2.48512990e-02,2.85862345e-02) (4.06079879e-01,7.50552267e-01)
-6.81362725e-02 (-1.28235231e-02,-1.79311634e-02) (2.46989783e-02,2.86971252e-02) (4.44437036e-01,8.34203871e-01)
-6.01202405e-02 (-1.21755405e-02,-1.76324918e-02) (2.45494517e-02,2.88021015e-02) (4.82704435e-01,9.19020132e-01)
-5.21042084e-02 (-1.16445985e-02,-1.74068636e-02) (2.44021588e-02,2.89020842e-02) (5.19841805e-01,1.00274933e+00)
-4.40881764e-02 (-1.12436470e-02,-1.72671974e-02) (2.42564304e-02,2.89981228e-02) (5.54653340e-01,1.08278908e+00)
-3.60721443e-02 (-1.09806540e-02,-1.72262974e-02) (2.41114886e-02,2.90913560e-02) (5.85839746e-01,1.15631426e+00)
-2.80561122e-02 (-1.08579941e-02,-1.72965398e-02) (2.39664486e-02,2.91829674e-02) (6.12075030e-01,1.22045472e+00)
-2.00400802e-02 (-1.08722166e-02,-1.74894809e-02) (2.38203244e-02,2.92741359e-02) (6.32103730e-01,1.27250843e+00)
-1.20240481e-02 (-1.10142386e-02,-1.78153856e-02) (2.36720365e-02,2.93659867e-02) (6.44849238e-01,1.31016671e+00)
-4.00801603e-03 (-1.12699636e-02,-1.82826907e-02) (2.35204261e-02,2.94595459e-02) (6.49519559e-01,1.33172185e+00)
4.00801603e-03 (-1.16212734e-02,-1.88974326e-02) (2.33642718e-02,2.95557015e-02) (6.45694737e-01,1.33622701e+00)
1.20240481e-02 (-1.20472971e-02,-1.96626856e-02) (2.32023130e-02,2.96551746e-02) (6.33381266e-01,1.32358373e+00)
2.00400802e-02 (-1.25258303e-02,-2.05780692e-02) (2.30332767e-02,2.97585017e-02) (6.13023333e-01,1.29454340e+00)
2.80561122e-02 (-1.30347597e-02,-2.16393816e-02) (2.28559086e-02,2.98660302e-02) (5.85467823e-01,1.25062348e+00)
3.60721443e-02 (-1.35533597e-02,-2.28384170e-02) (2.26690065e-02,2.99779245e-02) (5.51888000e-01,1.19395295e+00)
4.40881764e-02 (-1.40633484e-02,-2.41630003e-02) (2.24714543e-02,3.00941830e-02) (5.13677694e-01,1.12707215e+00)
5.21042084e-02 (-1.45496335e-02,-2.55972583e-02) (2.22622546e-02,3.02146623e-02) (4.72331927e-01,1.05271624e+00)
6.01202405e-02 (-1.50007164e-02,-2.71221141e-02) (2.20405586e-02,3.03391067e-02) (4.29330604e-01,9.73610705e-01)
6.81362725e-02 (-1.54087720e-02,-2.87159719e-02) (2.18056900e-02,3.04671793e-02) (3.86039223e-01,8.92300419e-01)
7.61523046e-02 (-1.57694476e-02,-3.03555378e-02) (2.15571635e-02,3.05984928e-02) (3.43635812e-01,8.11025148e-01)
8.41683367e-02 (-1.60814523e-02,-3.20167109e-02) (2.12946950e-02,3.07326370e-02) (3.03067728e-01,7.31645138e-01)
9.21843687e-02 (-1.63460128e-02,-3.36754782e-02) (2.10182048e-02,3.08692026e-02) (2.65036954e-01,6.55612866e-01)
1.00200401e-01 (-1.65662708e-02,-3.53087498e-02) (2.07278132e-02,3.10078003e-02) (2.30008970e-01,5.83982190e-01)
1.08216433e-01 (-1.67466867e-02,-3.68950830e-02) (2.04238290e-02,3.11480737e-02) (1.98238399e-01,5.17444034e-01)
1.16232465e-01 (-1.68924959e-02,-3.84152618e-02) (2.01067336e-02,3.12897085e-02) (1.69804402e-01,4.56377825e-01)
1.24248497e-01 (-1.70092511e-02,-3.98527093e-02) (1.97771593e-02,3.14324364e-02) (1.44649616e-01,4.00909553e-01)
1.32264529e-01 (-1.71024627e-02,-4.11937330e-02) (1.94358664e-02,3.15760365e-02) (1.22617962e-01,3.50969546e-01)
1.40280561e-01 (-1.71773404e-02,-4.24276087e-02) (1.90837177e-02,3.17203335e-02) (1.03488284e-01,3.06345462e-01)
1.48296593e-01 (-1.72386265e-02,-4.35465251e-02) (1.87216541e-02,3.18651942e-02) (8.70022357e-02,2.66727992e-01)
1.56312625e-01 (-1.72905070e-02,-4.45454123e-02) (1.83506700e-02,3.20105228e-02) (7.28860215e-02,2.31748338e-01)
1.64328657e-01 (-1.73365834e-02,-4.54216835e-02) (1.79717915e-02,3.21562568e-02) (6.08663239e-02,2.01007620e-01)
1.72344689e-01 (-1.73798866e-02,-4.61749182e-02) (1.75860565e-02,3.23023611e-02) (5.06812175e-02,1.74098952e-01)
1.80360721e-01 (-1.74229186e-02,-4.68065122e-02) (1.71944982e-02,3.24488240e-02) (4.20870157e-02,1.50623269e-01)
1.88376754e-01 (-1.74677068e-02,-4.73193188e-02) (1.67981312e-02,3.25956527e-02) (3.48620074e-02,1.30200050e-01)
1.96392786e-01 (-1.75158627e-02,-4.77172990e-02) (1.63979406e-02,3.27428696e-02) (2.88079338e-02,1.12474043e-01)
2.04408818e-01 (-1.75686360e-02,-4.80051954e-02) (1.59948741e-02,3.28905089e-02) (2.37499115e-02,9.71189549e-02)
2.12424850e-01 (-1.76269602e-02,-4.81882396e-02) (1.55898371e-02,3.30386142e-02) (1.95353523e-02,8.38389214e-02)
2.20440882e-01 (-1.76914882e-02,-4.82719005e-02) (1.51836893e-02,3.31872353e-02) (1.60322931e-02,7.23684233e-02)
2.28456914e-01 (-1.77626168e-02,-4.82616745e-02) (1.47772440e-02,3.33364268e-02) (1.31274295e-02,6.24711554e-02)
2.36472946e-01 (-1.78405009e-02,-4.81629195e-02) (1.43712683e-02,3.34862453e-02) (1.07240552e-02,5.39382411e-02)
2.44488978e-01 (-1.79250593e-02,-4.79807301e-02) (1.39664854e-02,3.36367479e-02) (8.74003804e-03,4.65860795e-02)
2.52505010e-01 (-1.80159749e-02,-4.77198509e-02) (1.35635767e-02,3.37879898e-02) (7.10591174e-03,4.02540293e-02)
2.60521042e-01 (-1.81126895e-02,-4.73846241e-02) (1.31631853e-02,3.39400228e-02) (5.76312846e-03,3.48020720e-02)
2.68537074e-01 (-1.82143974e-02,-4.69789659e-02) (1.27659197e-02,3.40928928e-02) (4.66249023e-03,3.01085476e-02)
2.76553106e-01 (-1.83200383e-02,-4.65063683e-02) (1.23723570e-02,3.42466379e-02) (3.76276275e-03,2.60680218e-02)
2.84569138e-01 (-1.84282917e-02,-4.59699199e-02) (1.19830469e-02,3.44012862e-02) (3.02946486e-03,2.25893157e-02)
2.92585170e-01 (-1.85375739e-02,-4.53723425e-02) (1.15985147e-02,3.45568536e-02) (2.43382085e-03,1.95937160e-02)
3.00601202e-01 (-1.86460385e-02,-4.47160400e-02) (1.12192640e-02,3.47133416e-02) (1.95186039e-03,1.70133651e-02)
3.08617234e-01 (-1.87515809e-02,-4.40031541e-02) (1.08457797e-02,3.48707348e-02) (1.56364949e-03,1.47898285e-02)
3.16633267e-01 (-1.88518479e-02,-4.32356257e-02) (1.04785296e-02,3.50289994e-02) (1.25263633e-03,1.28728282e-02)
3.24649299e-01 (-1.89442525e-02,-4.24152584e-02) (1.01179656e-02,3.51880806e-02) (1.00509661e-03,1.12191303e-02)
3.32665331e-01 (-1.90259930e-02,-4.15437821e-02) (9.76452521e-03,3.53479007e-02) (8.09664422e-04,9.79157215e-03)
3.40681363e-01 (-1.90940774e-02,-4.06229145e-02) (9.41863139e-03,3.55083578e-02) (6.56935979e-04,8.55821621e-03)
3.48697395e-01 (-1.91453534e-02,-3.96544198e-02) (9.08069258e-03,3.56693240e-02) (5.39135439e-04,7.49161563e-03)
3.56713427e-01 (-1.91765415e-02,-3.86401623e-02) (8.75110208e-03,3.58306443e-02) (4.49833155e-04,6.56818026e-03)
3.64729459e-01 (-1.91842736e-02,-3.75821548e-02) (8.43023694e-03,3.59921356e-02) (3.83708428e-04,5.76763063e-03)
3.72745491e-01 (-1.91651339e-02,-3.64825999e-02) (8.11845659e-03,3.61535860e-02) (3.36350028e-04,5.07252936e-03)
3.80761523e-01 (-1.91157043e-02,-3.53439247e-02) (7.81610100e-03,3.63147550e-02) (3.04088977e-04,4.46788066e-03)
3.88777555e-01 (-1.90326105e-02,-3.41688078e-02) (7.52348872e-03,3.64753734e-02) (2.83859092e-04,3.94078901e-03)
3.96793587e-01 (-1.89125710e-02,-3.29601976e-02) (7.24091465e-03,3.66351437e-02) (2.73081654e-04,3.48016920e-03)
4.04809619e-01 (-1.87524464e-02,-3.17213233e-02) (6.96864772e-03,3.67937413e-02) (2.69571266e-04,3.07650078e-03)
4.12825651e-01 (-1.85492880e-02,-3.04556971e-02) (6.70692845e-03,3.69508161e-02) (2.71460428e-04,2.72162019e-03)
4.20841683e-01 (-1.83003862e-02,-2.91671078e-02) (6.45596664e-03,3.71059939e-02) (2.77140705e-04,2.40854469e-03)
4.28857715e-01 (-1.80033164e-02,-2.78596074e-02) (6.21593906e-03,3.72588787e-02) (2.85218534e-04,2.13132262e-03)
4.36873747e-01 (-1.76559821e-02,-2.65374891e-02) (5.98698728e-03,3.74090557e-02) (2.94483738e-04,1.88490505e-03)
4.44889780e-01 (-1.72566536e-02,-2.52052590e-02) (5.76921579e-03,3.75560937e-02) (3.03888775e-04,1.66503431e-03)
4.52905812e-01 (-1.68040030e-02,-2.38676004e-02) (5.56269034e-03,3.76995485e-02) (3.12536648e-04,1.46814571e-03)
4.60921844e-01 (-1.62971326e-02,-2.25293336e-02) (5.36743655e-03,3.78389667e-02) (3.19675304e-04,1.29127912e-03)
4.68937876e-01 (-1.57355976e-02,-2.11953701e-02) (5.18343903e-03,3.79738890e-02) (3.24696292e-04,1.13199805e-03)
4.76953908e-01 (-1.51194218e-02,-1.98706635e-02) (5.01064074e-03,3.81038545e-02) (3.27135485e-04,9.88314292e-04)
4.84969940e-01 (-1.44491066e-02,-1.85601575e-02) (4.84894289e-03,3.82284043e-02) (3.26673831e-04,8.58617165e-04)
4.92985972e-01 (-1.37256319e-02,-1.72687325e-02) (4.69820522e-03,3.83470859e-02) (3.23136339e-04,7.41606901e-04)
5.01002004e-01 (-1.29504495e-02,-1.60011521e-02) (4.55824679e-03,3.84594570e-02) (3.16487908e-04,6.36232231e-04)
5.09018036e-01 (-1.21254697e-02,-1.47620102e-02) (4.42884715e-03,3.85650895e-02) (3.06825074e-04,5.41632779e-04)
5.17034068e-01 (-1.12530400e-02,-1.35556797e-02) (4.30974802e-03,3.86635732e-02) (2.94363282e-04,4.57087027e-04)
5.25050100e-01 (-1.03359174e-02,-1.23862649e-02) (4.20065535e-03,3.87545194e-02) (2.79419810e-04,3.81966744e-04)
5.33066132e-01 (-9.37723423e-03,-1.12575576e-02) (4.10124176e-03,3.88375645e-02) (2.62392982e-04,3.15698693e-04)
5.41082164e-01 (-8.38045879e-03,-1.01729977e-02) (4.01114937e-03,3.89123727e-02) (2.43738707e-04,2.57734186e-04)
5.49098196e-01 (-7.34935108e-03,-9.13563978e-03) (3.92999290e-03,3.89786384e-02) (2.23945652e-04,2.07526757e-04)
5.57114228e-01 (-6.28791486e-03,-8.14812613e-03) (3.85736305e-03,3.90360892e-02) (2.03510509e-04,1.64517791e-04)
5.65130261e-01 (-5.20034702e-03,-7.21266555e-03) (3.79283006e-03,3.90844871e-02) (1.82914797e-04,1.28129580e-04)
5.73146293e-01 (-4.09098509e-03,-6.33101968e-03) (3.73594744e-03,3.91236301e-02) (1.62604483e-04,9.77648665e-05)
5.81162325e-01 (-2.96425408e-03,-5.50449609e-03) (3.68625578e-03,3.91533534e-02) (1.42973444e-04,7.28116778e-05)
5.89178357e-01 (-1.82461364e-03,-4.73394818e-03) (3.64328658e-03,3.91735294e-02) (1.24351446e-04,5.26520357e-05)
5.97194389e-01 (-6.76506476e-04,-4.01978184e-03) (3.60656607e-03,3.91840683e-02) (1.06996937e-04,3.66730680e-05)
6.05210421e-01 (4.75691100e-04,-3.36196839e-03) (3.57561891e-03,3.91849175e-02) (9.10945640e-05,2.42790956e-05)
6.13226453e-01 (1.62771560e-03,-2.76006331e-03) (3.54997181e-03,3.91760607e-02) (7.67570031e-05,1.49034163e-05)
6.21242485e-01 (2.77545912e-03,-2.21323022e-03) (3.52915692e-03,3.91575170e-02) (6.40304174e-05,8.01874300e-06)
6.29258517e-01 (3.91500775e-03,-1.72026943e-03) (3.51271503e-03,3.91293395e-02) (5.29026859e-05,3.14553971e-06)
6.37274549e-01 (5.04267530e-03,-1.27965024e-03) (3.50019848e-03,3.90916131e-02) (4.33134624e-05,-1.42202522e-07)
6.45290581e-01 (6.15503183e-03,-8.89546340e-04) (3.49117382e-03,3.90444528e-02) (3.51651335e-05,-2.21390954e-06)
6.53306613e-01 (7.24892689e-03,-5.47873398e-04) (3.48522415e-03,3.89880013e-02) (2.83338269e-05,-3.38199541e-06)
6.61322645e-01 (8.32150728e-03,-2.52328061e-04) (3.48195110e-03,3.89224268e-02) (2.26797634e-05,-3.90376421e-06)
6.69338677e-01 (9.37022946e-03,-4.27639034e-07) (3.48097654e-03,3.88479199e-02) (1.80564189e-05,-3.98520617e-06)
6.77354709e-01 (1.03928667e-02,2.10450330e-04) (3.48194391e-03,3.87646914e-02) (1.43181545e-05,-3.78617753e-06)
6.85370741e-01 (1.13875110e-02,3.83029295e-04) (3.48451920e-03,3.86729698e-02) (1.13261475e-05,-3.42643711e-06)
6.93386774e-01 (1.23525707e-02,5.20096314e-04) (3.48839169e-03,3.85729979e-02) (8.95262011e-06,-2.99204678e-06)
7.01402806e-01 (1.32867634e-02,6.24466635e-04) (3.49327432e-03,3.84650307e-02) (7.08348250e-06,-2.54171145e-06)
7.09418838e-01 (1.41891054e-02,6.98950710e-04) (3.49890376e-03,3.83493329e-02) (5.61960044e-06,-2.11272540e-06)
7.17434870e-01 (1.50588971e-02,7.46324006e-04) (3.50504023e-03,3.82261760e-02) (4.47694490e-06,-1.72629074e-06)
7.25450902e-01 (1.58957066e-02,7.69299916e-04) (3.51146713e-03,3.80958365e-02) (3.58590146e-06,-1.39207002e-06)
7.33466934e-01 (1.66993499e-02,7.70505982e-04) (3.51799037e-03,3.79585930e-02) (2.89000679e-06,-1.11192043e-06)
7.41482966e-01 (1.74698706e-02,7.52463523e-04) (3.52443757e-03,3.78147251e-02) (2.34435111e-06,-8.82825387e-07)
7.49498998e-01 (1.82075168e-02,7.17570733e-04) (3.53065709e-03,3.76645110e-02) (1.91384410e-06,-6.99089928e-07)
7.57515030e-01 (1.89127190e-02,6.68089204e-04) (3.53651692e-03,3.75082259e-02) (1.57149587e-06,-5.53897547e-07)
7.65531062e-01 (1.95860663e-02,6.06133768e-04) (3.54190348e-03,3.73461406e-02) (1.29681881e-06,-4.40341716e-07)
7.73547094e-01 (2.02282836e-02,5.33665504e-04) (3.54672037e-03,3.71785205e-02) (1.07441488e-06,-3.52046990e-07)
7.81563126e-01 (2.08402092e-02,4.52487701e-04) (3.55088703e-03,3.70056244e-02) (8.92779014e-07,-2.83486850e-07)
7.89579158e-01 (2.14227733e-02,3.64244533e-04) (3.55433740e-03,3.68277034e-02) (7.43322735e-07,-2.30091412e-07)
7.97595190e-01 (2.19769771e-02,2.70422169e-04) (3.55701860e-03,3.66450006e-02) (6.19604549e-07,-1.88221047e-07)
8.05611222e-01 (2.25038746e-02,1.72352023e-04) (3.55888959e-03,3.64577503e-02) (5.16742145e-07,-1.55064374e-07)
8.13627255e-01 (2.30045542e-02,7.12158386e-05) (3.55991991e-03,3.62661778e-02) (4.30976704e-07,-1.28502695e-07)
8.21643287e-01 (2.34801237e-02,-3.19476914e-05) (3.56008842e-03,3.60704993e-02) (3.59358649e-07,-1.06968887e-07)
8.29659319e-01 (2.39316958e-02,-1.36235088e-04) (3.55938212e-03,3.58709212e-02) (2.99526444e-07,-8.93175276e-08)
8.37675351e-01 (2.43603763e-02,-2.40869305e-04) (3.55779508e-03,3.56676411e-02) (2.49553874e-07,-7.47146635e-08)
8.45691383e-01 (2.47672529e-02,-3.45190299e-04) (3.55532740e-03,3.54608468e-02) (2.07845809e-07,-6.25498406e-08)
8.53707415e-01 (2.51533871e-02,-4.48645176e-04) (3.55198426e-03,3.52507174e-02) (1.73067042e-07,-5.23694290e-08)
8.61723447e-01 (2.55198068e-02,-5.50778176e-04) (3.54777506e-03,3.50374230e-02) (1.44092861e-07,-4.38283327e-08)
8.69739479e-01 (2.58675006e-02,-6.51220673e-04) (3.54271265e-03,3.48211254e-02) (1.19973475e-07,-3.66564259e-08)
8.77755511e-01 (2.61974139e-02,-7.49681380e-04) (3.53681263e-03,3.46019781e-02) (9.99070628e-08,-3.06360739e-08)
8.85771543e-01 (2.65104456e-02,-8.45936891e-04) (3.53009276e-03,3.43801269e-02) (8.32181915e-08,-2.55875347e-08)
8.93787575e-01 (2.68074468e-02,-9.39822696e-04) (3.52257241e-03,3.41557101e-02) (6.93396921e-08,-2.13596669e-08)
9.01803607e-01 (2.70892200e-02,-1.03122475e-03) (3.51427210e-03,3.39288592e-02) (5.77969569e-08,-1.78240160e-08)
9.09819639e-01 (2.73565190e-02,-1.12007166e-03) (3.50521311e-03,3.36996992e-02) (4.81941335e-08,-1.48709332e-08)
9.17835671e-01 (2.76100499e-02,-1.20632757e-03) (3.49541718e-03,3.34683487e-02) (4.02019683e-08,-1.24068467e-08)
9.25851703e-01 (2.78504725e-02,-1.28998568e-03) (3.48490620e-03,3.32349208e-02) (3.35471680e-08,-1.03521550e-08)
9.33867735e-01 (2.80784026e-02,-1.37106253e-03) (3.47370199e-03,3.29995231e-02) (2.80031891e-08,-8.63945160e-09)
9.41883768e-01 (2.82944136e-02,-1.44959292e-03) (3.46182619e-03,3.27622583e-02) (2.33823558e-08,-7.21193938e-09)
9.49899800e-01 (2.84990397e-02,-1.52562551e-03) (3.44930003e-03,3.25232244e-02) (1.95291932e-08,-6.02198092e-09)
9.57915832e-01 (2.86927781e-02,-1.59921907e-03) (3.43614431e-03,3.22825149e-02) (1.63148439e-08,-5.02977511e-09)
9.65931864e-01 (2.88760919e-02,-1.67043929e-03) (3.42237931e-03,3.20402197e-02) (1.36324295e-08,-4.20216346e-09)
9.73947896e-01 (2.90494131e-02,-1.73935614e-03) (3.40802469e-03,3.17964244e-02) (1.13932191e-08,-3.51157259e-09)
9.81963928e-01 (2.92131450e-02,-1.80604175e-03) (3.39309956e-03,3.15512115e-02) (9.52347690e-09,-2.93509592e-09)
9.89979960e-01 (2.93676647e-02,-1.87056865e-03) (3.37762239e-03,3.13046600e-02) (7.96187135e-09,-2.45370742e-09)
9.97995992e-01 (2.95133261e-02,-1.93300852e-03) (3.36161103e-03,3.10568460e-02) (6.65734693e-09,-2.05159867e-09)
1.00601202e+00 (2.96504619e-02,-1.99343115e-03) (3.34508277e-03,3.08078425e-02) (5.56737339e-09,-1.71562564e-09)
1.01402806e+00 (2.97793856e-02,-2.05190377e-03) (3.32805428e-03,3.05577200e-02) (4.65650271e-09,-1.43485004e-09)
1.02204409e+00 (2.99003939e-02,-2.10849057e-03) (3.31054170e-03,3.03065463e-02) (3.89517693e-09,-1.20016133e-09)
1.03006012e+00 (3.00137681e-02,-2.16325248e-03) (3.29256065e-03,3.00543867e-02) (3.25874111e-09,-1.00396512e-09)
1.03807615e+00 (3.01197760e-02,-2.21624700e-03) (3.27412623e-03,2.98013045e-02) (2.72662446e-09,-8.39926692e-10)
1.04609218e+00 (3.02186732e-02,-2.26752827e-03) (3.25525308e-03,2.95473604e-02) (2.28166009e-09,-7.02758967e-10)
1.05410822e+00 (3.03107042e-02,-2.31714718e-03) (3.23595541e-03,2.92926134e-02) (1.90951892e-09,-5.88047359e-10)
1.06212425e+00 (3.03961040e-02,-2.36515152e-03) (3.21624700e-03,2.90371201e-02) (1.59823823e-09,-4.92105185e-10)
1.07014028e+00 (3.04750984e-02,-2.41158622e-03) (3.19614124e-03,2.87809355e-02) (1.33782914e-09,-4.11852472e-10)
1.07815631e+00 (3.05479053e-02,-2.45649361e-03) (3.17565116e-03,2.85241124e-02) (1.11994935e-09,-3.44716029e-10)
1.08617234e+00 (3.06147354e-02,-2.49991367e-03) (3.15478944e-03,2.82667022e-02) (9.37630436e-10,-2.88545841e-10)
1.09418838e+00 (3.06757922e-02,-2.54188428e-03) (3.13356844e-03,2.80087542e-02) (7.85050665e-10,-2.41545051e-10)
1.10220441e+00 (3.07312735e-02,-2.58244152e-03) (3.11200021e-03,2.77503161e-02) (6.57345463e-10,-2.02211908e-10)
1.11022044e+00 (3.07813709e-02,-2.62161985e-03) (3.09009648e-03,2.74914341e-02) (5.50449402e-10,-1.69291201e-10)
1.11823647e+00 (3.08262707e-02,-2.65945238e-03) (3.06786873e-03,2.72321528e-02) (4.60964146e-10,-1.41734108e-10)
1.12625251e+00 (3.08661540e-02,-2.69597103e-03) (3.04532814e-03,2.69725150e-02) (3.86048685e-10,-1.18664011e-10)
1.13426854e+00 (3.09011970e-02,-2.73120672e-03) (3.02248565e-03,2.67125622e-02) (3.23327476e-10,-9.93483549e-11)
1.14228457e+00 (3.09315710e-02,-2.76518951e-03) (2.99935192e-03,2.64523345e-02) (2.70813765e-10,-8.31752072e-11)
1.15030060e+00 (3.09574432e-02,-2.79794875e-03) (2.97593737e-03,2.61918704e-02) (2.26845534e-10,-6.96332894e-11)
1.15831663e+00 (3.09789762e-02,-2.82951316e-03) (2.95225218e-03,2.59312072e-02) (1.90032023e-10,-5.82956528e-11)
1.16633267e+00 (3.09963283e-02,-2.85991092e-03) (2.92830629e-03,2.56703806e-02) (1.59208903e-10,-4.88056670e-11)
1.17434870e+00 (3.10096539e-02,-2.88916974e-03) (2.90410939e-03,2.54094253e-02) (1.33400995e-10,-4.08653590e-11)
1.18236473e+00 (3.10191033e-02,-2.91731692e-03) (2.87967096e-03,2.51483744e-02) (1.11791136e-10,-3.42254929e-11)
1.19038076e+00 (3.10248230e-02,-2.94437939e-03) (2.85500025e-03,2.48872600e-02) (9.36940839e-11,-2.86773947e-11)
1.19839679e+00 (3.10269557e-02,-2.97038369e-03) (2.83010626e-03,2.46261129e-02) (7.85350877e-11,-2.40458015e-11)
1.20641283e+00 (3.10256404e-02,-2.99535607e-03) (2.80499780e-03,2.43649626e-02) (6.58320268e-11,-2.01827572e-11)
1.21442886e+00 (3.10210126e-02,-3.01932243e-03) (2.77968343e-03,2.41038376e-02) (5.51805272e-11,-1.69631318e-11)
1.22244489e+00 (3.10132043e-02,-3.04230835e-03) (2.75417153e-03,2.38427652e-02) (4.62416746e-11,-1.42800521e-11)
1.23046092e+00 (3.10023440e-02,-3.06433909e-03) (2.72847023e-03,2.35817716e-02) (3.87318298e-11,-1.20425025e-11)
1.23847695e+00 (3.09885570e-02,-3.08543959e-03) (2.70258746e-03,2.33208820e-02) (3.24146537e-11,-1.01722427e-11)
1.24649299e+00 (3.09719652e-02,-3.10563446e-03) (2.67653096e-03,2.30601206e-02) (2.70938828e-11,-8.60139768e-12)
1.25450902e+00 (3.09526874e-02,-3.12494796e-03) (2.65030825e-03,2.27995103e-02) (2.26071476e-11,-7.27237242e-12)
1.26252505e+00 (3.09308396e-02,-3.14340404e-03) (2.62392663e-03,2.25390733e-02) (1.88217877e-11,-6.13619250e-12)
1.27054108e+00 (3.09065345e-02,-3.16102626e-03) (2.59739323e-03,2.22788308e-02) (1.56294298e-11,-5.15160528e-12)
1.27855711e+00 (3.08798821e-02,-3.17783784e-03) (2.57071496e-03,2.20188030e-02) (1.29423534e-11,-4.28614026e-12)
1.28657315e+00 (3.08509893e-02,-3.19386163e-03) (2.54389856e-03,2.17590092e-02) (1.06910289e-11,-3.51430808e-12)
1.29458918e+00 (3.08199606e-02,-3.20912012e-03) (2.51695056e-03,2.14994677e-02) (8.81848345e-12,-2.81774890e-12)
1.30260521e+00 (3.07868977e-02,-3.22363542e-03) (2.48987730e-03,2.12401962e-02) (7.27888769e-12,-2.18558721e-12)
1.31062124e+00 (3.07518996e-02,-3.23742927e-03) (2.46268495e-03,2.09812113e-02) (6.03464439e-12,-1.61368754e-12)
1.31863727e+00 (3.07150629e-02,-3.25052301e-03) (2.43537950e-03,2.07225289e-02) (5.05230290e-12,-1.10242290e-12)
1.32665331e+00 (3.06764817e-02,-3.26293763e-03) (2.40796673e-03,2.04641642e-02) (4.30268316e-12,-6.57709606e-13)
1.33466934e+00 (3.06362478e-02,-3.27469372e-03) (2.38045229e-03,2.02061313e-02) (3.75564156e-12,-2.88211200e-13)
1.34268537e+00 (3.05944505e-02,-3.28581149e-03) (2.35284163e-03,1.99484438e-02) (3.38234452e-12,-4.49724141e-15)
1.35070140e+00 (3.05511771e-02,-3.29631079e-03) (2.32514003e-03,1.96911144e-02) (3.15269893e-12,1.83098737e-13)
1.35871743e+00 (3.05065125e-02,-3.30621107e-03) (2.29735263e-03,1.94341554e-02) (3.03423144e-12,2.66303590e-13)
1.36673347e+00 (3.04605395e-02,-3.31553143e-03) (2.26948437e-03,1.91775780e-02) (2.99381535e-12,2.38909519e-13)
1.37474950e+00 (3.04133389e-02,-3.32429058e-03) (2.24154007e-03,1.89213928e-02) (2.99702386e-12,9.91518791e-14)
1.38276553e+00 (3.03649895e-02,-3.33250687e-03) (2.21352437e-03,1.86656099e-02) (3.01121110e-12,-1.49148096e-13)
1.39078156e+00 (3.03155680e-02,-3.34019830e-03) (2.18544176e-03,1.84102387e-02) (3.00356123e-12,-4.96213567e-13)
1.39879760e+00 (3.02651492e-02,-3.34738249e-03) (2.15729659e-03,1.81552877e-02) (2.94558904e-12,-9.28388939e-13)
1.40681363e+00 (3.02138062e-02,-3.35407673e-03) (2.12909304e-03,1.79007652e-02) (2.81140750e-12,-1.42591391e-12)
1.41482966e+00 (3.01616102e-02,-3.36029795e-03) (2.10083517e-03,1.76466786e-02) (2.58205190e-12,-1.96533121e-12)
1.42284569e+00 (3.01086305e-02,-3.36606273e-03) (2.07252690e-03,1.73930347e-02) (2.24361035e-12,-2.52078623e-12)
1.43086172e+00 (3.00549348e-02,-3.37138733e-03) (2.04417199e-03,1.71398399e-02) (1.79012666e-12,-3.06321477e-12)
1.43887776e+00 (3.00005891e-02,-3.37628765e-03) (2.01577409e-03,1.68870999e-02) (1.21917686e-12,-3.56679776e-12)
1.44689379e+00 (2.99456578e-02,-3.38077929e-03) (1.98733669e-03,1.66348200e-02) (5.37260861e-13,-4.00464566e-12)
1.45490982e+00 (2.98902036e-02,-3.38487750e-03) (1.95886317e-03,1.63830047e-02) (-2.45680471e-13,-4.35276758e-12)
1.46292585e+00 (2.98342878e-02,-3.38859723e-03) (1.93035679e-03,1.61316582e-02) (-1.11561617e-12,-4.59411159e-12)
1.47094188e+00 (2.97779700e-02,-3.39195312e-03) (1.90182066e-03,1.58807842e-02) (-2.05610132e-12,-4.71123304e-12)
1.47895792e+00 (2.97213085e-02,-3.39495947e-03) (1.87325778e-03,1.56303858e-02) (-3.04682563e-12,-4.69363496e-12)
1.48697395e+00 (2.96643599e-02,-3.39763032e-03) (1.84467104e-03,1.53804656e-02) (-4.07105066e-12,-4.53508060e-12)
1.49498998e+00 (2.96071798e-02,-3.39997937e-03) (1.81606320e-03,1.51310258e-02) (-5.11127744e-12,-4.23143052e-12)
1.50300601e+00 (2.95498220e-02,-3.40202007e-03) (1.78743692e-03,1.48820682e-02) (-6.15119674e-12,-3.78208161e-12)
1.51102204e+00 (2.94923391e-02,-3.40376555e-03) (1.75879473e-03,1.46335940e-02) (-7.17594863e-12,-3.18844415e-12)
1.51903808e+00 (2.94347827e-02,-3.40522866e-03) (1.73013906e-03,1.43856040e-02) (-8.17544100e-12,-2.45019004e-12)
1.52705411e+00 (2.93772027e-02,-3.40642199e-03) (1.70147224e-03,1.41380986e-02) (-9.13876047e-12,-1.56872781e-12)
1.53507014e+00 (2.93196479e-02,-3.40735784e-03) (1.67279648e-03,1.38910779e-02) (-1.00570091e-11,-5.42993894e-13)
1.54308617e+00 (2.92621660e-02,-3.40804824e-03) (1.64411391e-03,1.36445414e-02) (-1.09226192e-11,6.29384050e-13)
1.55110220e+00 (2.92048034e-02,-3.40850497e-03) (1.61542653e-03,1.33984883e-02) (-1.17248572e-11,1.95299048e-12)
1.55911824e+00 (2.91476054e-02,-3.40873954e-03) (1.58673627e-03,1.31529175e-02) (-1.24528179e-11,3.43487592e-12)
1.56713427e+00 (2.90906162e-02,-3.40876321e-03) (1.55804495e-03,1.29078272e-02) (-1.30933684e-11,5.08261435e-12)
1.57515030e+00 (2.90338788e-02,-3.40858700e-03) (1.52935429e-03,1.26632157e-02) (-1.36287203e-11,6.90476828e-12)
1.58316633e+00 (2.89774353e-02,-3.40822166e-03) (1.50066593e-03,1.24190806e-02) (-1.40371595e-11,8.91187754e-12)
1.59118236e+00 (2.89213266e-02,-3.40767773e-03) (1.47198142e-03,1.21754192e-02) (-1.42942294e-11,1.11100615e-11)
1.59919840e+00 (2.88655927e-02,-3.40696548e-03) (1.44330221e-03,1.19322286e-02) (-1.43679928e-11,1.35056177e-11)
1.60721443e+00 (2.88102726e-02,-3.40609500e-03) (1.41462969e-03,1.16895054e-02) (-1.42241714e-11,1.61027626e-11)
1.61523046e+00 (2.87554042e-02,-3.40507609e-03) (1.38596514e-03,1.14472461e-02) (-1.38233818e-11,1.88980344e-11)
1.62324649e+00 (2.87010247e-02,-3.40391838e-03) (1.35730977e-03,1.12054465e-02) (-1.31219804e-11,2.18871138e-11)
1.63126253e+00 (2.86471701e-02,-3.40263126e-03) (1.32866471e-03,1.09641026e-02) (-1.20733783e-11,2.50563070e-11)
1.63927856e+00 (2.85938758e-02,-3.40122390e-03) (1.30003101e-03,1.07232096e-02) (-1.06301418e-11,2.83866121e-11)
1.64729459e+00 (2.85411761e-02,-3.39970527e-03) (1.27140964e-03,1.04827628e-02) (-8.73938857e-12,3.18529900e-11)
1.65531062e+00 (2.84891046e-02,-3.39808414e-03) (1.24280150e-03,1.02427569e-02) (-6.35069856e-12,3.54211925e-11)
1.66332665e+00 (2.84376939e-02,-3.39636908e-03) (1.21420742e-03,1.00031867e-02) (-3.41197665e-12,3.90472031e-11)
1.67134269e+00 (2.83869761e-02,-3.39456844e-03) (1.18562816e-03,9.76404624e-03) (1.27120536e-13,4.26805981e-11)
1.67935872e+00 (2.83369823e-02,-3.39269041e-03) (1.15706439e-03,9.52532974e-03) (4.31822732e-12,4.62588797e-11)
1.68737475e+00 (2.82877427e-02,-3.39074297e-03) (1.12851674e-03,9.28703091e-03) (9.20448847e-12,4.97111296e-11)
1.69539078e+00 (2.82392871e-02,-3.38873392e-03) (1.09998575e-03,9.04914329e-03) (1.48287965e-11,5.29558832e-11)
1.70340681e+00 (2.81916443e-02,-3.38667088e-03) (1.07147192e-03,8.81166015e-03) (2.12234193e-11,5.59006946e-11)
1.71142285e+00 (2.81448426e-02,-3.38456130e-03) (1.04297566e-03,8.57457453e-03) (2.84146493e-11,5.84440083e-11)
1.71943888e+00 (2.80989094e-02,-3.38241244e-03) (1.01449734e-03,8.33787923e-03) (3.64180155e-11,6.04734307e-11)
1.72745491e+00 (2.80538717e-02,-3.38023142e-03) (9.86037253e-04,8.10156683e-03) (4.52356117e-11,6.18677211e-11)
1.73547094e+00 (2.80097555e-02,-3.37802518e-03) (9.57595646e-04,7.86562969e-03) (5.48535153e-11,6.24994467e-11)
1.74348697e+00 (2.79665865e-02,-3.37580049e-03) (9.29172700e-04,7.63005993e-03) (6.52419961e-11,6.22360002e-11)
1.75150301e+00 (2.79243896e-02,-3.37356399e-03) (9.00768543e-04,7.39484947e-03) (7.63511322e-11,6.09421433e-11)
1.75951904e+00 (2.78831891e-02,-3.37132215e-03) (8.72383246e-04,7.15999004e-03) (8.81123107e-11,5.84842600e-11)
1.76753507e+00 (2.78430089e-02,-3.36908130e-03) (8.44016828e-04,6.92547314e-03) (1.00434102e-10,5.47318340e-11)
1.77555110e+00 (2.78038720e-02,-3.36684764e-03) (8.15669253e-04,6.69129009e-03) (1.13203705e-10,4.95629285e-11)
1.78356713e+00 (2.77658012e-02,-3.36462721e-03) (7.87340435e-04,6.45743201e-03) (1.26287098e-10,4.28704400e-11)
1.79158317e+00 (2.77288186e-02,-3.36242595e-03) (7.59030237e-04,6.22388983e-03) (1.39533886e-10,3.45630196e-11)
1.79959920e+00 (2.76929458e-02,-3.36024965e-03) (7.30738475e-04,5.99065430e-03) (1.52770992e-10,2.45714225e-11)
1.80761523e+00 (2.76582039e-02,-3.35810398e-03) (7.02464913e-04,5.75771599e-03) (1.65819614e-10,1.28515008e-11)
1.81563126e+00 (2.76246135e-02,-3.35599451e-03) (6.74209269e-04,5.52506530e-03) (1.78483644e-10,-6.10505291e-13)
1.82364729e+00 (2.75921948e-02,-3.35392669e-03) (6.45971217e-04,5.29269244e-03) (1.90568632e-10,-1.57984735e-11)
1.83166333e+00 (2.75609676e-02,-3.35190583e-03) (6.17750383e-04,5.06058747e-03) (2.01879756e-10,-3.26618889e-11)
1.83967936e+00 (2.75309511e-02,-3.34993718e-03) (5.89546350e-04,4.82874028e-03) (2.12227265e-10,-5.11150496e-11)
1.84769539e+00 (2.75021643e-02,-3.34802585e-03) (5.61358655e-04,4.59714060e-03) (2.21434689e-10,-7.10370181e-11)
1.85571142e+00 (2.74746257e-02,-3.34617683e-03) (5.33186796e-04,4.36577800e-03) (2.29348025e-10,-9.22763099e-11)
1.86372745e+00 (2.74483535e-02,-3.34439501e-03) (5.05030228e-04,4.13464189e-03) (2.35836007e-10,-1.14647897e-10)
1.87174349e+00 (2.74233656e-02,-3.34268514e-03) (4.76888363e-04,3.90372154e-03) (2.40796041e-10,-1.37940093e-10)
1.87975952e+00 (2.73996797e-02,-3.34105184e-03) (4.48760578e-04,3.67300608e-03) (2.44164357e-10,-1.61916266e-10)
1.88777555e+00 (2.73773128e-02,-3.33949956e-03) (4.20646208e-04,3.44248445e-03) (2.45911448e-10,-1.86320407e-10)
1.89579158e+00 (2.73562821e-02,-3.33803255e-03) (3.92544553e-04,3.21214550e-03) (2.46052087e-10,-2.10882687e-10)
1.90380762e+00 (2.73366044e-02,-3.33665484e-03) (3.64454879e-04,2.98197790e-03) (2.44641402e-10,-2.35325578e-10)
1.91182365e+00 (2.73182961e-02,-3.33537019e-03) (3.36376416e-04,2.75197019e-03) (2.41779692e-10,-2.59367534e-10)
1.91983968e+00 (2.73013736e-02,-3.33418204e-03) (3.08308366e-04,2.52211079e-03) (2.37608576e-10,-2.82727193e-10)
1.92785571e+00 (2.72858529e-02,-3.33309344e-03) (2.80249904e-04,2.29238795e-03) (2.32309561e-10,-3.05132738e-10)
1.93587174e+00 (2.72717495e-02,-3.33210699e-03) (2.52200180e-04,2.06278982e-03) (2.26102438e-10,-3.26323758e-10)
1.94388778e+00 (2.72590789e-02,-3.33122474e-03) (2.24158324e-04,1.83330439e-03) (2.19238231e-10,-3.46053433e-10)
1.95190381e+00 (2.72478559e-02,-3.33044817e-03) (1.96123451e-04,1.60391955e-03) (2.11999198e-10,-3.64091510e-10)
1.95991984e+00 (2.72380947e-02,-3.32977806e-03) (1.68094667e-04,1.37462305e-03) (2.04688732e-10,-3.80229846e-10)
1.96793587e+00 (2.72298086e-02,-3.32921451e-03) (1.40071075e-04,1.14540253e-03) (1.97626649e-10,-3.94278591e-10)
1.97595190e+00 (2.72230098e-02,-3.32875690e-03) (1.12051778e-04,9.16245513e-04) (1.91141250e-10,-4.06068603e-10)
1.98396794e+00 (2.72177093e-02,-3.32840399e-03) (8.40358885e-05,6.87139438e-04) (1.85566990e-10,-4.15449592e-10)
1.99198397e+00 (2.72139161e-02,-3.32815405e-03) (5.60225323e-05,4.58071650e-04) (1.81231780e-10,-4.22284902e-10)
2.00000000e+00 (2.72108787e-02,-3.32795513e-03) (2.80108504e-05,2.29029427e-04) (1.78452554e-10,-4.26452376e-10)
