2.11 	 500
Z	 ux	 uz 	 rho
-5.00000000e+00 (-9.98816207e-06,7.46205839e-06) (3.15530423e-07,4.22345789e-07) (-7.95571823e-14,-2.25630609e-13)
-4.97995992e+00 (-1.00238927e-05,7.48876341e-06) (6.31624952e-07,8.45446346e-07) (2.75077079e-14,-2.51642193e-13)
-4.95991984e+00 (-1.00685953e-05,7.52217445e-06) (9.48848691e-07,1.27005776e-06) (-2.34319384e-13,-1.47548019e-13)
-4.93987976e+00 (-1.01312894e-05,7.56903324e-06) (1.26776876e-06,1.69693878e-06) (1.86789055e-13,-2.75588309e-13)
-4.91983968e+00 (-1.02120862e-05,7.62942336e-06) (1.58895531e-06,2.12685217e-06) (-3.15595251e-13,-9.73994595e-14)
-4.89979960e+00 (-1.03111292e-05,7.70345269e-06) (1.91298252e-06,2.56056611e-06) (2.84072459e-13,-2.25002822e-13)
-4.87975952e+00 (-1.04285942e-05,7.79125340e-06) (2.24042967e-06,2.99885548e-06) (-3.57580464e-13,-2.64803299e-14)
-4.85971944e+00 (-1.05646904e-05,7.89298227e-06) (2.57188211e-06,3.44250334e-06) (2.91316047e-13,-1.23301570e-13)
-4.83967936e+00 (-1.07196596e-05,8.00882110e-06) (2.90793238e-06,3.89230225e-06) (-3.08483155e-13,3.31870033e-14)
-4.81963928e+00 (-1.08937775e-05,8.13897668e-06) (3.24918121e-06,4.34905571e-06) (2.07105149e-13,1.90204122e-14)
-4.79959920e+00 (-1.10873540e-05,8.28368143e-06) (3.59623862e-06,4.81357962e-06) (-1.77869315e-13,7.42689868e-14)
-4.77955912e+00 (-1.13007335e-05,8.44319376e-06) (3.94972501e-06,5.28670368e-06) (9.97951233e-14,1.54198854e-13)
-4.75951904e+00 (-1.15342955e-05,8.61779875e-06) (4.31027224e-06,5.76927291e-06) (-5.44629095e-14,4.21025422e-14)
-4.73947896e+00 (-1.17884562e-05,8.80780855e-06) (4.67852482e-06,6.26214912e-06) (-5.90848841e-14,2.26580014e-13)
-4.71943888e+00 (-1.20636677e-05,9.01356218e-06) (5.05514102e-06,6.76621249e-06) (4.76857447e-14,-5.84977319e-14)
-4.69939880e+00 (-1.23604196e-05,9.23542709e-06) (5.44079401e-06,7.28236310e-06) (-3.00502450e-13,1.78769460e-13)
-4.67935872e+00 (-1.26792399e-05,9.47379976e-06) (5.83617313e-06,7.81152253e-06) (-1.78540496e-14,-6.10548873e-15)
-4.65931864e+00 (-1.30206959e-05,9.72910585e-06) (6.24198509e-06,8.35463550e-06) (-3.91982123e-13,2.49983981e-13)
-4.63927856e+00 (-1.33853957e-05,1.00018013e-05) (6.65895523e-06,8.91267156e-06) (-2.87211379e-14,9.20175461e-14)
-4.61923848e+00 (-1.37739880e-05,1.02923734e-05) (7.08782880e-06,9.48662687e-06) (-3.42677443e-13,2.90486398e-13)
-4.59919840e+00 (-1.41871639e-05,1.06013416e-05) (7.52937238e-06,1.00775259e-05) (1.37640149e-14,1.45672400e-13)
-4.57915832e+00 (-1.46256587e-05,1.09292571e-05) (7.98437513e-06,1.06864231e-05) (-2.97101901e-13,2.18122311e-13)
-4.55911824e+00 (-1.50902524e-05,1.12767056e-05) (8.45365024e-06,1.13144052e-05) (-5.67912446e-14,2.52790230e-13)
-4.53907816e+00 (-1.55817710e-05,1.16443074e-05) (8.93803640e-06,1.19625927e-05) (-2.42818344e-13,2.44672128e-13)
-4.51903808e+00 (-1.61010886e-05,1.20327192e-05) (9.43839928e-06,1.26321422e-05) (-1.38619996e-13,4.71150403e-13)
-4.49899800e+00 (-1.66491288e-05,1.24426350e-05) (9.95563309e-06,1.33242479e-05) (6.93780353e-14,5.18611402e-13)
-4.47895792e+00 (-1.72268654e-05,1.28747865e-05) (1.04906622e-05,1.40401446e-05) (2.61342396e-13,3.48936203e-13)
-4.45891784e+00 (-1.78353254e-05,1.33299453e-05) (1.10444427e-05,1.47811091e-05) (1.95917792e-13,1.76958890e-13)
-4.43887776e+00 (-1.84755903e-05,1.38089242e-05) (1.16179642e-05,1.55484627e-05) (1.17947518e-14,1.75224713e-13)
-4.41883768e+00 (-1.91487975e-05,1.43125785e-05) (1.22122515e-05,1.63435738e-05) (2.44350481e-13,4.26290799e-13)
-4.39879760e+00 (-1.98561427e-05,1.48418074e-05) (1.28283666e-05,1.71678600e-05) (2.64213522e-13,-1.62169238e-13)
-4.37875752e+00 (-2.05988820e-05,1.53975559e-05) (1.34674104e-05,1.80227907e-05) (-1.84772101e-13,2.78858609e-13)
-4.35871743e+00 (-2.13783341e-05,1.59808159e-05) (1.41305247e-05,1.89098897e-05) (3.20094847e-13,1.43470604e-13)
-4.33867735e+00 (-2.21958829e-05,1.65926289e-05) (1.48188942e-05,1.98307380e-05) (-9.39632783e-14,5.26657133e-14)
-4.31863727e+00 (-2.30529790e-05,1.72340868e-05) (1.55337490e-05,2.07869764e-05) (1.79390538e-13,2.10018781e-13)
-4.29859719e+00 (-2.39511432e-05,1.79063350e-05) (1.62763661e-05,2.17803086e-05) (-7.35605959e-14,-1.72707477e-13)
-4.27855711e+00 (-2.48919682e-05,1.86105733e-05) (1.70480723e-05,2.28125040e-05) (-3.34080082e-13,3.59427186e-13)
-4.25851703e+00 (-2.58771223e-05,1.93480584e-05) (1.78502462e-05,2.38854009e-05) (9.93982987e-14,2.46059758e-13)
-4.23847695e+00 (-2.69083517e-05,2.01201065e-05) (1.86843209e-05,2.50009099e-05) (-2.38326671e-13,3.26714423e-13)
-4.21843687e+00 (-2.79874840e-05,2.09280954e-05) (1.95517863e-05,2.61610170e-05) (1.53078684e-13,4.49138693e-13)
-4.19839679e+00 (-2.91164303e-05,2.17734670e-05) (2.04541919e-05,2.73677873e-05) (1.68812847e-13,2.16630787e-13)
-4.17835671e+00 (-3.02971900e-05,2.26577295e-05) (2.13931496e-05,2.86233684e-05) (-1.09030761e-13,2.44046305e-14)
-4.15831663e+00 (-3.15318530e-05,2.35824608e-05) (2.23703366e-05,2.99299945e-05) (-2.08880432e-15,6.01972125e-13)
-4.13827655e+00 (-3.28226038e-05,2.45493102e-05) (2.33874980e-05,3.12899901e-05) (2.32781346e-13,-9.89379447e-14)
-4.11823647e+00 (-3.41717256e-05,2.55600027e-05) (2.44464506e-05,3.27057739e-05) (-1.41659132e-13,3.90010222e-13)
-4.09819639e+00 (-3.55816034e-05,2.66163409e-05) (2.55490854e-05,3.41798635e-05) (1.49888433e-13,-1.46012503e-13)
-4.07815631e+00 (-3.70547288e-05,2.77202091e-05) (2.66973716e-05,3.57148794e-05) (-2.73352442e-13,3.64222112e-13)
-4.05811623e+00 (-3.85937036e-05,2.88735757e-05) (2.78933596e-05,3.73135499e-05) (9.97357753e-14,-6.69074374e-14)
-4.03807615e+00 (-4.02012447e-05,3.00784973e-05) (2.91391850e-05,3.89787157e-05) (-1.72809329e-13,3.91913599e-13)
-4.01803607e+00 (-4.18801890e-05,3.13371222e-05) (3.04370722e-05,4.07133346e-05) (1.74994227e-13,-3.52589892e-13)
-3.99799599e+00 (-4.36334974e-05,3.26516944e-05) (3.17893384e-05,4.25204872e-05) (-6.85228258e-13,2.79510524e-13)
-3.97795591e+00 (-4.54642605e-05,3.40245570e-05) (3.31983979e-05,4.44033818e-05) (1.42676406e-13,2.16248459e-13)
-3.95791583e+00 (-4.73757033e-05,3.54581569e-05) (3.46667659e-05,4.63653605e-05) (-3.70574339e-13,3.37059652e-13)
-3.93787575e+00 (-4.93711912e-05,3.69550490e-05) (3.61970637e-05,4.84099042e-05) (5.08769896e-13,2.91527450e-13)
-3.91783567e+00 (-5.14542356e-05,3.85179006e-05) (3.77920226e-05,5.05406396e-05) (-2.29561940e-13,-2.87647093e-13)
-3.89779559e+00 (-5.36284991e-05,4.01494961e-05) (3.94544893e-05,5.27613446e-05) (2.12532503e-14,5.78447873e-13)
-3.87775551e+00 (-5.58978022e-05,4.18527421e-05) (4.11874308e-05,5.50759555e-05) (4.95499554e-13,-7.95881334e-14)
-3.85771543e+00 (-5.82661295e-05,4.36306724e-05) (4.29939396e-05,5.74885736e-05) (2.21014904e-13,-3.02657111e-14)
-3.83767535e+00 (-6.07376367e-05,4.54864529e-05) (4.48772392e-05,6.00034719e-05) (4.68867641e-13,-4.36101230e-13)
-3.81763527e+00 (-6.33166570e-05,4.74233882e-05) (4.68406898e-05,6.26251032e-05) (-9.02735045e-14,-4.53358907e-13)
-3.79759519e+00 (-6.60077085e-05,4.94449263e-05) (4.88877943e-05,6.53581070e-05) (1.44251772e-13,-3.95737265e-13)
-3.77755511e+00 (-6.88155018e-05,5.15546655e-05) (5.10222046e-05,6.82073182e-05) (-2.76057314e-13,-6.52745459e-13)
-3.75751503e+00 (-7.17449471e-05,5.37563605e-05) (5.32477279e-05,7.11777747e-05) (-5.24976016e-13,-1.95729907e-13)
-3.73747495e+00 (-7.48011633e-05,5.60539285e-05) (5.55683337e-05,7.42747265e-05) (-2.34283414e-13,4.87092893e-14)
-3.71743487e+00 (-7.79894851e-05,5.84514568e-05) (5.79881604e-05,7.75036446e-05) (-1.44447674e-13,-1.89847717e-14)
-3.69739479e+00 (-8.13154727e-05,6.09532097e-05) (6.05115230e-05,8.08702301e-05) (1.22740950e-13,-9.97912053e-14)
-3.67735471e+00 (-8.47849202e-05,6.35636355e-05) (6.31429208e-05,8.43804241e-05) (-3.98220178e-13,-4.38685295e-13)
-3.65731463e+00 (-8.84038652e-05,6.62873752e-05) (6.58870449e-05,8.80404177e-05) (-1.51828477e-13,3.98026360e-13)
-3.63727455e+00 (-9.21785982e-05,6.91292697e-05) (6.87487870e-05,9.18566628e-05) (1.98139226e-13,-5.74341780e-13)
-3.61723447e+00 (-9.61156729e-05,7.20943689e-05) (7.17332477e-05,9.58358824e-05) (-8.22439355e-13,-1.33316728e-13)
-3.59719439e+00 (-1.00221916e-04,7.51879403e-05) (7.48457456e-05,9.99850824e-05) (-2.27864863e-13,4.05939778e-13)
-3.57715431e+00 (-1.04504440e-04,7.84154781e-05) (7.80918270e-05,1.04311563e-04) (2.94920890e-14,1.80730675e-13)
-3.55711423e+00 (-1.08970651e-04,8.17827128e-05) (8.14772750e-05,1.08822933e-04) (-3.99098315e-14,-7.33318510e-14)
-3.53707415e+00 (-1.13628263e-04,8.52956215e-05) (8.50081205e-05,1.13527118e-04) (-1.77439728e-13,7.11535052e-14)
-3.51703407e+00 (-1.18485308e-04,8.89604376e-05) (8.86906522e-05,1.18432377e-04) (-1.71169616e-13,5.43005095e-14)
-3.49699399e+00 (-1.23550150e-04,9.27836625e-05) (9.25314281e-05,1.23547318e-04) (-6.60652882e-14,2.66737411e-13)
-3.47695391e+00 (-1.28831497e-04,9.67720759e-05) (9.65372866e-05,1.28880907e-04) (3.60640446e-14,-2.38178499e-14)
-3.45691383e+00 (-1.34338414e-04,1.00932749e-04) (1.00715359e-04,1.34442487e-04) (-9.91467533e-14,7.72393206e-14)
-3.43687375e+00 (-1.40080337e-04,1.05273054e-04) (1.05073082e-04,1.40241791e-04) (-2.27878927e-13,-7.27766413e-14)
-3.41683367e+00 (-1.46067086e-04,1.09800680e-04) (1.09618211e-04,1.46288960e-04) (-2.67423975e-13,5.15406047e-13)
-3.39679359e+00 (-1.52308883e-04,1.14523645e-04) (1.14358831e-04,1.52594558e-04) (2.86296446e-13,1.29731210e-13)
-3.37675351e+00 (-1.58816362e-04,1.19450310e-04) (1.19303377e-04,1.59169591e-04) (-2.22345286e-13,1.68005729e-13)
-3.35671343e+00 (-1.65600586e-04,1.24589391e-04) (1.24460641e-04,1.66025521e-04) (1.55736087e-13,3.41267902e-13)
-3.33667335e+00 (-1.72673068e-04,1.29949977e-04) (1.29839794e-04,1.73174290e-04) (1.28811212e-13,3.60233693e-13)
-3.31663327e+00 (-1.80045780e-04,1.35541546e-04) (1.35450398e-04,1.80628334e-04) (6.48075455e-13,7.64119009e-14)
-3.29659319e+00 (-1.87731172e-04,1.41373977e-04) (1.41302426e-04,1.88400606e-04) (1.17564757e-13,-2.25591380e-13)
-3.27655311e+00 (-1.95742193e-04,1.47457572e-04) (1.47406274e-04,1.96504597e-04) (4.24966162e-13,-2.16210415e-13)
-3.25651303e+00 (-2.04092305e-04,1.53803069e-04) (1.53772786e-04,2.04954355e-04) (-4.10959054e-13,-4.66494390e-13)
-3.23647295e+00 (-2.12795503e-04,1.60421664e-04) (1.60413267e-04,2.13764508e-04) (1.69110324e-13,3.60095620e-13)
-3.21643287e+00 (-2.21866330e-04,1.67325029e-04) (1.67339507e-04,2.22950287e-04) (-9.74847292e-15,-6.82066115e-13)
-3.19639279e+00 (-2.31319902e-04,1.74525328e-04) (1.74563800e-04,2.32527552e-04) (-4.67465245e-13,1.82514993e-13)
-3.17635271e+00 (-2.41171925e-04,1.82035245e-04) (1.82098964e-04,2.42512812e-04) (-1.91995200e-13,-1.40260051e-13)
-3.15631263e+00 (-2.51438711e-04,1.89867997e-04) (1.89958364e-04,2.52923254e-04) (-4.33166893e-13,6.65377425e-13)
-3.13627255e+00 (-2.62137205e-04,1.98037364e-04) (1.98155937e-04,2.63776767e-04) (5.85598916e-13,2.88217239e-13)
-3.11623246e+00 (-2.73285000e-04,2.06557706e-04) (2.06706213e-04,2.75091971e-04) (1.52988200e-13,-1.46305096e-14)
-3.09619238e+00 (-2.84900364e-04,2.15443990e-04) (2.15624344e-04,2.86888244e-04) (4.28181380e-13,-2.63436474e-13)
-3.07615230e+00 (-2.97002254e-04,2.24711814e-04) (2.24926126e-04,2.99185750e-04) (-3.55078369e-13,-4.33216755e-13)
-3.05611222e+00 (-3.09610342e-04,2.34377435e-04) (2.34628029e-04,3.12005469e-04) (-2.52935296e-13,1.81058176e-13)
-3.03607214e+00 (-3.22745039e-04,2.44457791e-04) (2.44747224e-04,3.25369229e-04) (-8.71204918e-14,1.85505003e-13)
-3.01603206e+00 (-3.36427510e-04,2.54970537e-04) (2.55301613e-04,3.39299738e-04) (2.24808475e-13,1.27231937e-13)
-2.99599198e+00 (-3.50679704e-04,2.65934064e-04) (2.66309862e-04,3.53820614e-04) (-9.04735901e-14,-2.39687380e-13)
-2.97595190e+00 (-3.65524370e-04,2.77367539e-04) (2.77791428e-04,3.68956419e-04) (-1.97069417e-13,3.01756762e-13)
-2.95591182e+00 (-3.80985080e-04,2.89290928e-04) (2.89766596e-04,3.84732695e-04) (2.68774780e-13,1.31196890e-13)
-2.93587174e+00 (-3.97086257e-04,3.01725034e-04) (3.02256513e-04,4.01175999e-04) (6.69944262e-14,2.23122534e-15)
-2.91583166e+00 (-4.13853186e-04,3.14691529e-04) (3.15283222e-04,4.18313937e-04) (3.00212133e-13,-3.33536100e-14)
-2.89579158e+00 (-4.31312046e-04,3.28212988e-04) (3.28869704e-04,4.36175206e-04) (-4.50737064e-14,-3.96216624e-13)
-2.87575150e+00 (-4.49489923e-04,3.42312927e-04) (3.43039912e-04,4.54789626e-04) (-2.43978143e-13,5.69926974e-14)
-2.85571142e+00 (-4.68414836e-04,3.57015839e-04) (3.57818813e-04,4.74188182e-04) (7.87129374e-15,3.80989440e-14)
-2.83567134e+00 (-4.88115751e-04,3.72347233e-04) (3.73232433e-04,4.94403065e-04) (2.54666293e-14,1.07394864e-13)
-2.81563126e+00 (-5.08622605e-04,3.88333677e-04) (3.89307898e-04,5.15467710e-04) (2.53616522e-13,-2.23833212e-13)
-2.79559118e+00 (-5.29966319e-04,4.05002836e-04) (4.06073478e-04,5.37416840e-04) (-3.82424574e-13,-3.78527343e-13)
-2.77555110e+00 (-5.52178818e-04,4.22383516e-04) (4.23558639e-04,5.60286505e-04) (-3.76269237e-13,2.84444029e-13)
-2.75551102e+00 (-5.75293040e-04,4.40505712e-04) (4.41794088e-04,5.84114127e-04) (2.54515615e-14,1.66732086e-13)
-2.73547094e+00 (-5.99342955e-04,4.59400651e-04) (4.60811827e-04,6.08938542e-04) (-1.12585371e-13,1.40864474e-13)
-2.71543086e+00 (-6.24363571e-04,4.79100839e-04) (4.80645205e-04,6.34800044e-04) (1.91074580e-13,1.93009501e-13)
-2.69539078e+00 (-6.50390944e-04,4.99640115e-04) (5.01328972e-04,6.61740431e-04) (7.63633515e-14,-2.99129070e-13)
-2.67535070e+00 (-6.77462182e-04,5.21053698e-04) (5.22899339e-04,6.89803046e-04) (-3.90526498e-13,-6.26694172e-14)
-2.65531062e+00 (-7.05615447e-04,5.43378242e-04) (5.45394034e-04,7.19032824e-04) (-1.85588555e-13,1.67578050e-13)
-2.63527054e+00 (-7.34889953e-04,5.66651887e-04) (5.68852369e-04,7.49476336e-04) (-2.22763158e-13,9.31137825e-14)
-2.61523046e+00 (-7.65325961e-04,5.90914322e-04) (5.93315296e-04,7.81181834e-04) (-2.07671535e-13,1.83704254e-13)
-2.59519038e+00 (-7.96964767e-04,6.16206836e-04) (6.18825484e-04,8.14199293e-04) (-2.80702259e-13,2.07477186e-13)
-2.57515030e+00 (-8.29848685e-04,6.42572379e-04) (6.45427377e-04,8.48580457e-04) (-2.44718283e-14,4.19946740e-13)
-2.55511022e+00 (-8.64021028e-04,6.70055628e-04) (6.73167276e-04,8.84378881e-04) (2.13323668e-13,-2.45279582e-13)
-2.53507014e+00 (-8.99526076e-04,6.98703044e-04) (7.02093404e-04,9.21649971e-04) (-7.04664907e-13,-5.58184763e-13)
-2.51503006e+00 (-9.36409041e-04,7.28562942e-04) (7.32255990e-04,9.60451026e-04) (-1.11151411e-12,5.49425497e-14)
-2.49498998e+00 (-9.74716020e-04,7.59685554e-04) (7.63707345e-04,1.00084128e-03) (-1.08969238e-12,3.17313332e-13)
-2.47494990e+00 (-1.01449395e-03,7.92123098e-04) (7.96501943e-04,1.04288192e-03) (-1.00785098e-12,4.09852323e-13)
-2.45490982e+00 (-1.05579052e-03,8.25929850e-04) (8.30696512e-04,1.08663616e-03) (-1.20691237e-12,7.36869928e-15)
-2.43486974e+00 (-1.09865412e-03,8.61162214e-04) (8.66350119e-04,1.13216921e-03) (-2.03386850e-12,-5.89512078e-14)
-2.41482966e+00 (-1.14313376e-03,8.97878796e-04) (9.03524259e-04,1.17954839e-03) (-2.84694116e-12,2.33202832e-13)
-2.39478958e+00 (-1.18927892e-03,9.36140480e-04) (9.42282955e-04,1.22884305e-03) (-3.48470070e-12,9.43851742e-13)
-2.37474950e+00 (-1.23713947e-03,9.76010500e-04) (9.82692852e-04,1.28012468e-03) (-3.50081553e-12,1.01001261e-12)
-2.35470942e+00 (-1.28676553e-03,1.01755452e-03) (1.02482332e-03,1.33346687e-03) (-4.83174406e-12,4.28887831e-13)
-2.33466934e+00 (-1.33820731e-03,1.06084073e-03) (1.06874656e-03,1.38894533e-03) (-6.64252694e-12,8.98363720e-13)
-2.31462926e+00 (-1.39151492e-03,1.10593988e-03) (1.11453771e-03,1.44663791e-03) (-8.50401142e-12,1.34781157e-12)
-2.29458918e+00 (-1.44673818e-03,1.15292542e-03) (1.16227494e-03,1.50662455e-03) (-1.05316102e-11,2.29883057e-12)
-2.27454910e+00 (-1.50392639e-03,1.20187354e-03) (1.21203962e-03,1.56898731e-03) (-1.25213217e-11,2.25278106e-12)
-2.25450902e+00 (-1.56312808e-03,1.25286327e-03) (1.26391635e-03,1.63381031e-03) (-1.68214024e-11,2.04266173e-12)
-2.23446894e+00 (-1.62439071e-03,1.30597656e-03) (1.31799319e-03,1.70117971e-03) (-2.18643188e-11,3.14982829e-12)
-2.21442886e+00 (-1.68776035e-03,1.36129836e-03) (1.37436167e-03,1.77118363e-03) (-2.79261982e-11,3.86762043e-12)
-2.19438878e+00 (-1.75328133e-03,1.41891670e-03) (1.43311701e-03,1.84391214e-03) (-3.61639249e-11,5.38576544e-12)
-2.17434870e+00 (-1.82099581e-03,1.47892280e-03) (1.49435823e-03,1.91945712e-03) (-4.55488569e-11,7.34775360e-12)
-2.15430862e+00 (-1.89094335e-03,1.54141111e-03) (1.55818824e-03,1.99791219e-03) (-5.80270810e-11,8.70195165e-12)
-2.13426854e+00 (-1.96316039e-03,1.60647941e-03) (1.62471404e-03,2.07937257e-03) (-7.47824327e-11,1.12113825e-11)
-2.11422846e+00 (-2.03767972e-03,1.67422891e-03) (1.69404682e-03,2.16393497e-03) (-9.54985644e-11,1.48933905e-11)
-2.09418838e+00 (-2.11452978e-03,1.74476428e-03) (1.76630214e-03,2.25169739e-03) (-1.21457534e-10,1.91482257e-11)
-2.07414830e+00 (-2.19373407e-03,1.81819377e-03) (1.84160003e-03,2.34275893e-03) (-1.55150922e-10,2.36974588e-11)
-2.05410822e+00 (-2.27531027e-03,1.89462923e-03) (1.92006522e-03,2.43721959e-03) (-1.99203114e-10,3.04969216e-11)
-2.03406814e+00 (-2.35926948e-03,1.97418622e-03) (2.00182719e-03,2.53517996e-03) (-2.54238811e-10,3.95305357e-11)
-2.01402806e+00 (-2.44561520e-03,2.05698405e-03) (2.08702044e-03,2.63674098e-03) (-3.25095074e-10,5.03167169e-11)
-1.99398798e+00 (-2.53434230e-03,2.14314583e-03) (2.17578456e-03,2.74200353e-03) (-4.15224667e-10,6.45149088e-11)
-1.97394790e+00 (-2.62543588e-03,2.23279850e-03) (2.26826444e-03,2.85106812e-03) (-5.31242009e-10,8.11026148e-11)
-1.95390782e+00 (-2.71886993e-03,2.32607290e-03) (2.36461041e-03,2.96403438e-03) (-6.81192832e-10,1.04178103e-10)
-1.93386774e+00 (-2.81460594e-03,2.42310376e-03) (2.46497842e-03,3.08100061e-03) (-8.70935950e-10,1.33994334e-10)
-1.91382766e+00 (-2.91259126e-03,2.52402972e-03) (2.56953021e-03,3.20206318e-03) (-1.11476800e-09,1.70272449e-10)
-1.89378758e+00 (-3.01275744e-03,2.62899335e-03) (2.67843344e-03,3.32731594e-03) (-1.42843343e-09,2.17913870e-10)
-1.87374749e+00 (-3.11501819e-03,2.73814109e-03) (2.79186191e-03,3.45684948e-03) (-1.82928400e-09,2.79800397e-10)
-1.85370741e+00 (-3.21926728e-03,2.85162324e-03) (2.90999567e-03,3.59075035e-03) (-2.34226548e-09,3.58195760e-10)
-1.83366733e+00 (-3.32537617e-03,2.96959388e-03) (3.03302123e-03,3.72910014e-03) (-3.00069987e-09,4.57464843e-10)
-1.81362725e+00 (-3.43319134e-03,3.09221080e-03) (3.16113167e-03,3.87197454e-03) (-3.84637508e-09,5.85628149e-10)
-1.79358717e+00 (-3.54253138e-03,3.21963536e-03) (3.29452683e-03,4.01944218e-03) (-4.93017815e-09,7.49847204e-10)
-1.77354709e+00 (-3.65318379e-03,3.35203236e-03) (3.43341346e-03,4.17156337e-03) (-6.32253334e-09,9.60666223e-10)
-1.75350701e+00 (-3.76490134e-03,3.48956984e-03) (3.57800532e-03,4.32838878e-03) (-8.10776522e-09,1.23133337e-09)
-1.73346693e+00 (-3.87739811e-03,3.63241884e-03) (3.72852337e-03,4.48995783e-03) (-1.04022332e-08,1.57752359e-09)
-1.71342685e+00 (-3.99034506e-03,3.78075313e-03) (3.88519585e-03,4.65629700e-03) (-1.33479271e-08,2.02193123e-09)
-1.69338677e+00 (-4.10336516e-03,3.93474885e-03) (4.04825840e-03,4.82741788e-03) (-1.71369342e-08,2.59122165e-09)
-1.67334669e+00 (-4.21602784e-03,4.09458411e-03) (4.21795417e-03,5.00331505e-03) (-2.20061501e-08,3.32433925e-09)
-1.65330661e+00 (-4.32784298e-03,4.26043850e-03) (4.39453385e-03,5.18396372e-03) (-2.82711797e-08,4.26313474e-09)
-1.63326653e+00 (-4.43825406e-03,4.43249250e-03) (4.57825578e-03,5.36931700e-03) (-3.63337303e-08,5.47269675e-09)
-1.61322645e+00 (-4.54663063e-03,4.61092680e-03) (4.76938592e-03,5.55930304e-03) (-4.67133003e-08,7.02550835e-09)
-1.59318637e+00 (-4.65225978e-03,4.79592152e-03) (4.96819789e-03,5.75382164e-03) (-6.00856260e-08,9.02351404e-09)
-1.57314629e+00 (-4.75433665e-03,4.98765521e-03) (5.17497287e-03,5.95274064e-03) (-7.73223094e-08,1.15938273e-08)
-1.55310621e+00 (-4.85195379e-03,5.18630379e-03) (5.38999959e-03,6.15589179e-03) (-9.95521254e-08,1.49041833e-08)
-1.53306613e+00 (-4.94408911e-03,5.39203925e-03) (5.61357412e-03,6.36306619e-03) (-1.28241663e-07,1.91669532e-08)
-1.51302605e+00 (-5.02959233e-03,5.60502806e-03) (5.84599970e-03,6.57400915e-03) (-1.65290260e-07,2.46636158e-08)
-1.49298597e+00 (-5.10716972e-03,5.82542943e-03) (6.08758651e-03,6.78841448e-03) (-2.13170826e-07,3.17530271e-08)
-1.47294589e+00 (-5.17536666e-03,6.05339316e-03) (6.33865125e-03,7.00591809e-03) (-2.75098457e-07,4.09052224e-08)
-1.45290581e+00 (-5.23254790e-03,6.28905716e-03) (6.59951675e-03,7.22609078e-03) (-3.55260363e-07,5.27323160e-08)
-1.43286573e+00 (-5.27687497e-03,6.53254446e-03) (6.87051140e-03,7.44843016e-03) (-4.59113368e-07,6.80256735e-08)
-1.41282565e+00 (-5.30628027e-03,6.78395971e-03) (7.15196841e-03,7.67235155e-03) (-5.93797789e-07,8.78207446e-08)
-1.39278557e+00 (-5.31843729e-03,7.04338499e-03) (7.44422502e-03,7.89717771e-03) (-7.68639752e-07,1.13470170e-07)
-1.37274549e+00 (-5.31072604e-03,7.31087477e-03) (7.74762141e-03,8.12212721e-03) (-9.95872868e-07,1.46743387e-07)
-1.35270541e+00 (-5.28019301e-03,7.58644990e-03) (8.06249940e-03,8.34630123e-03) (-1.29155261e-06,1.89961124e-07)
-1.33266533e+00 (-5.22350416e-03,7.87009028e-03) (8.38920094e-03,8.56866858e-03) (-1.67680893e-06,2.46172294e-07)
-1.31262525e+00 (-5.13688971e-03,8.16172596e-03) (8.72806616e-03,8.78804848e-03) (-2.17950152e-06,3.19401762e-07)
-1.29258517e+00 (-5.01607864e-03,8.46122621e-03) (9.07943107e-03,9.00309091e-03) (-2.83645692e-06,4.14954204e-07)
-1.27254509e+00 (-4.85622055e-03,8.76838604e-03) (9.44362476e-03,9.21225393e-03) (-3.69650876e-06,5.39870237e-07)
-1.25250501e+00 (-4.65179147e-03,9.08290939e-03) (9.82096592e-03,9.41377730e-03) (-4.82457543e-06,7.03521621e-07)
-1.23246493e+00 (-4.39647953e-03,9.40438791e-03) (1.02117586e-02,9.60565192e-03) (-6.30728633e-06,9.18417286e-07)
-1.21242485e+00 (-4.08304458e-03,9.73227412e-03) (1.06162869e-02,9.78558379e-03) (-8.26067387e-06,1.20134222e-06)
-1.19238477e+00 (-3.70314413e-03,1.00658468e-02) (1.10348086e-02,9.95095148e-03) (-1.08408404e-05,1.57494640e-06)
-1.17234469e+00 (-3.24711464e-03,1.04041659e-02) (1.14675469e-02,1.00987555e-02) (-1.42588048e-05,2.06994261e-06)
-1.15230461e+00 (-2.70369322e-03,1.07460135e-02) (1.19146800e-02,1.02255572e-02) (-1.88014721e-05,2.72828250e-06)
-1.13226453e+00 (-2.05965816e-03,1.10898138e-02) (1.23763280e-02,1.03274045e-02) (-2.48613771e-05,3.60768586e-06)
-1.11222445e+00 (-1.29935668e-03,1.14335258e-02) (1.28525360e-02,1.03997407e-02) (-3.29796496e-05,4.78826171e-06)
-1.09218437e+00 (-4.04073349e-04,1.17744933e-02) (1.33432514e-02,1.04372900e-02) (-4.39086571e-05,6.38229998e-06)
-1.07214429e+00 (6.48833159e-04,1.21092358e-02) (1.38482947e-02,1.04339128e-02) (-5.87050933e-05,8.54851801e-06)
-1.05210421e+00 (1.88714568e-03,1.24331508e-02) (1.43673190e-02,1.03824187e-02) (-7.88728681e-05,1.15127097e-05)
-1.03206413e+00 (3.34556700e-03,1.27400468e-02) (1.48997556e-02,1.02743185e-02) (-1.06593531e-04,1.56059004e-05)
-1.01202405e+00 (5.06828901e-03,1.30212589e-02) (1.54447338e-02,1.00994870e-02) (-1.45081187e-04,2.13740686e-05)
-9.91983968e-01 (7.11207951e-03,1.32642546e-02) (1.60009522e-02,9.84569770e-03) (-1.98937910e-04,2.97884101e-05)
-9.71943888e-01 (9.54959719e-03,1.34536318e-02) (1.65664804e-02,9.49802456e-03) (-2.74248081e-04,4.17660868e-05)
-9.51903808e-01 (1.24831188e-02,1.35838688e-02) (1.71387143e-02,9.03809650e-03) (-3.80814260e-04,5.41566607e-05)
-9.31863727e-01 (1.61147473e-02,1.36746622e-02) (1.77152565e-02,8.44233796e-03) (-5.49205066e-04,5.39784721e-05)
-9.11823647e-01 (2.09217073e-02,1.36666431e-02) (1.82951687e-02,7.67528621e-03) (-8.76199969e-04,4.52398968e-05)
-8.91783567e-01 (2.77374452e-02,1.29489424e-02) (1.88710327e-02,6.67300721e-03) (-1.53661712e-03,1.77536548e-04)
-8.71743487e-01 (3.70721602e-02,9.66323569e-03) (1.93902496e-02,5.32955436e-03) (-2.56448354e-03,9.11136941e-04)
-8.51703407e-01 (4.74143908e-02,1.06211831e-03) (1.96882442e-02,3.53784657e-03) (-3.38621322e-03,2.80347154e-03)
-8.31663327e-01 (5.43986464e-02,-1.38714406e-02) (1.94800720e-02,1.31976019e-03) (-2.80626473e-03,5.65446882e-03)
-8.11623246e-01 (5.35522295e-02,-3.16883135e-02) (1.85151485e-02,-1.06260008e-03) (-1.65610305e-04,7.98731452e-03)
-7.91583166e-01 (4.48893415e-02,-4.61120796e-02) (1.68002186e-02,-3.20910571e-03) (3.45949728e-03,8.22847220e-03)
-7.71543086e-01 (3.33467579e-02,-5.34945817e-02) (1.46154896e-02,-4.85885301e-03) (6.08463180e-03,6.51289345e-03)
-7.51503006e-01 (2.39532769e-02,-5.53804410e-02) (1.22762279e-02,-6.02921229e-03) (6.89112118e-03,4.48257158e-03)
-7.31462926e-01 (1.80534197e-02,-5.54537652e-02) (9.93201345e-03,-6.88456100e-03) (6.66852905e-03,3.39872701e-03)
-7.11422846e-01 (1.43411701e-02,-5.58621584e-02) (7.58655082e-03,-7.55597444e-03) (6.46330378e-03,3.29191478e-03)
-6.91382766e-01 (1.14790561e-02,-5.68387521e-02) (5.20779885e-03,-8.09738140e-03) (6.66455312e-03,3.67651927e-03)
-6.71342685e-01 (8.97921715e-03,-5.80436222e-02) (2.77974653e-03,-8.52674832e-03) (7.21663927e-03,4.26184306e-03)
-6.51302605e-01 (6.78221673e-03,-5.92939329e-02) (2.99099739e-04,-8.85674605e-03) (8.03112352e-03,5.00296121e-03)
-6.31262525e-01 (4.88028739e-03,-6.05556326e-02) (-2.23469028e-03,-9.10031455e-03) (9.09808162e-03,5.93459881e-03)
-6.11222445e-01 (3.24911367e-03,-6.18223299e-02) (-4.82203793e-03,-9.26946775e-03) (1.04508944e-02,7.09880831e-03)
-5.91182365e-01 (1.86756845e-03,-6.30808822e-02) (-7.46295144e-03,-9.37508929e-03) (1.21407561e-02,8.54258666e-03)
-5.71142285e-01 (7.25312469e-04,-6.43130037e-02) (-1.01567338e-02,-9.42740641e-03) (1.42338049e-02,1.03243071e-02)
-5.51102204e-01 (-1.78814266e-04,-6.54972678e-02) (-1.29018468e-02,-9.43642834e-03) (1.68138282e-02,1.25167793e-02)
-5.31062124e-01 (-8.38564158e-04,-6.66088809e-02) (-1.56957813e-02,-9.41228424e-03) (1.99855046e-02,1.52096946e-02)
-5.11022044e-01 (-1.24116885e-03,-6.76191208e-02) (-1.85349024e-02,-9.36551169e-03) (2.38783023e-02,1.85126828e-02)
-4.90981964e-01 (-1.36783169e-03,-6.84948136e-02) (-2.14142720e-02,-9.30731966e-03) (2.86512680e-02,2.25589921e-02)
-4.70941884e-01 (-1.19404612e-03,-6.91978178e-02) (-2.43274498e-02,-9.24983535e-03) (3.44987263e-02,2.75097130e-02)
-4.50901804e-01 (-6.89843049e-04,-6.96845153e-02) (-2.72662719e-02,-9.20634021e-03) (4.16568519e-02,3.35584591e-02)
-4.30861723e-01 (1.79938942e-04,-6.99053405e-02) (-3.02206092e-02,-9.19149592e-03) (5.04110120e-02,4.09363415e-02)
-4.10821643e-01 (1.45525881e-03,-6.98044018e-02) (-3.31781063e-02,-9.22155749e-03) (6.11036314e-02,4.99169296e-02)
-3.90781563e-01 (3.18023620e-03,-6.93192686e-02) (-3.61239073e-02,-9.31456590e-03) (7.41421114e-02,6.08206861e-02)
-3.70741483e-01 (5.40213089e-03,-6.83810299e-02) (-3.90403771e-02,-9.49050732e-03) (9.00059850e-02,7.40180653e-02)
-3.50701403e-01 (8.16976668e-03,-6.69147654e-02) (-4.19068321e-02,-9.77141945e-03) (1.09252004e-01,8.99300598e-02)
-3.30661323e-01 (1.15311950e-02,-6.48406111e-02) (-4.46993011e-02,-1.01814175e-02) (1.32515181e-01,1.09024466e-01)
-3.10621242e-01 (1.55303656e-02,-6.20756463e-02) (-4.73903467e-02,-1.07466027e-02) (1.60502947e-01,1.31805517e-01)
-2.90581162e-01 (2.02025588e-02,-5.85368661e-02) (-4.99489851e-02,-1.14948071e-02) (1.93978576e-01,1.58793891e-01)
-2.70541082e-01 (2.55683580e-02,-5.41455202e-02) (-5.23407590e-02,-1.24551157e-02) (2.33728975e-01,1.90493541e-01)
-2.50501002e-01 (3.16260218e-02,-4.88330813e-02) (-5.45280250e-02,-1.36571011e-02) (2.80511133e-01,2.27341653e-01)
-2.30460922e-01 (3.83422964e-02,-4.25490088e-02) (-5.64705306e-02,-1.51297011e-02) (3.34971414e-01,2.69638648e-01)
-2.10420842e-01 (4.56420151e-02,-3.52702807e-02) (-5.81263581e-02,-1.68996761e-02) (3.97533292e-01,3.17457173e-01)
-1.90380762e-01 (5.33973011e-02,-2.70123211e-02) (-5.94533078e-02,-1.89896070e-02) (4.68252902e-01,3.70533042e-01)
-1.70340681e-01 (6.14178025e-02,-1.78404589e-02) (-6.04107668e-02,-2.14154398e-02) (5.46649016e-01,4.28147574e-01)
-1.50300601e-01 (6.94440851e-02,-7.88042282e-03) (-6.09620601e-02,-2.41836576e-02) (6.31525112e-01,4.89019477e-01)
-1.30260521e-01 (7.71469070e-02,2.67426681e-03) (-6.10772073e-02,-2.72882662e-02) (7.20815251e-01,5.51233852e-01)
-1.10220441e-01 (8.41353184e-02,1.35606134e-02) (-6.07358996e-02,-3.07079050e-02) (8.11499250e-01,6.12242725e-01)
-9.01803607e-02 (8.99760239e-02,2.44527553e-02) (-5.99303980e-02,-3.44035176e-02) (8.99640167e-01,6.68970790e-01)
-7.01402806e-02 (9.42248997e-02,3.49786733e-02) (-5.86679512e-02,-3.83170998e-02) (9.80590535e-01,7.18046889e-01)
-5.01002004e-02 (9.64689628e-02,4.47470899e-02) (-5.69722817e-02,-4.23720362e-02) (1.04938666e+00,7.56154028e-01)
-3.00601202e-02 (9.63738668e-02,5.33822262e-02) (-5.48837284e-02,-4.64753969e-02) (1.10130282e+00,7.80453035e-01)
-1.00200401e-02 (9.37291287e-02,6.05615469e-02) (-5.24577928e-02,-5.05222910e-02) (1.13248057e+00,7.88999577e-01)
1.00200401e-02 (8.84819930e-02,6.60499088e-02) (-4.97620905e-02,-5.44019885e-02) (1.14050363e+00,7.81057789e-01)
3.00601202e-02 (8.07520719e-02,6.97234786e-02) (-4.68720090e-02,-5.80051369e-02) (1.12478025e+00,7.57228616e-01)
5.01002004e-02 (7.08227060e-02,7.15787138e-02) (-4.38656360e-02,-6.12311217e-02) (1.08663353e+00,7.19356597e-01)
7.01402806e-02 (5.91103104e-02,7.17250954e-02) (-4.08186588e-02,-6.39945522e-02) (1.02907644e+00,6.70239240e-01)
9.01803607e-02 (4.61179804e-02,7.03640126e-02) (-3.77999065e-02,-6.62300297e-02) (9.56333966e-01,6.13214275e-01)
1.10220441e-01 (3.23826353e-02,6.77589584e-02) (-3.48680349e-02,-6.78947100e-02) (8.73234702e-01,5.51722771e-01)
1.30260521e-01 (1.84251687e-02,6.42032256e-02) (-3.20695898e-02,-6.89686013e-02) (7.84609834e-01,4.88935636e-01)
1.50300601e-01 (4.71081832e-03,5.99905727e-02) (-2.94384234e-02,-6.94529107e-02) (6.94809071e-01,4.27497477e-01)
1.70340681e-01 (-8.37654529e-03,5.53924671e-02) (-2.69962388e-02,-6.93669911e-02) (6.07391103e-01,3.69402028e-01)
1.90380762e-01 (-2.05459821e-02,5.06433470e-02) (-2.47539302e-02,-6.87445134e-02) (5.24993016e-01,3.15981758e-01)
2.10420842e-01 (-3.15991637e-02,4.59335311e-02) (-2.27133745e-02,-6.76294351e-02) (4.49345791e-01,2.67977451e-01)
2.30460922e-01 (-4.14216626e-02,4.14082938e-02) (-2.08693711e-02,-6.60721994e-02) (3.81386447e-01,2.25650831e-01)
2.50501002e-01 (-4.99694598e-02,3.71711951e-02) (-1.92115108e-02,-6.41264408e-02) (3.21418049e-01,1.88909546e-01)
2.70541082e-01 (-5.72536984e-02,3.32898439e-02) (-1.77258351e-02,-6.18463252e-02) (2.69279408e-01,1.57423911e-01)
2.90581162e-01 (-6.33258418e-02,2.98026355e-02) (-1.63962174e-02,-5.92845448e-02) (2.24499922e-01,1.30724375e-01)
3.10621242e-01 (-6.82645285e-02,2.67254501e-02) (-1.52054519e-02,-5.64909134e-02) (1.86427288e-01,1.08276142e-01)
3.30661323e-01 (-7.21647167e-02,2.40577111e-02) (-1.41360691e-02,-5.35114725e-02) (1.54324711e-01,8.95319951e-02)
3.50701403e-01 (-7.51292237e-02,2.17875165e-02) (-1.31709121e-02,-5.03880055e-02) (1.27439672e-01,7.39667059e-02)
3.70741483e-01 (-7.72624717e-02,1.98957774e-02) (-1.22935176e-02,-4.71578588e-02) (1.05048940e-01,6.10972039e-02)
3.90781563e-01 (-7.86661115e-02,1.83594236e-02) (-1.14883433e-02,-4.38539848e-02) (8.64852049e-02,5.04924439e-02)
4.10821643e-01 (-7.94361506e-02,1.71538040e-02) (-1.07408770e-02,-4.05051335e-02) (7.11504222e-02,4.17763099e-02)
4.30861723e-01 (-7.96612301e-02,1.62544314e-02) (-1.00376609e-02,-3.71361380e-02) (5.85200720e-02,3.46261326e-02)
4.50901804e-01 (-7.94217414e-02,1.56382209e-02) (-9.36625374e-03,-3.37682519e-02) (4.81416344e-02,2.87686937e-02)
4.70941884e-01 (-7.87895274e-02,1.52843541e-02) (-8.71515002e-03,-3.04195098e-02) (3.96296724e-02,2.39750098e-02)
4.90981964e-01 (-7.78279704e-02,1.51748862e-02) (-8.07366908e-03,-2.71050895e-02) (3.26591925e-02,2.00547332e-02)
5.11022044e-01 (-7.65923116e-02,1.52951954e-02) (-7.43182297e-03,-2.38376654e-02) (2.69583900e-02,1.68506881e-02)
5.31062124e-01 (-7.51300905e-02,1.56343586e-02) (-6.78016759e-03,-2.06277437e-02) (2.23014703e-02,1.42338308e-02)
5.51102204e-01 (-7.34816169e-02,1.61855352e-02) (-6.10963873e-03,-1.74839784e-02) (1.85019529e-02,1.20987815e-02)
5.71142285e-01 (-7.16804118e-02,1.69464368e-02) (-5.41137083e-03,-1.44134667e-02) (1.54066765e-02,1.03599841e-02)
5.91182365e-01 (-6.97535829e-02,1.79199843e-02) (-4.67649318e-03,-1.14220277e-02) (1.28906154e-02,8.94851324e-03)
6.11222445e-01 (-6.77220877e-02,1.91153845e-02) (-3.89589319e-03,-8.51446629e-03) (1.08525945e-02,7.80949264e-03)
6.31262525e-01 (-6.56003302e-02,2.05499803e-02) (-3.05992159e-03,-5.69482911e-03) (9.21181289e-03,6.89990292e-03)
6.51302605e-01 (-6.33935666e-02,2.22501274e-02) (-2.15799907e-03,-2.96670289e-03) (7.90390903e-03,6.18711726e-03)
6.71342685e-01 (-6.10990724e-02,2.42429392e-02) (-1.17824748e-03,-3.33689808e-04) (6.87563609e-03,5.65425552e-03)
6.91382766e-01 (-5.87480399e-02,2.65489740e-02) (-1.07794593e-04,2.20039301e-03) (6.09666741e-03,5.32508731e-03)
7.11422846e-01 (-5.65026905e-02,2.92952536e-02) (1.06697637e-03,4.63458131e-03) (5.64541089e-03,5.27313621e-03)
7.31462926e-01 (-5.45268975e-02,3.30979300e-02) (2.36967976e-03,6.97877686e-03) (5.83575334e-03,5.44882948e-03)
7.51503006e-01 (-5.20964713e-02,3.92197366e-02) (3.86603979e-03,9.24587404e-03) (7.01524326e-03,5.28303990e-03)
7.71543086e-01 (-4.65696256e-02,4.81917389e-02) (5.68645909e-03,1.13845305e-02) (8.77087009e-03,3.73288473e-03)
7.91583166e-01 (-3.47254186e-02,5.73124284e-02) (7.94157362e-03,1.31842271e-02) (9.54339012e-03,4.64194848e-04)
8.11623246e-01 (-1.68457896e-02,6.09500888e-02) (1.05333218e-02,1.43212293e-02) (7.97781046e-03,-3.09752287e-03)
8.31663327e-01 (1.58849378e-03,5.54642920e-02) (1.30960701e-02,1.46088611e-02) (4.66386680e-03,-4.90315166e-03)
8.51703407e-01 (1.42480857e-02,4.31357355e-02) (1.52238891e-02,1.41868917e-02) (1.58075633e-03,-4.44338305e-03)
8.71743487e-01 (1.92930216e-02,2.97325901e-02) (1.67440221e-02,1.34039127e-02) (-2.42648912e-05,-2.92211933e-03)
8.91783567e-01 (1.93444224e-02,1.92820859e-02) (1.77383487e-02,1.25552975e-02) (-3.86623644e-04,-1.61710190e-03)
9.11823647e-01 (1.77235159e-02,1.23029490e-02) (1.83746915e-02,1.17679716e-02) (-2.77658559e-04,-9.02426631e-04)
9.31863727e-01 (1.61164928e-02,7.60184999e-03) (1.87787985e-02,1.10564350e-02) (-1.48664220e-04,-5.75471775e-04)
9.51903808e-01 (1.48343621e-02,4.11582576e-03) (1.90175734e-02,1.04050137e-02) (-8.64234868e-05,-4.05347527e-04)
9.71943888e-01 (1.37626518e-02,1.34248838e-03) (1.91268703e-02,9.80190582e-03) (-5.95603890e-05,-2.93037466e-04)
9.91983968e-01 (1.28078026e-02,-9.14425227e-04) (1.91311065e-02,9.24111809e-03) (-4.37936966e-05,-2.12460910e-04)
1.01202405e+00 (1.19381579e-02,-2.75981583e-03) (1.90495381e-02,8.71876099e-03) (-3.23462712e-05,-1.54872943e-04)
1.03206413e+00 (1.11428391e-02,-4.27235846e-03) (1.88977112e-02,8.23151836e-03) (-2.39031925e-05,-1.13792320e-04)
1.05210421e+00 (1.04138809e-02,-5.51367291e-03) (1.86882285e-02,7.77642068e-03) (-1.77491615e-05,-8.42149856e-05)
1.07214429e+00 (9.74401239e-03,-6.53129854e-03) (1.84314247e-02,7.35082543e-03) (-1.32503529e-05,-6.26935165e-05)
1.09218437e+00 (9.12693460e-03,-7.36231440e-03) (1.81358822e-02,6.95237795e-03) (-9.93583223e-06,-4.69015352e-05)
1.11222445e+00 (8.55727217e-03,-8.03625101e-03) (1.78088001e-02,6.57896843e-03) (-7.47788417e-06,-3.52355233e-05)
1.13226453e+00 (8.03039385e-03,-8.57705290e-03) (1.74562634e-02,6.22869682e-03) (-5.64590830e-06,-2.65683441e-05)
1.15230461e+00 (7.54226842e-03,-9.00441226e-03) (1.70834461e-02,5.89984495e-03) (-4.27469398e-06,-2.00974442e-05)
1.17234469e+00 (7.08936012e-03,-9.33471499e-03) (1.66947680e-02,5.59085368e-03) (-3.24457023e-06,-1.52456318e-05)
1.19238477e+00 (6.66854844e-03,-9.58173165e-03) (1.62940173e-02,5.30030387e-03) (-2.46818236e-06,-1.15941938e-05)
1.21242485e+00 (6.27706454e-03,-9.75713256e-03) (1.58844492e-02,5.02690028e-03) (-1.88135078e-06,-8.83709880e-06)
1.23246493e+00 (5.91244001e-03,-9.87087898e-03) (1.54688650e-02,4.76945793e-03) (-1.43665740e-06,-6.74921818e-06)
1.25250501e+00 (5.57246509e-03,-9.93152507e-03) (1.50496775e-02,4.52689033e-03) (-1.09889731e-06,-5.16400085e-06)
1.27254509e+00 (5.25515415e-03,-9.94645452e-03) (1.46289645e-02,4.29819936e-03) (-8.41821593e-07,-3.95762043e-06)
1.29258517e+00 (4.95871708e-03,-9.92206852e-03) (1.42085144e-02,4.08246647e-03) (-6.45785283e-07,-3.03761256e-06)
1.31262525e+00 (4.68153516e-03,-9.86393686e-03) (1.37898637e-02,3.87884493e-03) (-4.96036537e-07,-2.33466396e-06)
1.33266533e+00 (4.42214074e-03,-9.77692087e-03) (1.33743297e-02,3.68655307e-03) (-3.81464571e-07,-1.79663638e-06)
1.35270541e+00 (4.17919984e-03,-9.66527420e-03) (1.29630379e-02,3.50486830e-03) (-2.93678282e-07,-1.38418948e-06)
1.37274549e+00 (3.95149730e-03,-9.53272651e-03) (1.25569458e-02,3.33312174e-03) (-2.26324954e-07,-1.06755691e-06)
1.39278557e+00 (3.73792395e-03,-9.38255332e-03) (1.21568635e-02,3.17069358e-03) (-1.74584337e-07,-8.24159821e-07)
1.41282565e+00 (3.53746546e-03,-9.21763479e-03) (1.17634714e-02,3.01700874e-03) (-1.34791490e-07,-6.36832363e-07)
1.43286573e+00 (3.34919265e-03,-9.04050567e-03) (1.13773360e-02,2.87153317e-03) (-1.04154656e-07,-4.92497025e-07)
1.45290581e+00 (3.17225300e-03,-8.85339778e-03) (1.09989236e-02,2.73377040e-03) (-8.05435601e-08,-3.81172135e-07)
1.47294589e+00 (3.00586316e-03,-8.65827658e-03) (1.06286118e-02,2.60325847e-03) (-6.23300863e-08,-2.95225846e-07)
1.49298597e+00 (2.84930240e-03,-8.45687263e-03) (1.02667006e-02,2.47956714e-03) (-4.82680795e-08,-2.28813722e-07)
1.51302605e+00 (2.70190670e-03,-8.25070890e-03) (9.91342137e-03,2.36229542e-03) (-3.74024338e-08,-1.77453612e-07)
1.53306613e+00 (2.56306363e-03,-8.04112451e-03) (9.56894526e-03,2.25106922e-03) (-2.90001885e-08,-1.37703506e-07)
1.55310621e+00 (2.43220766e-03,-7.82929555e-03) (9.23339040e-03,2.14553934e-03) (-2.24981965e-08,-1.06916885e-07)
1.57314629e+00 (2.30881605e-03,-7.61625322e-03) (8.90682848e-03,2.04537952e-03) (-1.74633057e-08,-8.30565363e-08)
1.59318637e+00 (2.19240509e-03,-7.40289989e-03) (8.58929043e-03,1.95028475e-03) (-1.35620093e-08,-6.45526127e-08)
1.61322645e+00 (2.08252684e-03,-7.19002326e-03) (8.28077162e-03,1.85996971e-03) (-1.05372754e-08,-5.01942130e-08)
1.63326653e+00 (1.97876604e-03,-6.97830879e-03) (7.98123636e-03,1.77416725e-03) (-8.19083277e-09,-3.90464520e-08)
1.65330661e+00 (1.88073742e-03,-6.76835090e-03) (7.69062205e-03,1.69262717e-03) (-6.36960811e-09,-3.03869253e-08)
1.67334669e+00 (1.78808328e-03,-6.56066271e-03) (7.40884276e-03,1.61511491e-03) (-4.95532884e-09,-2.36569706e-08)
1.69338677e+00 (1.70047118e-03,-6.35568494e-03) (7.13579246e-03,1.54141051e-03) (-3.85654305e-09,-1.84242298e-08)
1.71342685e+00 (1.61759202e-03,-6.15379365e-03) (6.87134796e-03,1.47130753e-03) (-3.00248770e-09,-1.43538595e-08)
1.73346693e+00 (1.53915810e-03,-5.95530725e-03) (6.61537144e-03,1.40461214e-03) (-2.33837192e-09,-1.11863670e-08)
1.75350701e+00 (1.46490151e-03,-5.76049280e-03) (6.36771276e-03,1.34114225e-03) (-1.82174538e-09,-8.72053038e-09)
1.77354709e+00 (1.39457257e-03,-5.56957157e-03) (6.12821152e-03,1.28072668e-03) (-1.41969943e-09,-6.80022250e-09)
1.79358717e+00 (1.32793847e-03,-5.38272408e-03) (5.89669889e-03,1.22320445e-03) (-1.10670814e-09,-5.30423943e-09)
1.81362725e+00 (1.26478194e-03,-5.20009460e-03) (5.67299919e-03,1.16842407e-03) (-8.62961612e-10,-4.13844031e-09)
1.83366733e+00 (1.20490014e-03,-5.02179518e-03) (5.45693137e-03,1.11624293e-03) (-6.73078337e-10,-3.22966911e-09)
1.85370741e+00 (1.14810353e-03,-4.84790933e-03) (5.24831030e-03,1.06652671e-03) (-5.25109574e-10,-2.52105121e-09)
1.87374749e+00 (1.09421496e-03,-4.67849524e-03) (5.04694786e-03,1.01914881e-03) (-4.09769079e-10,-1.96835079e-09)
1.89378758e+00 (1.04306871e-03,-4.51358873e-03) (4.85265398e-03,9.73989890e-04) (-3.19836771e-10,-1.53714802e-09)
1.91382766e+00 (9.94509670e-04,-4.35320591e-03) (4.66523755e-03,9.30937385e-04) (-2.49696732e-10,-1.20065074e-09)
1.93386774e+00 (9.48392613e-04,-4.19734551e-03) (4.48450711e-03,8.89885064e-04) (-1.94979136e-10,-9.37996493e-10)
1.95390782e+00 (9.04581458e-04,-4.04599106e-03) (4.31027165e-03,8.50732639e-04) (-1.52282508e-10,-7.32934629e-10)
1.97394790e+00 (8.62948641e-04,-3.89911281e-03) (4.14234113e-03,8.13385389e-04) (-1.18958237e-10,-5.72802567e-10)
1.99398798e+00 (8.23374514e-04,-3.75666941e-03) (3.98052704e-03,7.77753816e-04) (-9.29432452e-11,-4.47730555e-10)
2.01402806e+00 (7.85746797e-04,-3.61860950e-03) (3.82464284e-03,7.43753316e-04) (-7.26300515e-11,-3.50023483e-10)
2.03406814e+00 (7.49960070e-04,-3.48487309e-03) (3.67450436e-03,7.11303886e-04) (-5.67657881e-11,-2.73680006e-10)
2.05410822e+00 (7.15915306e-04,-3.35539283e-03) (3.52993012e-03,6.80329839e-04) (-4.43736902e-11,-2.14018533e-10)
2.07414830e+00 (6.83519435e-04,-3.23009509e-03) (3.39074168e-03,6.50759546e-04) (-3.46920435e-11,-1.67386028e-10)
2.09418838e+00 (6.52684944e-04,-3.10890102e-03) (3.25676377e-03,6.22525190e-04) (-2.71266888e-11,-1.30931389e-10)
2.11422846e+00 (6.23329507e-04,-2.99172738e-03) (3.12782460e-03,5.95562543e-04) (-2.12140427e-11,-1.02428933e-10)
2.13426854e+00 (5.95375641e-04,-2.87848743e-03) (3.00375596e-03,5.69810751e-04) (-1.65923231e-11,-8.01407052e-11)
2.15430862e+00 (5.68750384e-04,-2.76909157e-03) (2.88439339e-03,5.45212138e-04) (-1.29791296e-11,-6.27094426e-11)
2.17434870e+00 (5.43385005e-04,-2.66344804e-03) (2.76957627e-03,5.21712021e-04) (-1.01539754e-11,-4.90749830e-11)
2.19438878e+00 (5.19214726e-04,-2.56146345e-03) (2.65914789e-03,4.99258536e-04) (-7.94468350e-12,-3.84089347e-11)
2.21442886e+00 (4.96178471e-04,-2.46304330e-03) (2.55295551e-03,4.77802479e-04) (-6.21677218e-12,-3.00640430e-11)
2.23446894e+00 (4.74218625e-04,-2.36809245e-03) (2.45085044e-03,4.57297150e-04) (-4.86517907e-12,-2.35344559e-11)
2.25450902e+00 (4.53280818e-04,-2.27651548e-03) (2.35268798e-03,4.37698218e-04) (-3.80782140e-12,-1.84246706e-11)
2.27454910e+00 (4.33313719e-04,-2.18821708e-03) (2.25832749e-03,4.18963582e-04) (-2.98054767e-12,-1.44255631e-11)
2.29458918e+00 (4.14268848e-04,-2.10310232e-03) (2.16763234e-03,4.01053250e-04) (-2.33321955e-12,-1.12954288e-11)
2.31462926e+00 (3.96100398e-04,-2.02107695e-03) (2.08046993e-03,3.83929223e-04) (-1.82664341e-12,-8.84517958e-12)
2.33466934e+00 (3.78765070e-04,-1.94204763e-03) (1.99671161e-03,3.67555381e-04) (-1.43017272e-12,-6.92696720e-12)
2.35470942e+00 (3.62221920e-04,-1.86592209e-03) (1.91623264e-03,3.51897387e-04) (-1.11984531e-12,-5.42515006e-12)
2.37474950e+00 (3.46432215e-04,-1.79260940e-03) (1.83891218e-03,3.36922585e-04) (-8.76923228e-13,-4.24921932e-12)
2.39478958e+00 (3.31359304e-04,-1.72202001e-03) (1.76463321e-03,3.22599913e-04) (-6.86748543e-13,-3.32840659e-12)
2.41482966e+00 (3.16968487e-04,-1.65406596e-03) (1.69328244e-03,3.08899815e-04) (-5.37855270e-13,-2.60731907e-12)
2.43486974e+00 (3.03226904e-04,-1.58866096e-03) (1.62475028e-03,2.95794161e-04) (-4.21273017e-13,-2.04256113e-12)
2.45490982e+00 (2.90103424e-04,-1.52572046e-03) (1.55893075e-03,2.83256177e-04) (-3.29980888e-13,-1.60022611e-12)
2.47494990e+00 (2.77568546e-04,-1.46516176e-03) (1.49572141e-03,2.71260365e-04) (-2.58488509e-13,-1.25376058e-12)
2.49498998e+00 (2.65594302e-04,-1.40690402e-03) (1.43502328e-03,2.59782444e-04) (-2.02498446e-13,-9.82348083e-13)
2.51503006e+00 (2.54154168e-04,-1.35086837e-03) (1.37674075e-03,2.48799284e-04) (-1.58644834e-13,-7.69739923e-13)
2.53507014e+00 (2.43222984e-04,-1.29697787e-03) (1.32078151e-03,2.38288845e-04) (-1.24295455e-13,-6.03176820e-13)
2.55511022e+00 (2.32776875e-04,-1.24515759e-03) (1.26705645e-03,2.28230125e-04) (-9.73886181e-14,-4.72667670e-13)
2.57515030e+00 (2.22793177e-04,-1.19533459e-03) (1.21547960e-03,2.18603105e-04) (-7.63105112e-14,-3.70424904e-13)
2.59519038e+00 (2.13250371e-04,-1.14743794e-03) (1.16596803e-03,2.09388698e-04) (-5.97972806e-14,-2.90308326e-13)
2.61523046e+00 (2.04128017e-04,-1.10139871e-03) (1.11844177e-03,2.00568705e-04) (-4.68605198e-14,-2.27528572e-13)
2.63527054e+00 (1.95406696e-04,-1.05714997e-03) (1.07282369e-03,1.92125768e-04) (-3.67230995e-14,-1.78332565e-13)
2.65531062e+00 (1.87067954e-04,-1.01462677e-03) (1.02903950e-03,1.84043329e-04) (-2.87803292e-14,-1.39774718e-13)
2.67535070e+00 (1.79094247e-04,-9.73766119e-04) (9.87017583e-04,1.76305592e-04) (-2.25562367e-14,-1.09558730e-13)
2.69539078e+00 (1.71468895e-04,-9.34506967e-04) (9.46688942e-04,1.68897483e-04) (-1.76790076e-14,-8.58809627e-14)
2.71543086e+00 (1.64176032e-04,-8.96790173e-04) (9.07987134e-04,1.61804616e-04) (-1.38571582e-14,-6.73203214e-14)
2.73547094e+00 (1.57200564e-04,-8.60558478e-04) (8.70848170e-04,1.55013258e-04) (-1.08616633e-14,-5.27742686e-14)
2.75551102e+00 (1.50528127e-04,-8.25756473e-04) (8.35210445e-04,1.48510299e-04) (-8.51456002e-15,-4.13720304e-14)
2.77555110e+00 (1.44145051e-04,-7.92330560e-04) (8.01014656e-04,1.42283224e-04) (-6.67414850e-15,-3.24340631e-14)
2.79559118e+00 (1.38038319e-04,-7.60228919e-04) (7.68203732e-04,1.36320077e-04) (-5.23236396e-15,-2.54307232e-14)
2.81563126e+00 (1.32195538e-04,-7.29401469e-04) (7.36722752e-04,1.30609442e-04) (-4.10152400e-15,-1.99321186e-14)
2.83567134e+00 (1.26604903e-04,-6.99799827e-04) (7.06518878e-04,1.25140414e-04) (-3.21549036e-15,-1.56298246e-14)
2.85571142e+00 (1.21255166e-04,-6.71377267e-04) (6.77541284e-04,1.19902574e-04) (-2.52057005e-15,-1.22536729e-14)
2.87575150e+00 (1.16135611e-04,-6.44088681e-04) (6.49741081e-04,1.14885969e-04) (-1.97665511e-15,-9.60668392e-15)
2.89579158e+00 (1.11236024e-04,-6.17890536e-04) (6.23071259e-04,1.10081086e-04) (-1.54943878e-15,-7.53596681e-15)
2.91583166e+00 (1.06546669e-04,-5.92740832e-04) (5.97486611e-04,1.05478834e-04) (-1.21480570e-15,-5.90601866e-15)
2.93587174e+00 (1.02058263e-04,-5.68599061e-04) (5.72943677e-04,1.01070526e-04) (-9.52601928e-16,-4.62949504e-15)
2.95591182e+00 (9.77619527e-05,-5.45426164e-04) (5.49400679e-04,9.68478550e-05) (-7.46457915e-16,-3.63156493e-15)
2.97595190e+00 (9.36492955e-05,-5.23184487e-04) (5.26817457e-04,9.28028818e-05) (-5.85746454e-16,-2.84747262e-15)
2.99599198e+00 (8.97122362e-05,-5.01837744e-04) (5.05155417e-04,8.89280148e-05) (-4.59265829e-16,-2.23314005e-15)
3.01603206e+00 (8.59430897e-05,-4.81350974e-04) (4.84377471e-04,8.52159953e-05) (-3.60069931e-16,-1.75297213e-15)
3.03607214e+00 (8.23345223e-05,-4.61690497e-04) (4.64447980e-04,8.16598817e-05) (-2.82466483e-16,-1.37247394e-15)
3.05611222e+00 (7.88795343e-05,-4.42823880e-04) (4.45332704e-04,7.82530357e-05) (-2.21460932e-16,-1.07666663e-15)
3.07615230e+00 (7.55714444e-05,-4.24719893e-04) (4.26998746e-04,7.49891075e-05) (-1.73611252e-16,-8.45535497e-16)
3.09619238e+00 (7.24038734e-05,-4.07348469e-04) (4.09414508e-04,7.18620237e-05) (-1.36357141e-16,-6.62206296e-16)
3.11623246e+00 (6.93707305e-05,-3.90680673e-04) (3.92549637e-04,6.88659743e-05) (-1.06800135e-16,-5.20175612e-16)
3.13627255e+00 (6.64661989e-05,-3.74688657e-04) (3.76374980e-04,6.59954008e-05) (-8.36637544e-17,-4.06965839e-16)
3.15631263e+00 (6.36847230e-05,-3.59345627e-04) (3.60862540e-04,6.32449852e-05) (-6.54895217e-17,-3.18250646e-16)
3.17635271e+00 (6.10209960e-05,-3.44625808e-04) (3.45985430e-04,6.06096387e-05) (-5.13649816e-17,-2.49333849e-16)
3.19639279e+00 (5.84699479e-05,-3.30504407e-04) (3.31717833e-04,5.80844921e-05) (-4.02978733e-17,-1.95334434e-16)
3.21643287e+00 (5.60267346e-05,-3.16957580e-04) (3.18034958e-04,5.56648856e-05) (-3.17683917e-17,-1.56043729e-16)
3.23647295e+00 (5.36867271e-05,-3.03962400e-04) (3.04913003e-04,5.33463594e-05) (-2.49273394e-17,-1.20878084e-16)
3.25651303e+00 (5.14455017e-05,-2.91496825e-04) (2.92329119e-04,5.11246453e-05) (-1.94892147e-17,-9.41843726e-17)
3.27655311e+00 (4.92988303e-05,-2.79539662e-04) (2.80261368e-04,4.89956577e-05) (-1.52296658e-17,-7.47441441e-17)
3.29659319e+00 (4.72426712e-05,-2.68070545e-04) (2.68688691e-04,4.69554857e-05) (-1.20850682e-17,-5.80574098e-17)
3.31663327e+00 (4.52731609e-05,-2.57069896e-04) (2.57590873e-04,4.50003857e-05) (-9.43262733e-18,-4.63719625e-17)
3.33667335e+00 (4.33866053e-05,-2.46518905e-04) (2.46948511e-04,4.31267735e-05) (-7.29240110e-18,-3.50347884e-17)
3.35671343e+00 (4.15794725e-05,-2.36399495e-04) (2.36742982e-04,4.13312179e-05) (-5.82893118e-18,-2.78048641e-17)
3.37675351e+00 (3.98483852e-05,-2.26694300e-04) (2.26956410e-04,3.96104334e-05) (-4.48191774e-18,-2.25407377e-17)
3.39679359e+00 (3.81901136e-05,-2.17386636e-04) (2.17571640e-04,3.79612743e-05) (-3.61927825e-18,-1.74202743e-17)
3.41683367e+00 (3.66015686e-05,-2.08460478e-04) (2.08572209e-04,3.63807284e-05) (-2.88907547e-18,-1.42469940e-17)
3.43687375e+00 (3.50797959e-05,-1.99900435e-04) (1.99942317e-04,3.48659112e-05) (-2.19242451e-18,-1.11031344e-17)
3.45691383e+00 (3.36219693e-05,-1.91691722e-04) (1.91666802e-04,3.34140603e-05) (-1.70995954e-18,-8.25764730e-18)
3.47695391e+00 (3.22253855e-05,-1.83820146e-04) (1.83731113e-04,3.20225302e-05) (-1.22478171e-18,-5.62490541e-18)
3.49699399e+00 (3.08874582e-05,-1.76272074e-04) (1.76121290e-04,3.06887872e-05) (-9.70380643e-19,-4.33226660e-18)
3.51703407e+00 (2.96057131e-05,-1.69034420e-04) (1.68823936e-04,2.94104045e-05) (-8.32258304e-19,-4.16781685e-18)
3.53707415e+00 (2.83777828e-05,-1.62094618e-04) (1.61826195e-04,2.81850575e-05) (-7.08597676e-19,-4.04642622e-18)
3.55711423e+00 (2.72014023e-05,-1.55440606e-04) (1.55115734e-04,2.70105198e-05) (-5.97069919e-19,-2.87050817e-18)
3.57715431e+00 (2.60744039e-05,-1.49060807e-04) (1.48680717e-04,2.58846584e-05) (-3.67489062e-19,-1.82685758e-18)
3.59719439e+00 (2.49947137e-05,-1.42944106e-04) (1.42509790e-04,2.48054299e-05) (-2.30015940e-19,-8.95678175e-19)
3.61723447e+00 (2.39603468e-05,-1.37079838e-04) (1.36592057e-04,2.37708770e-05) (-2.55020767e-19,-8.14088429e-19)
3.63727455e+00 (2.29694037e-05,-1.31457766e-04) (1.30917066e-04,2.27791241e-05) (-1.69470939e-19,-1.63937645e-18)
3.65731463e+00 (2.20200664e-05,-1.26068067e-04) (1.25474787e-04,2.18283743e-05) (-1.51365438e-19,-7.80708902e-19)
3.67735471e+00 (2.11105951e-05,-1.20901317e-04) (1.20255598e-04,2.09169060e-05) (-1.24243268e-19,1.25253394e-20)
3.69739479e+00 (2.02393246e-05,-1.15948471e-04) (1.15250267e-04,2.00430695e-05) (-3.83297499e-20,-7.07576837e-19)
3.71743487e+00 (1.94046611e-05,-1.11200853e-04) (1.10449936e-04,1.92052838e-05) (-1.12689614e-19,-6.72782180e-19)
3.73747495e+00 (1.86050789e-05,-1.06650139e-04) (1.05846107e-04,1.84020340e-05) (-6.94022224e-20,1.34092049e-20)
3.75751503e+00 (1.78391180e-05,-1.02288344e-04) (1.01430626e-04,1.76318683e-05) (2.78882160e-20,-2.92645221e-20)
3.77755511e+00 (1.71053807e-05,-9.81078102e-05) (9.71956696e-05,1.68933952e-05) (-5.98091614e-20,4.76506930e-20)
3.79759519e+00 (1.64025292e-05,-9.41011908e-05) (9.31337327e-05,1.61852810e-05) (-7.32211684e-20,-6.22215365e-19)
3.81763527e+00 (1.57292829e-05,-9.02614411e-05) (8.92376130e-05,1.55062474e-05) (-3.64417501e-20,-5.39245587e-19)
3.83767535e+00 (1.50844162e-05,-8.65818046e-05) (8.55004004e-05,1.48550691e-05) (-5.99063629e-20,2.38940534e-20)
3.85771543e+00 (1.44667557e-05,-8.30558031e-05) (8.19154644e-05,1.42305713e-05) (-1.64546731e-20,-4.68607070e-20)
3.87775551e+00 (1.38751785e-05,-7.96772246e-05) (7.84764427e-05,1.36316280e-05) (3.08685483e-20,2.14804231e-20)
3.89779559e+00 (1.33086097e-05,-7.64401136e-05) (7.51772302e-05,1.30571594e-05) (-2.75551232e-20,-2.67334705e-21)
3.91783567e+00 (1.27660205e-05,-7.33387609e-05) (7.20119682e-05,1.25061304e-05) (1.14701836e-20,-1.13437373e-20)
3.93787575e+00 (1.22464263e-05,-7.03676937e-05) (6.89750344e-05,1.19775481e-05) (4.65074555e-21,4.44239333e-21)
3.95791583e+00 (1.17488845e-05,-6.75216663e-05) (6.60610330e-05,1.14704606e-05) (-3.43342097e-21,6.72689438e-21)
3.97795591e+00 (1.12724932e-05,-6.47956516e-05) (6.32647852e-05,1.09839550e-05) (-5.35248137e-21,-8.01320704e-21)
3.99799599e+00 (1.08163893e-05,-6.21848319e-05) (6.05813205e-05,1.05171556e-05) (2.46353190e-22,9.67921607e-22)
4.01803607e+00 (1.03797469e-05,-5.96845912e-05) (5.80058676e-05,1.00692223e-05) (4.11950854e-21,2.84475192e-21)
4.03807615e+00 (9.96177556e-06,-5.72905070e-05) (5.55338461e-05,9.63934936e-06) (6.43434029e-23,4.58612274e-21)
4.05811623e+00 (9.56171911e-06,-5.49983430e-05) (5.31608588e-05,9.22676355e-06) (-1.05875488e-21,-6.17398482e-23)
4.07815631e+00 (9.17885408e-06,-5.28040413e-05) (5.08826836e-05,8.83072301e-06) (-2.01300629e-21,1.34050252e-21)
4.09819639e+00 (8.81248839e-06,-5.07037162e-05) (4.86952665e-05,8.45051577e-06) (2.51499435e-21,-1.42543327e-21)
4.11823647e+00 (8.46196005e-06,-4.86936467e-05) (4.65947140e-05,8.08545846e-06) (1.45776176e-21,4.55931143e-21)
4.13827655e+00 (8.12663594e-06,-4.67702706e-05) (4.45772868e-05,7.73489510e-06) (-2.69754685e-21,-1.52455637e-22)
4.15831663e+00 (7.80591063e-06,-4.49301782e-05) (4.26393926e-05,7.39819586e-06) (3.20235053e-22,-1.81884644e-21)
4.17835671e+00 (7.49920526e-06,-4.31701063e-05) (4.07775803e-05,7.07475596e-06) (1.94598657e-21,7.23521181e-22)
4.19839679e+00 (7.20596644e-06,-4.14869328e-05) (3.89885339e-05,6.76399454e-06) (-5.36470657e-22,1.73417655e-21)
4.21843687e+00 (6.92566530e-06,-3.98776710e-05) (3.72690662e-05,6.46535359e-06) (-8.41899196e-22,-6.16998116e-22)
4.23847695e+00 (6.65779642e-06,-3.83394646e-05) (3.56161136e-05,6.17829699e-06) (6.24326892e-22,-4.51101120e-22)
4.25851703e+00 (6.40187697e-06,-3.68695828e-05) (3.40267307e-05,5.90230948e-06) (5.64375742e-23,4.60360374e-22)
4.27855711e+00 (6.15744577e-06,-3.54654152e-05) (3.24980848e-05,5.63689577e-06) (-3.59534102e-22,-3.44103786e-23)
4.29859719e+00 (5.92406250e-06,-3.41244676e-05) (3.10274511e-05,5.38157960e-06) (1.64400973e-22,-1.69640942e-22)
4.31863727e+00 (5.70130683e-06,-3.28443576e-05) (2.96122079e-05,5.13590291e-06) (4.78655441e-23,1.25661977e-22)
4.33867735e+00 (5.48877766e-06,-3.16228102e-05) (2.82498321e-05,4.89942500e-06) (-8.37827351e-23,-1.56684354e-23)
4.35871743e+00 (5.28609243e-06,-3.04576543e-05) (2.69378941e-05,4.67172171e-06) (1.86288714e-23,-4.83259722e-23)
4.37875752e+00 (5.09288635e-06,-2.93468183e-05) (2.56740545e-05,4.45238471e-06) (2.04230198e-23,1.23824820e-23)
4.39879760e+00 (4.90881180e-06,-2.82883270e-05) (2.44560590e-05,4.24102070e-06) (-7.96340811e-24,8.30248576e-24)
4.41883768e+00 (4.73353763e-06,-2.72802978e-05) (2.32817350e-05,4.03725073e-06) (-3.55638230e-24,-4.21041414e-24)
4.43887776e+00 (4.56674861e-06,-2.63209376e-05) (2.21489877e-05,3.84070951e-06) (1.83823891e-24,-1.38020716e-24)
4.45891784e+00 (4.40814481e-06,-2.54085395e-05) (2.10557960e-05,3.65104474e-06) (4.26182657e-25,7.74389430e-25)
4.47895792e+00 (4.25744107e-06,-2.45414802e-05) (2.00002094e-05,3.46791650e-06) (-3.11649769e-25,9.88829096e-26)
4.49899800e+00 (4.11436649e-06,-2.37182164e-05) (1.89803442e-05,3.29099661e-06) (-1.07699636e-25,-1.23855685e-25)
4.51903808e+00 (3.97866392e-06,-2.29372829e-05) (1.79943803e-05,3.11996807e-06) (5.39099796e-26,-6.63343387e-26)
4.53907816e+00 (3.85008950e-06,-2.21972895e-05) (1.70405580e-05,2.95452443e-06) (-8.26357358e-26,1.65666553e-26)
4.55911824e+00 (3.72841221e-06,-2.14969186e-05) (1.61171747e-05,2.79436932e-06) (-7.34123817e-27,-4.97217483e-26)
4.57915832e+00 (3.61341345e-06,-2.08349233e-05) (1.52225821e-05,2.63921583e-06) (-1.00646513e-25,1.81586442e-26)
4.59919840e+00 (3.50488663e-06,-2.02101246e-05) (1.43551831e-05,2.48878606e-06) (2.10166093e-26,-3.35112499e-26)
4.61923848e+00 (3.40263685e-06,-1.96214099e-05) (1.35134293e-05,2.34281058e-06) (-1.32774786e-25,7.27049696e-27)
4.63927856e+00 (3.30648045e-06,-1.90677305e-05) (1.26958174e-05,2.20102799e-06) (2.62742349e-26,3.84655428e-29)
4.65931864e+00 (3.21624477e-06,-1.85481003e-05) (1.19008877e-05,2.06318438e-06) (-1.30598379e-25,-3.05723947e-27)
4.67935872e+00 (3.13176777e-06,-1.80615935e-05) (1.11272206e-05,1.92903294e-06) (2.07324102e-26,2.31897070e-26)
4.69939880e+00 (3.05289777e-06,-1.76073435e-05) (1.03734343e-05,1.79833348e-06) (-1.28643985e-25,3.94413308e-28)
4.71943888e+00 (2.97949318e-06,-1.71845410e-05) (9.63818270e-06,1.67085201e-06) (2.27974096e-26,3.65914074e-26)
4.73947896e+00 (2.91142220e-06,-1.67924327e-05) (8.92015249e-06,1.54636031e-06) (-1.27916068e-25,-6.60348914e-28)
4.75951904e+00 (2.84856263e-06,-1.64303200e-05) (8.21806114e-06,1.42463554e-06) (2.38651081e-26,5.34718655e-26)
4.77955912e+00 (2.79080162e-06,-1.60975577e-05) (7.53065448e-06,1.30545982e-06) (-1.23415150e-25,-2.67132140e-27)
4.79959920e+00 (2.73803547e-06,-1.57935530e-05) (6.85670455e-06,1.18861985e-06) (2.59687224e-26,7.21196346e-26)
4.81963928e+00 (2.69016946e-06,-1.55177642e-05) (6.19500732e-06,1.07390652e-06) (-1.12183147e-25,-9.90810961e-27)
4.83967936e+00 (2.64711763e-06,-1.52696999e-05) (5.54438061e-06,9.61114540e-07) (1.53989038e-26,8.75683988e-26)
4.85971944e+00 (2.60880269e-06,-1.50489184e-05) (4.90366195e-06,8.50042065e-07) (-8.87665535e-26,-6.52892395e-27)
4.87975952e+00 (2.57515582e-06,-1.48550263e-05) (4.27170655e-06,7.40490345e-07) (-2.41522175e-27,9.20838926e-26)
4.89979960e+00 (2.54611659e-06,-1.46876783e-05) (3.64738518e-06,6.32263357e-07) (-6.63645273e-26,6.06716057e-27)
4.91983968e+00 (2.52163282e-06,-1.45465765e-05) (3.02958225e-06,5.25167459e-07) (-1.52187981e-26,7.91624500e-26)
4.93987976e+00 (2.50166049e-06,-1.44314699e-05) (2.41719374e-06,4.19011042e-07) (-4.97412911e-26,2.62104617e-26)
4.95991984e+00 (2.48616368e-06,-1.43421536e-05) (1.80912528e-06,3.13604186e-07) (-2.27793571e-26,6.79595901e-26)
4.97995992e+00 (2.47511448e-06,-1.42784690e-05) (1.20429017e-06,2.08758321e-07) (-3.92644682e-26,4.29669571e-26)
5.00000000e+00 (2.46628311e-06,-1.42275663e-05) (6.01607456e-07,1.04285887e-07) (-3.10089998e-26,5.46061858e-26)
