0.8 	 500
Z	 ux	 uz 	 rho
-5.00000000e+00 (-2.07820754e-03,-2.71911739e-03) (-4.35930656e-05,3.33179574e-05) (1.89925476e-12,-2.75728544e-12)
-4.97995992e+00 (-2.07927525e-03,-2.72051425e-03) (-8.71973273e-05,6.66444728e-05) (1.82731192e-12,-1.58807300e-12)
-4.95991984e+00 (-2.08061002e-03,-2.72226053e-03) (-1.30823984e-04,9.99881056e-05) (1.68661043e-12,-3.50726055e-12)
-4.93987976e+00 (-2.08247912e-03,-2.72470588e-03) (-1.74484238e-04,1.33357419e-04) (1.31315223e-12,2.38421603e-13)
-4.91983968e+00 (-2.08488299e-03,-2.72785089e-03) (-2.18189303e-04,1.66760983e-04) (1.71140092e-12,-3.85801515e-12)
-4.89979960e+00 (-2.08782221e-03,-2.73169630e-03) (-2.61950399e-04,2.00207375e-04) (1.23697220e-13,1.96364457e-12)
-4.87975952e+00 (-2.09129749e-03,-2.73624306e-03) (-3.05778763e-04,2.33705182e-04) (2.26549745e-12,-3.81787644e-12)
-4.85971944e+00 (-2.09530969e-03,-2.74149227e-03) (-3.49685647e-04,2.67263006e-04) (-1.61516501e-12,2.87428749e-12)
-4.83967936e+00 (-2.09985979e-03,-2.74744522e-03) (-3.93682323e-04,3.00889461e-04) (2.99903051e-12,-2.81752361e-12)
-4.81963928e+00 (-2.10494891e-03,-2.75410336e-03) (-4.37780083e-04,3.34593180e-04) (-3.00896610e-12,2.28149444e-12)
-4.79959920e+00 (-2.11057831e-03,-2.76146835e-03) (-4.81990246e-04,3.68382813e-04) (2.58163494e-12,-7.68824734e-13)
-4.77955912e+00 (-2.11674939e-03,-2.76954200e-03) (-5.26324159e-04,4.02267033e-04) (-2.53549922e-12,1.10573785e-12)
-4.75951904e+00 (-2.12346366e-03,-2.77832630e-03) (-5.70793196e-04,4.36254537e-04) (5.25343840e-13,6.38579220e-13)
-4.73947896e+00 (-2.13072280e-03,-2.78782343e-03) (-6.15408769e-04,4.70354044e-04) (-9.05684259e-13,2.04262296e-12)
-4.71943888e+00 (-2.13852859e-03,-2.79803573e-03) (-6.60182324e-04,5.04574306e-04) (-3.39728766e-13,-5.48779411e-13)
-4.69939880e+00 (-2.14688299e-03,-2.80896574e-03) (-7.05125346e-04,5.38924100e-04) (-1.53171454e-12,4.21164479e-12)
-4.67935872e+00 (-2.15578807e-03,-2.82061616e-03) (-7.50249362e-04,5.73412237e-04) (2.35469155e-12,-1.20894541e-12)
-4.65931864e+00 (-2.16524603e-03,-2.83298989e-03) (-7.95565944e-04,6.08047565e-04) (-3.86818902e-12,2.86001479e-12)
-4.63927856e+00 (-2.17525921e-03,-2.84608997e-03) (-8.41086713e-04,6.42838964e-04) (4.18663134e-12,1.42623713e-12)
-4.61923848e+00 (-2.18583012e-03,-2.85991967e-03) (-8.86823338e-04,6.77795355e-04) (-2.72643136e-12,-1.22734160e-12)
-4.59919840e+00 (-2.19696137e-03,-2.87448239e-03) (-9.32787544e-04,7.12925701e-04) (1.32324963e-12,2.31083832e-12)
-4.57915832e+00 (-2.20865572e-03,-2.88978176e-03) (-9.78991110e-04,7.48239006e-04) (-1.45610602e-13,-1.00163146e-12)
-4.55911824e+00 (-2.22091606e-03,-2.90582155e-03) (-1.02544588e-03,7.83744321e-04) (4.34620479e-13,-1.12744195e-12)
-4.53907816e+00 (-2.23374545e-03,-2.92260573e-03) (-1.07216375e-03,8.19450744e-04) (-3.38356851e-12,3.84562790e-13)
-4.51903808e+00 (-2.24714706e-03,-2.94013846e-03) (-1.11915668e-03,8.55367422e-04) (3.71281688e-12,2.44298303e-13)
-4.49899800e+00 (-2.26112421e-03,-2.95842406e-03) (-1.16643672e-03,8.91503555e-04) (-5.56186808e-12,-3.91432960e-12)
-4.47895792e+00 (-2.27568035e-03,-2.97746705e-03) (-1.21401597e-03,9.27868399e-04) (1.33886861e-12,6.11509790e-12)
-4.45891784e+00 (-2.29081909e-03,-2.99727212e-03) (-1.26190661e-03,9.64471262e-04) (4.67865804e-13,-5.84417376e-12)
-4.43887776e+00 (-2.30654416e-03,-3.01784417e-03) (-1.31012089e-03,1.00132152e-03) (-4.19170324e-12,4.52309949e-12)
-4.41883768e+00 (-2.32285945e-03,-3.03918825e-03) (-1.35867115e-03,1.03842859e-03) (4.64783379e-12,1.34116901e-13)
-4.39879760e+00 (-2.33976898e-03,-3.06130962e-03) (-1.40756981e-03,1.07580198e-03) (-1.10917265e-12,-1.56959160e-12)
-4.37875752e+00 (-2.35727692e-03,-3.08421371e-03) (-1.45682937e-03,1.11345124e-03) (3.95289701e-13,1.10659130e-12)
-4.35871743e+00 (-2.37538757e-03,-3.10790615e-03) (-1.50646243e-03,1.15138601e-03) (2.53764092e-12,4.11027157e-13)
-4.33867735e+00 (-2.39410540e-03,-3.13239275e-03) (-1.55648168e-03,1.18961597e-03) (1.25407942e-12,-3.66894493e-12)
-4.31863727e+00 (-2.41343499e-03,-3.15767951e-03) (-1.60689988e-03,1.22815091e-03) (-2.56700507e-12,9.36186588e-13)
-4.29859719e+00 (-2.43338109e-03,-3.18377261e-03) (-1.65772992e-03,1.26700066e-03) (4.38190444e-12,6.05278349e-13)
-4.27855711e+00 (-2.45394859e-03,-3.21067843e-03) (-1.70898477e-03,1.30617515e-03) (-7.55447583e-13,-5.01732390e-12)
-4.25851703e+00 (-2.47514251e-03,-3.23840354e-03) (-1.76067752e-03,1.34568439e-03) (-1.94679005e-12,2.05911171e-12)
-4.23847695e+00 (-2.49696804e-03,-3.26695467e-03) (-1.81282136e-03,1.38553844e-03) (3.86432407e-12,-8.07164358e-13)
-4.21843687e+00 (-2.51943050e-03,-3.29633879e-03) (-1.86542957e-03,1.42574749e-03) (2.54527303e-13,-3.98575200e-12)
-4.19839679e+00 (-2.54253535e-03,-3.32656301e-03) (-1.91851559e-03,1.46632178e-03) (-9.98949401e-13,-3.13986241e-12)
-4.17835671e+00 (-2.56628822e-03,-3.35763467e-03) (-1.97209292e-03,1.50727167e-03) (-3.72818480e-12,-2.95859021e-12)
-4.15831663e+00 (-2.59069486e-03,-3.38956129e-03) (-2.02617521e-03,1.54860758e-03) (-3.95482407e-12,1.07582024e-12)
-4.13827655e+00 (-2.61576121e-03,-3.42235056e-03) (-2.08077625e-03,1.59034004e-03) (-1.57639353e-12,7.85343193e-13)
-4.11823647e+00 (-2.64149330e-03,-3.45601040e-03) (-2.13590990e-03,1.63247968e-03) (-3.45108084e-12,1.57403853e-12)
-4.09819639e+00 (-2.66789736e-03,-3.49054888e-03) (-2.19159021e-03,1.67503722e-03) (-7.98699454e-13,5.00999228e-12)
-4.07815631e+00 (-2.69497974e-03,-3.52597431e-03) (-2.24783131e-03,1.71802348e-03) (3.03644877e-12,3.78511910e-12)
-4.05811623e+00 (-2.72274695e-03,-3.56229516e-03) (-2.30464750e-03,1.76144940e-03) (6.16720642e-12,-8.73455571e-14)
-4.03807615e+00 (-2.75120564e-03,-3.59952009e-03) (-2.36205320e-03,1.80532599e-03) (1.11865026e-12,-7.49540688e-12)
-4.01803607e+00 (-2.78036262e-03,-3.63765798e-03) (-2.42006297e-03,1.84966441e-03) (-7.12169434e-12,-1.24583610e-13)
-3.99799599e+00 (-2.81022485e-03,-3.67671788e-03) (-2.47869153e-03,1.89447590e-03) (1.94442990e-12,4.45450126e-12)
-3.97795591e+00 (-2.84079943e-03,-3.71670904e-03) (-2.53795373e-03,1.93977182e-03) (4.81945310e-13,-4.37832620e-12)
-3.95791583e+00 (-2.87209362e-03,-3.75764092e-03) (-2.59786457e-03,1.98556365e-03) (-6.36022260e-12,1.88559347e-12)
-3.93787575e+00 (-2.90411481e-03,-3.79952313e-03) (-2.65843921e-03,2.03186300e-03) (1.32236720e-12,5.98016599e-12)
-3.91783567e+00 (-2.93687057e-03,-3.84236552e-03) (-2.71969296e-03,2.07868156e-03) (2.50565369e-12,-2.52186491e-13)
-3.89779559e+00 (-2.97036859e-03,-3.88617811e-03) (-2.78164131e-03,2.12603119e-03) (-1.31374129e-12,1.32637727e-12)
-3.87775551e+00 (-3.00461672e-03,-3.93097110e-03) (-2.84429988e-03,2.17392384e-03) (1.79044418e-12,2.76540316e-12)
-3.85771543e+00 (-3.03962297e-03,-3.97675490e-03) (-2.90768447e-03,2.22237161e-03) (6.98734219e-13,6.18398414e-13)
-3.83767535e+00 (-3.07539548e-03,-4.02354010e-03) (-2.97181106e-03,2.27138670e-03) (1.36682937e-12,4.33412541e-12)
-3.81763527e+00 (-3.11194254e-03,-4.07133749e-03) (-3.03669577e-03,2.32098148e-03) (6.45820961e-12,1.52851070e-12)
-3.79759519e+00 (-3.14927259e-03,-4.12015803e-03) (-3.10235494e-03,2.37116843e-03) (3.77442765e-12,-2.07620364e-12)
-3.77755511e+00 (-3.18739422e-03,-4.17001287e-03) (-3.16880505e-03,2.42196016e-03) (4.52941571e-12,-8.33645954e-13)
-3.75751503e+00 (-3.22631617e-03,-4.22091336e-03) (-3.23606277e-03,2.47336944e-03) (5.09738678e-12,-6.50337257e-12)
-3.73747495e+00 (-3.26604729e-03,-4.27287101e-03) (-3.30414496e-03,2.52540918e-03) (-2.92960613e-12,-8.24400951e-12)
-3.71743487e+00 (-3.30659661e-03,-4.32589753e-03) (-3.37306865e-03,2.57809240e-03) (-7.10068600e-12,-1.51672306e-12)
-3.69739479e+00 (-3.34797328e-03,-4.38000480e-03) (-3.44285109e-03,2.63143232e-03) (-3.56153908e-12,4.85143457e-12)
-3.67735471e+00 (-3.39018661e-03,-4.43520487e-03) (-3.51350969e-03,2.68544225e-03) (3.73561130e-12,3.90489469e-12)
-3.65731463e+00 (-3.43324601e-03,-4.49150997e-03) (-3.58506207e-03,2.74013569e-03) (3.87316248e-12,-3.12613747e-12)
-3.63727455e+00 (-3.47716105e-03,-4.54893250e-03) (-3.65752604e-03,2.79552629e-03) (-2.26100648e-12,-3.10380289e-12)
-3.61723447e+00 (-3.52194144e-03,-4.60748502e-03) (-3.73091962e-03,2.85162783e-03) (-1.10852541e-12,1.81326608e-12)
-3.59719439e+00 (-3.56759700e-03,-4.66718027e-03) (-3.80526103e-03,2.90845427e-03) (2.45406227e-12,-9.45618600e-13)
-3.57715431e+00 (-3.61413768e-03,-4.72803113e-03) (-3.88056869e-03,2.96601972e-03) (-1.24845864e-12,-3.37170237e-12)
-3.55711423e+00 (-3.66157358e-03,-4.79005064e-03) (-3.95686123e-03,3.02433845e-03) (-2.90250722e-12,-3.48514616e-13)
-3.53707415e+00 (-3.70991488e-03,-4.85325199e-03) (-4.03415749e-03,3.08342488e-03) (-1.99416533e-12,6.49199980e-13)
-3.51703407e+00 (-3.75917190e-03,-4.91764852e-03) (-4.11247652e-03,3.14329363e-03) (-1.49174486e-12,2.20063631e-12)
-3.49699399e+00 (-3.80935508e-03,-4.98325369e-03) (-4.19183760e-03,3.20395945e-03) (1.80188903e-12,1.36658461e-12)
-3.47695391e+00 (-3.86047496e-03,-5.05008112e-03) (-4.27226021e-03,3.26543728e-03) (-4.60199312e-13,-2.58988339e-12)
-3.45691383e+00 (-3.91254218e-03,-5.11814453e-03) (-4.35376405e-03,3.32774222e-03) (-4.35015105e-12,1.16862166e-12)
-3.43687375e+00 (-3.96556747e-03,-5.18745778e-03) (-4.43636905e-03,3.39088954e-03) (-5.39681288e-13,4.77721732e-12)
-3.41683367e+00 (-4.01956168e-03,-5.25803481e-03) (-4.52009536e-03,3.45489468e-03) (2.54891454e-12,2.76569382e-12)
-3.39679359e+00 (-4.07453573e-03,-5.32988970e-03) (-4.60496335e-03,3.51977328e-03) (3.03876828e-12,9.35351688e-13)
-3.37675351e+00 (-4.13050061e-03,-5.40303658e-03) (-4.69099363e-03,3.58554112e-03) (3.26679211e-12,-1.18775172e-12)
-3.35671343e+00 (-4.18746742e-03,-5.47748971e-03) (-4.77820701e-03,3.65221418e-03) (1.02489024e-12,-3.39244298e-12)
-3.33667335e+00 (-4.24544729e-03,-5.55326338e-03) (-4.86662456e-03,3.71980861e-03) (-2.02857127e-12,-1.99335111e-12)
-3.31663327e+00 (-4.30445142e-03,-5.63037197e-03) (-4.95626756e-03,3.78834074e-03) (-1.49046825e-12,6.54295059e-13)
-3.29659319e+00 (-4.36449107e-03,-5.70882989e-03) (-5.04715753e-03,3.85782709e-03) (2.83827379e-13,4.54201121e-13)
-3.27655311e+00 (-4.42557752e-03,-5.78865159e-03) (-5.13931622e-03,3.92828435e-03) (-5.45972990e-14,-7.62312081e-13)
-3.25651303e+00 (-4.48772210e-03,-5.86985154e-03) (-5.23276560e-03,3.99972938e-03) (-1.11778908e-12,-2.03104339e-13)
-3.23647295e+00 (-4.55093616e-03,-5.95244422e-03) (-5.32752789e-03,4.07217924e-03) (-6.00897158e-13,6.40977996e-13)
-3.21643287e+00 (-4.61523103e-03,-6.03644411e-03) (-5.42362553e-03,4.14565118e-03) (-4.12912522e-13,3.95556220e-13)
-3.19639279e+00 (-4.68061806e-03,-6.12186564e-03) (-5.52108121e-03,4.22016260e-03) (-4.93729822e-13,1.10710239e-12)
-3.17635271e+00 (-4.74710859e-03,-6.20872320e-03) (-5.61991782e-03,4.29573112e-03) (8.07999766e-13,1.36501630e-12)
-3.15631263e+00 (-4.81471391e-03,-6.29703113e-03) (-5.72015850e-03,4.37237450e-03) (1.48231075e-12,1.28356352e-13)
-3.13627255e+00 (-4.88344526e-03,-6.38680367e-03) (-5.82182663e-03,4.45011072e-03) (8.12271275e-13,-8.53255894e-13)
-3.11623246e+00 (-4.95331384e-03,-6.47805496e-03) (-5.92494580e-03,4.52895792e-03) (-6.21446544e-14,-7.92939527e-13)
-3.09619238e+00 (-5.02433075e-03,-6.57079899e-03) (-6.02953982e-03,4.60893441e-03) (-2.62968649e-13,-4.15091387e-13)
-3.07615230e+00 (-5.09650700e-03,-6.66504961e-03) (-6.13563274e-03,4.69005870e-03) (-3.94304448e-13,-4.09055279e-13)
-3.05611222e+00 (-5.16985348e-03,-6.76082047e-03) (-6.24324882e-03,4.77234946e-03) (-9.02057540e-13,-1.31216731e-13)
-3.03607214e+00 (-5.24438094e-03,-6.85812503e-03) (-6.35241255e-03,4.85582555e-03) (-9.10267672e-13,9.53778670e-13)
-3.01603206e+00 (-5.32009999e-03,-6.95697647e-03) (-6.46314862e-03,4.94050597e-03) (5.32574483e-13,1.51383408e-12)
-2.99599198e+00 (-5.39702101e-03,-7.05738773e-03) (-6.57548194e-03,5.02640992e-03) (1.67736502e-12,1.11185657e-13)
-2.97595190e+00 (-5.47515423e-03,-7.15937140e-03) (-6.68943761e-03,5.11355674e-03) (6.54684260e-13,-1.42349371e-12)
-2.95591182e+00 (-5.55450959e-03,-7.26293975e-03) (-6.80504094e-03,5.20196596e-03) (-9.24023657e-13,-9.27631199e-13)
-2.93587174e+00 (-5.63509681e-03,-7.36810464e-03) (-6.92231744e-03,5.29165725e-03) (-9.71421756e-13,3.82671911e-13)
-2.91583166e+00 (-5.71692528e-03,-7.47487752e-03) (-7.04129279e-03,5.38265043e-03) (-6.05428949e-14,9.05855681e-13)
-2.89579158e+00 (-5.80000409e-03,-7.58326935e-03) (-7.16199287e-03,5.47496548e-03) (7.29174411e-13,3.53124886e-13)
-2.87575150e+00 (-5.88434196e-03,-7.69329057e-03) (-7.28444371e-03,5.56862250e-03) (4.45719257e-13,-3.90283271e-13)
-2.85571142e+00 (-5.96994721e-03,-7.80495105e-03) (-7.40867153e-03,5.66364177e-03) (-2.38612832e-14,-3.18345569e-13)
-2.83567134e+00 (-6.05682773e-03,-7.91826004e-03) (-7.53470266e-03,5.76004366e-03) (-9.15651525e-14,-1.36089301e-13)
-2.81563126e+00 (-6.14499094e-03,-8.03322610e-03) (-7.66256363e-03,5.85784867e-03) (-6.48621582e-14,-5.20089404e-14)
-2.79559118e+00 (-6.23444374e-03,-8.14985706e-03) (-7.79228106e-03,5.95707744e-03) (-5.61396144e-14,-3.47702759e-14)
-2.77555110e+00 (-6.32519246e-03,-8.26815994e-03) (-7.92388169e-03,6.05775068e-03) (-6.21613182e-15,1.09490373e-14)
-2.75551102e+00 (-6.41724282e-03,-8.38814090e-03) (-8.05739240e-03,6.15988922e-03) (3.52453094e-14,-9.21096761e-14)
-2.73547094e+00 (-6.51059990e-03,-8.50980515e-03) (-8.19284012e-03,6.26351397e-03) (-9.25143358e-14,-1.56585456e-13)
-2.71543086e+00 (-6.60526802e-03,-8.63315688e-03) (-8.33025188e-03,6.36864593e-03) (-2.75926267e-13,-4.75708086e-14)
-2.69539078e+00 (-6.70125076e-03,-8.75819921e-03) (-8.46965477e-03,6.47530613e-03) (-1.94332500e-13,2.83724549e-13)
-2.67535070e+00 (-6.79855086e-03,-8.88493406e-03) (-8.61107590e-03,6.58351569e-03) (1.85713373e-13,2.35229527e-13)
-2.65531062e+00 (-6.89717015e-03,-9.01336209e-03) (-8.75454243e-03,6.69329574e-03) (1.90840628e-13,-7.31926348e-14)
-2.63527054e+00 (-6.99710950e-03,-9.14348261e-03) (-8.90008150e-03,6.80466744e-03) (-3.03926134e-14,-1.14628289e-13)
-2.61523046e+00 (-7.09836874e-03,-9.27529347e-03) (-9.04772023e-03,6.91765196e-03) (-5.91642522e-14,6.46489612e-14)
-2.59519038e+00 (-7.20094660e-03,-9.40879095e-03) (-9.19748570e-03,7.03227045e-03) (5.95492334e-14,9.44180084e-14)
-2.57515030e+00 (-7.30484058e-03,-9.54396966e-03) (-9.34940491e-03,7.14854403e-03) (2.01438029e-13,1.03267502e-13)
-2.55511022e+00 (-7.41004695e-03,-9.68082243e-03) (-9.50350477e-03,7.26649379e-03) (3.29907630e-13,-2.65852416e-13)
-2.53507014e+00 (-7.51656056e-03,-9.81934018e-03) (-9.65981204e-03,7.38614073e-03) (-2.62831571e-13,-4.13312881e-13)
-2.51503006e+00 (-7.62437484e-03,-9.95951179e-03) (-9.81835335e-03,7.50750575e-03) (-3.34906365e-13,2.51370395e-13)
-2.49498998e+00 (-7.73348163e-03,-1.01013240e-02) (-9.97915511e-03,7.63060966e-03) (2.04320988e-13,2.31311838e-13)
-2.47494990e+00 (-7.84387111e-03,-1.02447611e-02) (-1.01422435e-02,7.75547310e-03) (1.56288595e-13,-8.35566185e-14)
-2.45490982e+00 (-7.95553170e-03,-1.03898051e-02) (-1.03076444e-02,7.88211655e-03) (2.23161372e-14,-1.00863235e-13)
-2.43486974e+00 (-8.06844989e-03,-1.05364352e-02) (-1.04753835e-02,8.01056029e-03) (-7.76525126e-14,-4.56029466e-14)
-2.41482966e+00 (-8.18261020e-03,-1.06846279e-02) (-1.06454861e-02,8.14082436e-03) (-4.99969107e-14,3.83060375e-14)
-2.39478958e+00 (-8.29799495e-03,-1.08343569e-02) (-1.08179768e-02,8.27292855e-03) (-8.25521955e-14,6.40341367e-14)
-2.37474950e+00 (-8.41458422e-03,-1.09855923e-02) (-1.09928803e-02,8.40689234e-03) (1.90059768e-14,1.96526518e-13)
-2.35470942e+00 (-8.53235564e-03,-1.11383013e-02) (-1.11702203e-02,8.54273486e-03) (1.63628388e-13,9.15024462e-14)
-2.33466934e+00 (-8.65128426e-03,-1.12924472e-02) (-1.13500202e-02,8.68047488e-03) (1.74587984e-13,-1.28498129e-14)
-2.31462926e+00 (-8.77134242e-03,-1.14479897e-02) (-1.15323027e-02,8.82013075e-03) (1.17773403e-13,-1.45877178e-13)
-2.29458918e+00 (-8.89249952e-03,-1.16048846e-02) (-1.17170900e-02,8.96172033e-03) (-2.17070687e-15,-1.49963159e-13)
-2.27454910e+00 (-9.01472190e-03,-1.17630832e-02) (-1.19044032e-02,9.10526099e-03) (-9.12369237e-14,-1.44760453e-13)
-2.25450902e+00 (-9.13797265e-03,-1.19225324e-02) (-1.20942630e-02,9.25076953e-03) (-1.61272287e-13,1.20102326e-14)
-2.23446894e+00 (-9.26221136e-03,-1.20831746e-02) (-1.22866889e-02,9.39826212e-03) (-3.17081767e-14,9.71151605e-14)
-2.21442886e+00 (-9.38739401e-03,-1.22449468e-02) (-1.24816995e-02,9.54775426e-03) (1.06159012e-13,1.00702649e-13)
-2.19438878e+00 (-9.51347267e-03,-1.24077809e-02) (-1.26793124e-02,9.69926072e-03) (2.34399245e-13,-1.34448454e-13)
-2.17434870e+00 (-9.64039531e-03,-1.25716031e-02) (-1.28795441e-02,9.85279547e-03) (-3.11591388e-16,-2.79657451e-13)
-2.15430862e+00 (-9.76810560e-03,-1.27363338e-02) (-1.30824099e-02,1.00083716e-02) (-1.13577498e-13,-2.31737227e-13)
-2.13426854e+00 (-9.89654260e-03,-1.29018870e-02) (-1.32879236e-02,1.01660013e-02) (-3.00198308e-13,-1.26867777e-13)
-2.11422846e+00 (-1.00256405e-02,-1.30681702e-02) (-1.34960977e-02,1.03256956e-02) (-2.80348698e-13,1.15564893e-13)
-2.09418838e+00 (-1.01553286e-02,-1.32350839e-02) (-1.37069431e-02,1.04874647e-02) (-1.70589643e-13,3.29723755e-13)
-2.07414830e+00 (-1.02855304e-02,-1.34025213e-02) (-1.39204691e-02,1.06513174e-02) (2.14151372e-13,3.37028365e-13)
-2.05410822e+00 (-1.04161641e-02,-1.35703678e-02) (-1.41366832e-02,1.08172613e-02) (2.61686631e-13,9.13493153e-14)
-2.03406814e+00 (-1.05471417e-02,-1.37385007e-02) (-1.43555911e-02,1.09853026e-02) (3.24228039e-13,-5.89610608e-14)
-2.01402806e+00 (-1.06783690e-02,-1.39067888e-02) (-1.45771963e-02,1.11554462e-02) (7.05642977e-14,-2.34321500e-13)
-1.99398798e+00 (-1.08097452e-02,-1.40750918e-02) (-1.48015002e-02,1.13276952e-02) (2.06147704e-14,-1.53654930e-13)
-1.97394790e+00 (-1.09411622e-02,-1.42432600e-02) (-1.50285018e-02,1.15020512e-02) (-2.69313865e-13,-1.55625730e-13)
-1.95390782e+00 (-1.10725048e-02,-1.44111337e-02) (-1.52581979e-02,1.16785140e-02) (-1.42464608e-13,2.30272262e-13)
-1.93386774e+00 (-1.12036501e-02,-1.45785429e-02) (-1.54905823e-02,1.18570814e-02) (-6.03370220e-14,1.06866219e-13)
-1.91382766e+00 (-1.13344669e-02,-1.47453065e-02) (-1.57256461e-02,1.20377493e-02) (1.12474959e-13,2.90029090e-13)
-1.89378758e+00 (-1.14648154e-02,-1.49112320e-02) (-1.59633777e-02,1.22205112e-02) (2.10059677e-13,-6.57104353e-14)
-1.87374749e+00 (-1.15945470e-02,-1.50761148e-02) (-1.62037618e-02,1.24053586e-02) (1.48116752e-13,3.51744247e-14)
-1.85370741e+00 (-1.17235036e-02,-1.52397377e-02) (-1.64467801e-02,1.25922803e-02) (2.07973349e-13,-3.23790140e-13)
-1.83366733e+00 (-1.18515171e-02,-1.54018705e-02) (-1.66924107e-02,1.27812625e-02) (-1.06860227e-13,-2.26028228e-13)
-1.81362725e+00 (-1.19784092e-02,-1.55622689e-02) (-1.69406277e-02,1.29722888e-02) (-1.72280914e-13,-3.77690888e-13)
-1.79358717e+00 (-1.21039905e-02,-1.57206742e-02) (-1.71914013e-02,1.31653398e-02) (-6.03647523e-13,1.35405137e-13)
-1.77354709e+00 (-1.22280605e-02,-1.58768130e-02) (-1.74446974e-02,1.33603927e-02) (1.41456690e-14,3.61535434e-13)
-1.75350701e+00 (-1.23504065e-02,-1.60303956e-02) (-1.77004774e-02,1.35574219e-02) (-2.57924935e-14,2.38895177e-13)
-1.73346693e+00 (-1.24708034e-02,-1.61811164e-02) (-1.79586981e-02,1.37563978e-02) (3.98616343e-13,1.76740632e-13)
-1.71342685e+00 (-1.25890131e-02,-1.63286524e-02) (-1.82193108e-02,1.39572873e-02) (1.57710126e-13,-3.10928402e-13)
-1.69338677e+00 (-1.27047839e-02,-1.64726628e-02) (-1.84822621e-02,1.41600535e-02) (-5.84259790e-15,-3.01125160e-13)
-1.67334669e+00 (-1.28178497e-02,-1.66127884e-02) (-1.87474924e-02,1.43646551e-02) (-5.12428143e-13,-4.66422228e-13)
-1.65330661e+00 (-1.29279296e-02,-1.67486506e-02) (-1.90149366e-02,1.45710467e-02) (-8.17871030e-13,3.38603259e-13)
-1.63326653e+00 (-1.30347272e-02,-1.68798508e-02) (-1.92845233e-02,1.47791779e-02) (-2.02179979e-13,6.51205956e-13)
-1.61322645e+00 (-1.31379296e-02,-1.70059698e-02) (-1.95561743e-02,1.49889938e-02) (8.66267603e-14,4.80544951e-13)
-1.59318637e+00 (-1.32372075e-02,-1.71265665e-02) (-1.98298049e-02,1.52004342e-02) (6.23413292e-14,2.49907006e-13)
-1.57314629e+00 (-1.33322135e-02,-1.72411779e-02) (-2.01053228e-02,1.54134333e-02) (-1.23319884e-13,6.31249763e-13)
-1.55310621e+00 (-1.34225821e-02,-1.73493175e-02) (-2.03826282e-02,1.56279200e-02) (6.48640520e-13,1.03353795e-12)
-1.53306613e+00 (-1.35079286e-02,-1.74504752e-02) (-2.06616135e-02,1.58438167e-02) (1.67994163e-12,4.60098829e-13)
-1.51302605e+00 (-1.35878485e-02,-1.75441162e-02) (-2.09421625e-02,1.60610399e-02) (2.16462571e-12,-1.21876367e-12)
-1.49298597e+00 (-1.36619164e-02,-1.76296803e-02) (-2.12241503e-02,1.62794993e-02) (6.27565875e-13,-3.30216033e-12)
-1.47294589e+00 (-1.37296857e-02,-1.77065811e-02) (-2.15074428e-02,1.64990974e-02) (-2.62128250e-12,-3.06087641e-12)
-1.45290581e+00 (-1.37906872e-02,-1.77742052e-02) (-2.17918964e-02,1.67197297e-02) (-4.07416294e-12,1.46851762e-13)
-1.43286573e+00 (-1.38444282e-02,-1.78319117e-02) (-2.20773572e-02,1.69412837e-02) (-1.73942523e-12,2.56855211e-12)
-1.41282565e+00 (-1.38903924e-02,-1.78790312e-02) (-2.23636611e-02,1.71636392e-02) (8.18436704e-13,1.09629832e-12)
-1.39278557e+00 (-1.39280377e-02,-1.79148652e-02) (-2.26506328e-02,1.73866671e-02) (2.53605251e-13,-1.18802226e-12)
-1.37274549e+00 (-1.39567963e-02,-1.79386856e-02) (-2.29380856e-02,1.76102296e-02) (-6.03174568e-13,-1.56497601e-12)
-1.35270541e+00 (-1.39760730e-02,-1.79497339e-02) (-2.32258211e-02,1.78341796e-02) (2.17394901e-13,-3.45923144e-12)
-1.33266533e+00 (-1.39852443e-02,-1.79472205e-02) (-2.35136282e-02,1.80583602e-02) (-1.88278378e-12,-8.71684495e-12)
-1.31262525e+00 (-1.39836574e-02,-1.79303243e-02) (-2.38012831e-02,1.82826042e-02) (-9.19932184e-12,-1.14318322e-11)
-1.29258517e+00 (-1.39706286e-02,-1.78981924e-02) (-2.40885484e-02,1.85067340e-02) (-1.36545957e-11,-8.66275222e-12)
-1.27254509e+00 (-1.39454424e-02,-1.78499393e-02) (-2.43751730e-02,1.87305603e-02) (-1.06224406e-11,-1.16750574e-11)
-1.25250501e+00 (-1.39073496e-02,-1.77846466e-02) (-2.46608912e-02,1.89538824e-02) (-1.28911963e-11,-2.84425711e-11)
-1.23246493e+00 (-1.38555664e-02,-1.77013627e-02) (-2.49454222e-02,1.91764873e-02) (-3.00109395e-11,-4.79144198e-11)
-1.21242485e+00 (-1.37892719e-02,-1.75991027e-02) (-2.52284699e-02,1.93981491e-02) (-5.08813865e-11,-6.37184291e-11)
-1.19238477e+00 (-1.37076070e-02,-1.74768480e-02) (-2.55097221e-02,1.96186283e-02) (-7.00821815e-11,-9.21059225e-11)
-1.17234469e+00 (-1.36096719e-02,-1.73335466e-02) (-2.57888498e-02,1.98376715e-02) (-1.02189054e-10,-1.45794192e-10)
-1.15230461e+00 (-1.34945237e-02,-1.71681126e-02) (-2.60655071e-02,2.00550106e-02) (-1.58691311e-10,-2.27145459e-10)
-1.13226453e+00 (-1.33611741e-02,-1.69794267e-02) (-2.63393304e-02,2.02703617e-02) (-2.47027929e-10,-3.47464875e-10)
-1.11222445e+00 (-1.32085861e-02,-1.67663363e-02) (-2.66099377e-02,2.04834250e-02) (-3.81805909e-10,-5.26670301e-10)
-1.09218437e+00 (-1.30356707e-02,-1.65276560e-02) (-2.68769283e-02,2.06938835e-02) (-5.81458814e-10,-7.97814053e-10)
-1.07214429e+00 (-1.28412827e-02,-1.62621680e-02) (-2.71398825e-02,2.09014024e-02) (-8.81239273e-10,-1.21977085e-09)
-1.05210421e+00 (-1.26242160e-02,-1.59686227e-02) (-2.73983606e-02,2.11056280e-02) (-1.34781044e-09,-1.87548454e-09)
-1.03206413e+00 (-1.23831984e-02,-1.56457399e-02) (-2.76519025e-02,2.13061869e-02) (-2.07775125e-09,-2.87310649e-09)
-1.01202405e+00 (-1.21168849e-02,-1.52922097e-02) (-2.79000276e-02,2.15026845e-02) (-3.19353898e-09,-4.38465652e-09)
-9.91983968e-01 (-1.18238495e-02,-1.49066939e-02) (-2.81422339e-02,2.16947042e-02) (-4.89201284e-09,-6.70437404e-09)
-9.71943888e-01 (-1.15025771e-02,-1.44878276e-02) (-2.83779977e-02,2.18818059e-02) (-7.50783767e-09,-1.02766690e-08)
-9.51903808e-01 (-1.11514512e-02,-1.40342218e-02) (-2.86067734e-02,2.20635243e-02) (-1.15528743e-08,-1.57535216e-08)
-9.31863727e-01 (-1.07687418e-02,-1.35444657e-02) (-2.88279928e-02,2.22393675e-02) (-1.77873235e-08,-2.41423122e-08)
-9.11823647e-01 (-1.03525885e-02,-1.30171303e-02) (-2.90410649e-02,2.24088146e-02) (-2.73988596e-08,-3.70251715e-08)
-8.91783567e-01 (-9.90098182e-03,-1.24507729e-02) (-2.92453758e-02,2.25713142e-02) (-4.22566451e-08,-5.68250741e-08)
-8.71743487e-01 (-9.41173920e-03,-1.18439418e-02) (-2.94402881e-02,2.27262810e-02) (-6.52572608e-08,-8.72655944e-08)
-8.51703407e-01 (-8.88247574e-03,-1.11951841e-02) (-2.96251414e-02,2.28730934e-02) (-1.00914515e-07,-1.34095196e-07)
-8.31663327e-01 (-8.31056737e-03,-1.05030537e-02) (-2.97992519e-02,2.30110898e-02) (-1.56289274e-07,-2.06197406e-07)
-8.11623246e-01 (-7.69310381e-03,-9.76612381e-03) (-2.99619127e-02,2.31395645e-02) (-2.42461862e-07,-3.17296181e-07)
-7.91583166e-01 (-7.02682748e-03,-8.98300510e-03) (-3.01123942e-02,2.32577625e-02) (-3.76858131e-07,-4.88611301e-07)
-7.71543086e-01 (-6.30805380e-03,-8.15237421e-03) (-3.02499449e-02,2.33648736e-02) (-5.86984046e-07,-7.52990759e-07)
-7.51503006e-01 (-5.53256789e-03,-7.27302151e-03) (-3.03737929e-02,2.34600247e-02) (-9.16432809e-07,-1.16131139e-06)
-7.31462926e-01 (-4.69549372e-03,-6.34393137e-03) (-3.04831480e-02,2.35422706e-02) (-1.43460605e-06,-1.79240339e-06)
-7.11422846e-01 (-3.79113624e-03,-5.36441513e-03) (-3.05772056e-02,2.36105816e-02) (-2.25252093e-06,-2.76844251e-06)
-6.91382766e-01 (-2.81280512e-03,-4.33432282e-03) (-3.06551533e-02,2.36638300e-02) (-3.54880875e-06,-4.27872567e-06)
-6.71342685e-01 (-1.75264307e-03,-3.25436408e-03) (-3.07161819e-02,2.37007718e-02) (-5.61270032e-06,-6.61624486e-06)
-6.51302605e-01 (-6.01500987e-04,-2.12656602e-03) (-3.07595017e-02,2.37200270e-02) (-8.91596524e-06,-1.02334361e-05)
-6.31262525e-01 (6.51074822e-04,-9.54883564e-04) (-3.07843683e-02,2.37200584e-02) (-1.42344058e-05,-1.58257704e-05)
-6.11222445e-01 (2.01665769e-03,2.54049050e-04) (-3.07901192e-02,2.36991509e-02) (-2.28552529e-05,-2.44530478e-05)
-5.91182365e-01 (3.50746148e-03,1.49007908e-03) (-3.07762225e-02,2.36553960e-02) (-3.69329537e-05,-3.77041262e-05)
-5.71142285e-01 (5.13548049e-03,2.73871491e-03) (-3.07423411e-02,2.35866872e-02) (-6.00957332e-05,-5.78912200e-05)
-5.51102204e-01 (6.91119999e-03,3.98048659e-03) (-3.06884080e-02,2.34907313e-02) (-9.84531176e-05,-8.82067301e-05)
-5.31062124e-01 (8.84189941e-03,5.19068991e-03) (-3.06147103e-02,2.33650856e-02) (-1.62183590e-04,-1.32669758e-04)
-5.11022044e-01 (1.09296676e-02,6.33972515e-03) (-3.05219730e-02,2.32072235e-02) (-2.67834183e-04,-1.95536045e-04)
-4.90981964e-01 (1.31693571e-02,7.39419976e-03) (-3.04114325e-02,2.30146353e-02) (-4.41274109e-04,-2.79718531e-04)
-4.70941884e-01 (1.55467965e-02,8.31886676e-03) (-3.02848845e-02,2.27849596e-02) (-7.20919481e-04,-3.83832072e-04)
-4.50901804e-01 (1.80376235e-02,9.07932271e-03) (-3.01446953e-02,2.25161408e-02) (-1.16058093e-03,-4.97917039e-04)
-4.30861723e-01 (2.06070753e-02,9.64521594e-03) (-2.99937639e-02,2.22065989e-02) (-1.83148181e-03,-5.98695291e-04)
-4.10821643e-01 (2.32109563e-02,9.99355419e-03) (-2.98354298e-02,2.18553929e-02) (-2.82401870e-03,-6.45943119e-04)
-3.90781563e-01 (2.57978086e-02,1.01115963e-02) (-2.96733293e-02,2.14623598e-02) (-4.25158379e-03,-5.81503738e-04)
-3.70741483e-01 (2.83120666e-02,9.99880625e-03) (-2.95112103e-02,2.10282087e-02) (-6.26044989e-03,-3.31160411e-04)
-3.50701403e-01 (3.06977369e-02,9.66746405e-03) (-2.93527263e-02,2.05545581e-02) (-9.05033687e-03,1.92472917e-04)
-3.30661323e-01 (3.29019783e-02,9.14175626e-03) (-2.92012315e-02,2.00439125e-02) (-1.29096096e-02,1.08938542e-03)
-3.10621242e-01 (3.48779246e-02,8.45546767e-03) (-2.90596038e-02,1.94995848e-02) (-1.82681586e-02,2.47704281e-03)
-2.90581162e-01 (3.65862259e-02,7.64868103e-03) (-2.89301143e-02,1.89255823e-02) (-2.57715011e-02,4.50194981e-03)
-2.70541082e-01 (3.79950836e-02,6.76408038e-03) (-2.88143556e-02,1.83264794e-02) (-3.63821754e-02,7.35692416e-03)
-2.50501002e-01 (3.90789620e-02,5.84347518e-03) (-2.87132300e-02,1.77073030e-02) (-5.15178517e-02,1.13017542e-02)
-2.30460922e-01 (3.98166392e-02,4.92498007e-03) (-2.86269896e-02,1.70734465e-02) (-7.32365460e-02,1.66844638e-02)
-2.10420842e-01 (4.01897316e-02,4.04089633e-03) (-2.85553148e-02,1.64306172e-02) (-1.04472597e-01,2.39596494e-02)
-1.90380762e-01 (4.01832189e-02,3.21577630e-03) (-2.84974218e-02,1.57847978e-02) (-1.49303272e-01,3.36977238e-02)
-1.70340681e-01 (3.97896176e-02,2.46353161e-03) (-2.84522037e-02,1.51421773e-02) (-2.13168095e-01,4.65734020e-02)
-1.50300601e-01 (3.90179657e-02,1.78211443e-03) (-2.84184308e-02,1.45089784e-02) (-3.02845715e-01,6.33134429e-02)
-1.30260521e-01 (3.79072820e-02,1.14494678e-03) (-2.83950618e-02,1.38911003e-02) (-4.25796338e-01,8.45736764e-02)
-1.10220441e-01 (3.65415199e-02,4.90758680e-04) (-2.83817191e-02,1.32935145e-02) (-5.88245485e-01,1.10705599e-01)
-9.01803607e-02 (3.50599454e-02,-2.82063895e-04) (-2.83793260e-02,1.27194283e-02) (-7.91357801e-01,1.41367742e-01)
-7.01402806e-02 (3.36551675e-02,-1.30638722e-03) (-2.83907632e-02,1.21693479e-02) (-1.02559661e+00,1.74960694e-01)
-5.01002004e-02 (3.25529870e-02,-2.71384532e-03) (-2.84212142e-02,1.16403047e-02) (-1.26549171e+00,2.08000181e-01)
-3.00601202e-02 (3.19744574e-02,-4.58275533e-03) (-2.84777803e-02,1.11255647e-02) (-1.46984533e+00,2.34894186e-01)
-1.00200401e-02 (3.20885754e-02,-6.88990123e-03) (-2.85681562e-02,1.06150716e-02) (-1.59237012e+00,2.48955882e-01)
1.00200401e-02 (3.29694632e-02,-9.49943849e-03) (-2.86986990e-02,1.00966725e-02) (-1.60098942e+00,2.45056142e-01)
3.00601202e-02 (3.45721734e-02,-1.22048024e-02) (-2.88727475e-02,9.55793447e-03) (-1.49412233e+00,2.22656414e-01)
5.01002004e-02 (3.67366285e-02,-1.48026932e-02) (-2.90900353e-02,8.98814594e-03) (-1.30124857e+00,1.86711348e-01)
7.01402806e-02 (3.92206043e-02,-1.71553967e-02) (-2.93473829e-02,8.38000650e-03) (-1.06744683e+00,1.45348387e-01)
9.01803607e-02 (4.17517734e-02,-1.92110175e-02) (-2.96401082e-02,7.73057146e-03) (-8.34213986e-01,1.06145616e-01)
1.10220441e-01 (4.40808168e-02,-2.09844612e-02) (-2.99633674e-02,7.04127228e-03) (-6.28320679e-01,7.36950097e-02)
1.30260521e-01 (4.60184170e-02,-2.25230545e-02) (-3.03129566e-02,6.31715849e-03) (-4.60895847e-01,4.93762269e-02)
1.50300601e-01 (4.74483569e-02,-2.38781161e-02) (-3.06855495e-02,5.56573186e-03) (-3.32136371e-01,3.24553411e-02)
1.70340681e-01 (4.83200965e-02,-2.50899505e-02) (-3.10785876e-02,4.79576829e-03) (-2.36737931e-01,2.13258867e-02)
1.90380762e-01 (4.86304721e-02,-2.61833492e-02) (-3.14900369e-02,4.01639008e-03) (-1.67741286e-01,1.43194344e-02)
2.10420842e-01 (4.84041262e-02,-2.71680185e-02) (-3.19181339e-02,3.23647460e-03) (-1.18564739e-01,1.00610659e-02)
2.30460922e-01 (4.76785980e-02,-2.80402226e-02) (-3.23611558e-02,2.46435397e-03) (-8.37837224e-02,7.54310774e-03)
2.50501002e-01 (4.64959218e-02,-2.87844405e-02) (-3.28172192e-02,1.70770191e-03) (-5.92456941e-02,6.07577080e-03)
2.70541082e-01 (4.48998393e-02,-2.93752572e-02) (-3.32841038e-02,9.73502772e-04) (-4.19084353e-02,5.20609837e-03)
2.90581162e-01 (4.29365611e-02,-2.97800301e-02) (-3.37591112e-02,2.68027708e-04) (-2.96048455e-02,4.64465373e-03)
3.10621242e-01 (4.06569266e-02,-2.99625952e-02) (-3.42389745e-02,-4.03220631e-04) (-2.08211686e-02,4.21161674e-03)
3.30661323e-01 (3.81182508e-02,-2.98878451e-02) (-3.47198357e-02,-1.03560120e-03) (-1.45156221e-02,3.80183902e-03)
3.50701403e-01 (3.53847780e-02,-2.95266328e-02) (-3.51973022e-02,-1.62544911e-03) (-9.97840698e-03,3.36372646e-03)
3.70741483e-01 (3.25263013e-02,-2.88602420e-02) (-3.56665814e-02,-2.17018326e-03) (-6.72603468e-03,2.88549651e-03)
3.90781563e-01 (2.96150844e-02,-2.78836633e-02) (-3.61226807e-02,-2.66837661e-03) (-4.42311491e-03,2.38328258e-03)
4.10821643e-01 (2.67216574e-02,-2.66071032e-02) (-3.65606468e-02,-3.11976512e-03) (-2.82722557e-03,1.88834571e-03)
4.30861723e-01 (2.39103052e-02,-2.50555009e-02) (-3.69758142e-02,-3.52518326e-03) (-1.75376322e-03,1.43408612e-03)
4.50901804e-01 (2.12350852e-02,-2.32662119e-02) (-3.73640296e-02,-3.88642822e-03) (-1.05689693e-03,1.04569954e-03)
4.70941884e-01 (1.87370351e-02,-2.12853444e-02) (-3.77218250e-02,-4.20606775e-03) (-6.21238259e-04,7.35011070e-04)
4.90981964e-01 (1.64429352e-02,-1.91634325e-02) (-3.80465256e-02,-4.48721491e-03) (-3.58478888e-04,5.00847489e-04)
5.11022044e-01 (1.43656519e-02,-1.69511518e-02) (-3.83362838e-02,-4.73329614e-03) (-2.04721783e-04,3.33086432e-04)
5.31062124e-01 (1.25058073e-02,-1.46956691e-02) (-3.85900495e-02,-4.94783702e-03) (-1.16665440e-04,2.17688368e-04)
5.51102204e-01 (1.08543385e-02,-1.24380114e-02) (-3.88074876e-02,-5.13428395e-03) (-6.67999069e-05,1.40680340e-04)
5.71142285e-01 (9.39544360e-03,-1.02115948e-02) (-3.89888635e-02,-5.29587192e-03) (-3.86011445e-05,9.03424646e-05)
5.91182365e-01 (8.10945816e-03,-8.04184271e-03) (-3.91349135e-02,-5.43554066e-03) (-2.25565241e-05,5.78509876e-05)
6.11222445e-01 (6.97532107e-03,-5.94666854e-03) (-3.92467181e-02,-5.55589463e-03) (-1.33309038e-05,3.70185668e-05)
6.31262525e-01 (5.97244130e-03,-3.93752539e-03) (-3.93255882e-02,-5.65919825e-03) (-7.96198044e-06,2.36991034e-05)
6.51302605e-01 (5.08191883e-03,-2.02072247e-03) (-3.93729715e-02,-5.74739575e-03) (-4.80053357e-06,1.51880831e-05)
6.71342685e-01 (4.28718400e-03,-1.98762790e-04) (-3.93903809e-02,-5.82214554e-03) (-2.91884124e-06,9.74644827e-06)
6.91382766e-01 (3.57418381e-03,1.52846596e-03) (-3.93793446e-02,-5.88486057e-03) (-1.78806038e-06,6.26330527e-06)
7.11422846e-01 (2.93126363e-03,3.16273314e-03) (-3.93413720e-02,-5.93674863e-03) (-1.10269129e-06,4.03069067e-06)
7.31462926e-01 (2.34888046e-03,4.70675937e-03) (-3.92779343e-02,-5.97884898e-03) (-6.84095772e-07,2.59752538e-06)
7.51503006e-01 (1.81925303e-03,6.16373808e-03) (-3.91904539e-02,-6.01206344e-03) (-4.26674929e-07,1.67617735e-06)
7.71543086e-01 (1.33601776e-03,7.53703804e-03) (-3.90802994e-02,-6.03718174e-03) (-2.67393773e-07,1.08300390e-06)
7.91583166e-01 (8.93927900e-04,8.83003501e-03) (-3.89487853e-02,-6.05490168e-03) (-1.68292028e-07,7.00579920e-07)
8.11623246e-01 (4.88608945e-04,1.00460275e-02) (-3.87971721e-02,-6.06584476e-03) (-1.06326772e-07,4.53701556e-07)
8.31663327e-01 (1.16369061e-04,1.11882017e-02) (-3.86266682e-02,-6.07056850e-03) (-6.74092027e-08,2.94127610e-07)
8.51703407e-01 (-2.25943922e-04,1.22596227e-02) (-3.84384321e-02,-6.06957603e-03) (-4.28689900e-08,1.90863834e-07)
8.71743487e-01 (-5.41049436e-04,1.32632368e-02) (-3.82335741e-02,-6.06332381e-03) (-2.73389567e-08,1.23966663e-07)
8.91783567e-01 (-8.31314562e-04,1.42018784e-02) (-3.80131580e-02,-6.05222776e-03) (-1.74790339e-08,8.05846909e-08)
9.11823647e-01 (-1.09881547e-03,1.50782777e-02) (-3.77782032e-02,-6.03666843e-03) (-1.12006986e-08,5.24253541e-08)
9.31863727e-01 (-1.34538537e-03,1.58950670e-02) (-3.75296862e-02,-6.01699520e-03) (-7.19236988e-09,3.41309259e-08)
9.51903808e-01 (-1.57265268e-03,1.66547864e-02) (-3.72685418e-02,-5.99352982e-03) (-4.62716948e-09,2.22357139e-08)
9.71943888e-01 (-1.78207197e-03,1.73598890e-02) (-3.69956650e-02,-5.96656946e-03) (-2.98195761e-09,1.44954091e-08)
9.91983968e-01 (-1.97494932e-03,1.80127448e-02) (-3.67119121e-02,-5.93638924e-03) (-1.92470569e-09,9.45513874e-09)
1.01202405e+00 (-2.15246321e-03,1.86156446e-02) (-3.64181020e-02,-5.90324443e-03) (-1.24407084e-09,6.17087043e-09)
1.03206413e+00 (-2.31568198e-03,1.91708030e-02) (-3.61150177e-02,-5.86737238e-03) (-8.05176085e-10,4.02949269e-09)
1.05210421e+00 (-2.46557828e-03,1.96803611e-02) (-3.58034069e-02,-5.82899411e-03) (-5.21740311e-10,2.63248170e-09)
1.07214429e+00 (-2.60304126e-03,2.01463896e-02) (-3.54839840e-02,-5.78831576e-03) (-3.38448820e-10,1.72059260e-09)
1.09218437e+00 (-2.72888676e-03,2.05708902e-02) (-3.51574305e-02,-5.74552986e-03) (-2.19769854e-10,1.12506096e-09)
1.11222445e+00 (-2.84386593e-03,2.09557984e-02) (-3.48243964e-02,-5.70081639e-03) (-1.42838597e-10,7.35949675e-10)
1.13226453e+00 (-2.94867257e-03,2.13029845e-02) (-3.44855011e-02,-5.65434378e-03) (-9.29166686e-11,4.81596745e-10)
1.15230461e+00 (-3.04394934e-03,2.16142560e-02) (-3.41413347e-02,-5.60626977e-03) (-6.04899989e-11,3.15262584e-10)
1.17234469e+00 (-3.13029307e-03,2.18913585e-02) (-3.37924588e-02,-5.55674219e-03) (-3.94086145e-11,2.06445858e-10)
1.19238477e+00 (-3.20825939e-03,2.21359770e-02) (-3.34394074e-02,-5.50589965e-03) (-2.56916525e-11,1.35230921e-10)
1.21242485e+00 (-3.27836664e-03,2.23497379e-02) (-3.30826880e-02,-5.45387215e-03) (-1.67595715e-11,8.86080800e-11)
1.23246493e+00 (-3.34109929e-03,2.25342094e-02) (-3.27227826e-02,-5.40078168e-03) (-1.09392506e-11,5.80753653e-11)
1.25250501e+00 (-3.39691097e-03,2.26909034e-02) (-3.23601482e-02,-5.34674272e-03) (-7.14414056e-12,3.80737740e-11)
1.27254509e+00 (-3.44622706e-03,2.28212761e-02) (-3.19952185e-02,-5.29186269e-03) (-4.66798098e-12,2.49670533e-11)
1.29258517e+00 (-3.48944696e-03,2.29267296e-02) (-3.16284039e-02,-5.23624245e-03) (-3.05149376e-12,1.63760884e-11)
1.31262525e+00 (-3.52694619e-03,2.30086129e-02) (-3.12600929e-02,-5.17997662e-03) (-1.99563834e-12,1.07435428e-11)
1.33266533e+00 (-3.55907809e-03,2.30682232e-02) (-3.08906528e-02,-5.12315400e-03) (-1.30565668e-12,7.04979401e-12)
1.35270541e+00 (-3.58617551e-03,2.31068066e-02) (-3.05204305e-02,-5.06585788e-03) (-8.54602954e-13,4.62698946e-12)
1.37274549e+00 (-3.60855222e-03,2.31255601e-02) (-3.01497532e-02,-5.00816640e-03) (-5.59531398e-13,3.03730992e-12)
1.39278557e+00 (-3.62650417e-03,2.31256320e-02) (-2.97789295e-02,-4.95015280e-03) (-3.66422646e-13,1.99406330e-12)
1.41282565e+00 (-3.64031069e-03,2.31081237e-02) (-2.94082500e-02,-4.89188571e-03) (-2.40105617e-13,1.30949379e-12)
1.43286573e+00 (-3.65023555e-03,2.30740906e-02) (-2.90379877e-02,-4.83342941e-03) (-1.57351683e-13,8.60038012e-13)
1.45290581e+00 (-3.65652789e-03,2.30245435e-02) (-2.86683994e-02,-4.77484409e-03) (-1.03135068e-13,5.64907672e-13)
1.47294589e+00 (-3.65942313e-03,2.29604496e-02) (-2.82997258e-02,-4.71618603e-03) (-6.76406346e-14,3.71159843e-13)
1.49298597e+00 (-3.65914378e-03,2.28827341e-02) (-2.79321926e-02,-4.65750788e-03) (-4.43718366e-14,2.43912043e-13)
1.51302605e+00 (-3.65590017e-03,2.27922810e-02) (-2.75660108e-02,-4.59885878e-03) (-2.91320068e-14,1.60327695e-13)
1.53306613e+00 (-3.64989114e-03,2.26899349e-02) (-2.72013779e-02,-4.54028462e-03) (-1.90709413e-14,1.05292323e-13)
1.55310621e+00 (-3.64130469e-03,2.25765018e-02) (-2.68384779e-02,-4.48182820e-03) (-1.25412079e-14,6.92623027e-14)
1.57314629e+00 (-3.63031856e-03,2.24527505e-02) (-2.64774821e-02,-4.42352936e-03) (-8.26113337e-15,4.55925382e-14)
1.59318637e+00 (-3.61710081e-03,2.23194139e-02) (-2.61185500e-02,-4.36542520e-03) (-5.38544319e-15,2.98971657e-14)
1.61322645e+00 (-3.60181029e-03,2.21771900e-02) (-2.57618295e-02,-4.30755018e-03) (-3.54684704e-15,1.96473835e-14)
1.63326653e+00 (-3.58459717e-03,2.20267434e-02) (-2.54074577e-02,-4.24993629e-03) (-2.31039945e-15,1.28638763e-14)
1.65330661e+00 (-3.56560340e-03,2.18687065e-02) (-2.50555612e-02,-4.19261320e-03) (-1.49801431e-15,8.43060989e-15)
1.67334669e+00 (-3.54496309e-03,2.17036803e-02) (-2.47062567e-02,-4.13560833e-03) (-1.04418420e-15,5.66846386e-15)
1.69338677e+00 (-3.52280296e-03,2.15322358e-02) (-2.43596516e-02,-4.07894704e-03) (-6.58342119e-16,3.68140357e-15)
1.71342685e+00 (-3.49924270e-03,2.13549155e-02) (-2.40158443e-02,-4.02265272e-03) (-4.14241425e-16,2.37257453e-15)
1.73346693e+00 (-3.47439535e-03,2.11722337e-02) (-2.36749249e-02,-3.96674688e-03) (-2.85888515e-16,1.58952920e-15)
1.75350701e+00 (-3.44836760e-03,2.09846785e-02) (-2.33369751e-02,-3.91124926e-03) (-1.98688018e-16,1.07896686e-15)
1.77354709e+00 (-3.42126017e-03,2.07927122e-02) (-2.30020694e-02,-3.85617798e-03) (-1.26546868e-16,7.08661514e-16)
1.79358717e+00 (-3.39316807e-03,2.05967726e-02) (-2.26702749e-02,-3.80154954e-03) (-7.98115133e-17,4.66166349e-16)
1.81362725e+00 (-3.36418093e-03,2.03972741e-02) (-2.23416519e-02,-3.74737900e-03) (-6.59012973e-17,3.39212019e-16)
1.83366733e+00 (-3.33438321e-03,2.01946087e-02) (-2.20162541e-02,-3.69368001e-03) (-4.36202019e-17,2.22483415e-16)
1.85370741e+00 (-3.30385456e-03,1.99891465e-02) (-2.16941294e-02,-3.64046491e-03) (-1.95981180e-17,1.08314878e-16)
1.87374749e+00 (-3.27266998e-03,1.97812375e-02) (-2.13753196e-02,-3.58774479e-03) (1.75829035e-17,1.07573521e-17)
1.89378758e+00 (-3.24090009e-03,1.95712115e-02) (-2.10598612e-02,-3.53552960e-03) (-2.91189059e-17,9.98314582e-17)
1.91382766e+00 (-3.20861138e-03,1.93593800e-02) (-2.07477857e-02,-3.48382816e-03) (-2.91512709e-17,9.89074172e-17)
1.93386774e+00 (-3.17586639e-03,1.91460362e-02) (-2.04391196e-02,-3.43264827e-03) (8.07312126e-18,5.49987827e-18)
1.95390782e+00 (-3.14272391e-03,1.89314564e-02) (-2.01338848e-02,-3.38199677e-03) (7.78465164e-19,-5.41266208e-19)
1.97394790e+00 (-3.10923920e-03,1.87159002e-02) (-1.98320989e-02,-3.33187957e-03) (-2.01081605e-20,-9.11742268e-20)
1.99398798e+00 (-3.07546418e-03,1.84996121e-02) (-1.95337757e-02,-3.28230173e-03) (-9.11756547e-21,-1.70256973e-21)
2.01402806e+00 (-3.04144755e-03,1.82828215e-02) (-1.92389250e-02,-3.23326749e-03) (-5.08971920e-22,7.66028166e-22)
2.03406814e+00 (-3.00723502e-03,1.80657436e-02) (-1.89475530e-02,-3.18478036e-03) (5.03415124e-23,6.72250344e-23)
2.05410822e+00 (-2.97286945e-03,1.78485805e-02) (-1.86596627e-02,-3.13684312e-03) (1.00365251e-23,-4.30032550e-24)
2.07414830e+00 (-2.93839096e-03,1.76315211e-02) (-1.83752538e-02,-3.08945789e-03) (-6.55612327e-24,-1.57277815e-24)
2.09418838e+00 (-2.90383713e-03,1.74147425e-02) (-1.80943233e-02,-3.04262618e-03) (-9.34427887e-24,-2.61158371e-24)
2.11422846e+00 (-2.86924313e-03,1.71984100e-02) (-1.78168653e-02,-2.99634889e-03) (-2.79778527e-24,-2.34856833e-25)
2.13426854e+00 (-2.83464179e-03,1.69826782e-02) (-1.75428713e-02,-2.95062640e-03) (-4.27132523e-24,2.59756376e-24)
2.15430862e+00 (-2.80006382e-03,1.67676911e-02) (-1.72723305e-02,-2.90545857e-03) (-3.77354970e-24,2.00739673e-24)
2.17434870e+00 (-2.76553782e-03,1.65535829e-02) (-1.70052299e-02,-2.86084479e-03) (-2.86480886e-24,2.64675359e-24)
2.19438878e+00 (-2.73109049e-03,1.63404785e-02) (-1.67415543e-02,-2.81678401e-03) (-2.15865803e-24,3.50773585e-24)
2.21442886e+00 (-2.69674666e-03,1.61284937e-02) (-1.64812867e-02,-2.77327476e-03) (-1.17435889e-24,3.78560390e-24)
2.23446894e+00 (-2.66252946e-03,1.59177361e-02) (-1.62244082e-02,-2.73031518e-03) (5.94666986e-26,3.74131713e-24)
2.25450902e+00 (-2.62846033e-03,1.57083054e-02) (-1.59708984e-02,-2.68790307e-03) (1.07022305e-24,3.25171663e-24)
2.27454910e+00 (-2.59455921e-03,1.55002935e-02) (-1.57207351e-02,-2.64603589e-03) (1.74287030e-24,2.52623852e-24)
2.29458918e+00 (-2.56084453e-03,1.52937855e-02) (-1.54738950e-02,-2.60471079e-03) (2.07631452e-24,1.75206794e-24)
2.31462926e+00 (-2.52733338e-03,1.50888596e-02) (-1.52303532e-02,-2.56392464e-03) (2.20154388e-24,1.10030679e-24)
2.33466934e+00 (-2.49404151e-03,1.48855876e-02) (-1.49900839e-02,-2.52367405e-03) (2.25552155e-24,5.26142217e-25)
2.35470942e+00 (-2.46098346e-03,1.46840352e-02) (-1.47530598e-02,-2.48395538e-03) (2.28251378e-24,-2.32875548e-26)
2.37474950e+00 (-2.42817260e-03,1.44842628e-02) (-1.45192531e-02,-2.44476476e-03) (2.21725799e-24,-6.50437796e-25)
2.39478958e+00 (-2.39562121e-03,1.42863250e-02) (-1.42886346e-02,-2.40609814e-03) (1.96636206e-24,-1.31269090e-24)
2.41482966e+00 (-2.36334055e-03,1.40902716e-02) (-1.40611745e-02,-2.36795126e-03) (1.45400239e-24,-1.94037444e-24)
2.43486974e+00 (-2.33134088e-03,1.38961476e-02) (-1.38368423e-02,-2.33031968e-03) (7.02910761e-25,-2.31873634e-24)
2.45490982e+00 (-2.29963158e-03,1.37039935e-02) (-1.36156067e-02,-2.29319884e-03) (-1.91018769e-25,-2.41200594e-24)
2.47494990e+00 (-2.26822115e-03,1.35138455e-02) (-1.33974357e-02,-2.25658400e-03) (-9.81159415e-25,-2.10590884e-24)
2.49498998e+00 (-2.23711728e-03,1.33257359e-02) (-1.31822970e-02,-2.22047031e-03) (-1.66214285e-24,-1.51068611e-24)
2.51503006e+00 (-2.20632691e-03,1.31396933e-02) (-1.29701576e-02,-2.18485279e-03) (-1.88605885e-24,-7.53650212e-25)
2.53507014e+00 (-2.17585624e-03,1.29557427e-02) (-1.27609842e-02,-2.14972636e-03) (-1.93164157e-24,5.20181816e-26)
2.55511022e+00 (-2.14571083e-03,1.27739058e-02) (-1.25547430e-02,-2.11508585e-03) (-1.51028763e-24,6.11348898e-25)
2.57515030e+00 (-2.11589559e-03,1.25942013e-02) (-1.23514000e-02,-2.08092601e-03) (-1.09447247e-24,1.10712766e-24)
2.59519038e+00 (-2.08641484e-03,1.24166449e-02) (-1.21509209e-02,-2.04724151e-03) (-4.86625013e-25,1.11978832e-24)
2.61523046e+00 (-2.05727234e-03,1.22412496e-02) (-1.19532711e-02,-2.01402694e-03) (9.51782969e-27,1.23570570e-24)
2.63527054e+00 (-2.02847134e-03,1.20680258e-02) (-1.17584159e-02,-1.98127686e-03) (3.17118940e-25,8.32084046e-25)
2.65531062e+00 (-2.00001460e-03,1.18969816e-02) (-1.15663204e-02,-1.94898577e-03) (7.10364680e-25,6.89725477e-25)
2.67535070e+00 (-1.97190442e-03,1.17281229e-02) (-1.13769496e-02,-1.91714814e-03) (5.73955789e-25,2.86938257e-25)
2.69539078e+00 (-1.94414267e-03,1.15614533e-02) (-1.11902684e-02,-1.88575838e-03) (8.41156346e-25,-3.02409764e-26)
2.71543086e+00 (-1.91673081e-03,1.13969746e-02) (-1.10062416e-02,-1.85481090e-03) (4.58651178e-25,-1.01758167e-25)
2.73547094e+00 (-1.88966996e-03,1.12346868e-02) (-1.08248343e-02,-1.82430008e-03) (4.86355356e-25,-5.72328120e-25)
2.75551102e+00 (-1.86296086e-03,1.10745883e-02) (-1.06460112e-02,-1.79422028e-03) (2.64510776e-25,-2.62469516e-25)
2.77555110e+00 (-1.83660394e-03,1.09166756e-02) (-1.04697373e-02,-1.76456586e-03) (-1.05127916e-25,-6.54626892e-25)
2.79559118e+00 (-1.81059933e-03,1.07609440e-02) (-1.02959775e-02,-1.73533117e-03) (1.03588221e-25,-3.29094361e-25)
2.81563126e+00 (-1.78494686e-03,1.06073875e-02) (-1.01246970e-02,-1.70651057e-03) (-5.05856723e-25,-2.62506375e-25)
2.83567134e+00 (-1.75964611e-03,1.04559985e-02) (-9.95586088e-03,-1.67809841e-03) (-1.24325268e-25,-3.63142166e-25)
2.85571142e+00 (-1.73469643e-03,1.03067687e-02) (-9.78943451e-03,-1.65008905e-03) (-3.77340654e-25,2.53143468e-25)
2.87575150e+00 (-1.71009693e-03,1.01596884e-02) (-9.62538333e-03,-1.62247688e-03) (-4.08977333e-25,-1.57315813e-25)
2.89579158e+00 (-1.68584650e-03,1.00147469e-02) (-9.46367296e-03,-1.59525628e-03) (6.87064923e-26,3.43622482e-25)
2.91583166e+00 (-1.66194387e-03,9.87193273e-03) (-9.30426920e-03,-1.56842168e-03) (-4.27535107e-25,3.22659972e-25)
2.93587174e+00 (-1.63838756e-03,9.73123355e-03) (-9.14713804e-03,-1.54196750e-03) (2.30820846e-25,8.72603243e-27)
2.95591182e+00 (-1.61517594e-03,9.59263622e-03) (-8.99224568e-03,-1.51588821e-03) (9.47455490e-26,6.15420431e-25)
2.97595190e+00 (-1.59230722e-03,9.45612690e-03) (-8.83955853e-03,-1.49017829e-03) (-4.38178883e-26,-9.73223777e-26)
2.99599198e+00 (-1.56977948e-03,9.32169112e-03) (-8.68904322e-03,-1.46483227e-03) (6.35880912e-25,2.23144846e-25)
3.01603206e+00 (-1.54759069e-03,9.18931384e-03) (-8.54066663e-03,-1.43984468e-03) (-7.38863027e-26,2.57041266e-25)
3.03607214e+00 (-1.52573866e-03,9.05897946e-03) (-8.39439588e-03,-1.41521012e-03) (4.33186238e-25,-3.96197090e-25)
3.05611222e+00 (-1.50422113e-03,8.93067195e-03) (-8.25019835e-03,-1.39092320e-03) (4.42266531e-25,3.10878328e-25)
3.07615230e+00 (-1.48303573e-03,8.80437484e-03) (-8.10804167e-03,-1.36697858e-03) (-1.18266380e-25,-2.99902971e-25)
3.09619238e+00 (-1.46218001e-03,8.68007126e-03) (-7.96789374e-03,-1.34337096e-03) (6.04201405e-25,-3.21680975e-25)
3.11623246e+00 (-1.44165144e-03,8.55774404e-03) (-7.82972275e-03,-1.32009506e-03) (2.17016891e-26,1.60856602e-25)
3.13627255e+00 (-1.42144741e-03,8.43737571e-03) (-7.69349714e-03,-1.29714566e-03) (-3.51791022e-26,-5.98127501e-25)
3.15631263e+00 (-1.40156527e-03,8.31894853e-03) (-7.55918565e-03,-1.27451758e-03) (4.54914488e-25,-1.39967464e-25)
3.17635271e+00 (-1.38200229e-03,8.20244456e-03) (-7.42675731e-03,-1.25220569e-03) (-2.84467350e-25,-4.81783541e-26)
3.19639279e+00 (-1.36275571e-03,8.08784566e-03) (-7.29618142e-03,-1.23020489e-03) (4.16456539e-26,-6.03102678e-25)
3.21643287e+00 (-1.34382272e-03,7.97513355e-03) (-7.16742759e-03,-1.20851012e-03) (1.98662572e-25,4.19728076e-26)
3.23647295e+00 (-1.32520047e-03,7.86428983e-03) (-7.04046571e-03,-1.18711638e-03) (-4.17180154e-25,-1.67376685e-25)
3.25651303e+00 (-1.30688609e-03,7.75529598e-03) (-6.91526599e-03,-1.16601872e-03) (7.68747971e-26,-4.38761766e-25)
3.27655311e+00 (-1.28887669e-03,7.64813345e-03) (-6.79179891e-03,-1.14521222e-03) (2.43876819e-27,1.55803695e-25)
3.29659319e+00 (-1.27116932e-03,7.54278362e-03) (-6.67003526e-03,-1.12469201e-03) (-3.97202167e-25,-1.72134190e-25)
3.31663327e+00 (-1.25376108e-03,7.43922786e-03) (-6.54994613e-03,-1.10445328e-03) (8.90986067e-26,-2.62120353e-25)
3.33667335e+00 (-1.23664899e-03,7.33744753e-03) (-6.43150290e-03,-1.08449126e-03) (-6.14538879e-26,1.99499126e-25)
3.35671343e+00 (-1.21983011e-03,7.23742402e-03) (-6.31467727e-03,-1.06480121e-03) (-3.14640958e-25,-1.22563570e-25)
3.37675351e+00 (-1.20330149e-03,7.13913876e-03) (-6.19944121e-03,-1.04537847e-03) (9.11167903e-26,-1.59169381e-25)
3.39679359e+00 (-1.18706015e-03,7.04257323e-03) (-6.08576701e-03,-1.02621840e-03) (-3.84742163e-26,1.93170936e-25)
3.41683367e+00 (-1.17110316e-03,6.94770899e-03) (-5.97362724e-03,-1.00731642e-03) (-2.46820653e-25,-7.09621777e-26)
3.43687375e+00 (-1.15542754e-03,6.85452769e-03) (-5.86299477e-03,-9.88667995e-04) (8.13921091e-26,-1.30603342e-25)
3.45691383e+00 (-1.14003038e-03,6.76301107e-03) (-5.75384278e-03,-9.70268641e-04) (-5.07406526e-27,1.59684939e-25)
3.47695391e+00 (-1.12490873e-03,6.67314101e-03) (-5.64614472e-03,-9.52113915e-04) (-1.95547299e-25,-4.50671960e-26)
3.49699399e+00 (-1.11005969e-03,6.58489950e-03) (-5.53987433e-03,-9.34199423e-04) (5.70448888e-26,-1.12409914e-25)
3.51703407e+00 (-1.09548036e-03,6.49826867e-03) (-5.43500566e-03,-9.16520819e-04) (7.06715479e-27,1.18310467e-25)
3.53707415e+00 (-1.08116785e-03,6.41323080e-03) (-5.33151301e-03,-8.99073800e-04) (-1.48517354e-25,-1.69546242e-26)
3.55711423e+00 (-1.06711932e-03,6.32976833e-03) (-5.22937100e-03,-8.81854114e-04) (2.70771411e-26,-7.98262139e-26)
3.57715431e+00 (-1.05333193e-03,6.24786389e-03) (-5.12855451e-03,-8.64857550e-04) (9.57066836e-27,9.08989449e-26)
3.59719439e+00 (-1.03980286e-03,6.16750026e-03) (-5.02903869e-03,-8.48079944e-04) (-1.12430323e-25,2.00029499e-27)
3.61723447e+00 (-1.02652934e-03,6.08866042e-03) (-4.93079899e-03,-8.31517177e-04) (2.77953104e-26,-5.74332954e-26)
3.63727455e+00 (-1.01350860e-03,6.01132752e-03) (-4.83381111e-03,-8.15165176e-04) (1.79144572e-26,9.40016135e-26)
3.65731463e+00 (-1.00073792e-03,5.93548495e-03) (-4.73805101e-03,-7.99019908e-04) (-1.05458218e-25,8.87213523e-27)
3.67735471e+00 (-9.88214603e-04,5.86111627e-03) (-4.64349495e-03,-7.83077387e-04) (3.57814373e-26,-7.12209237e-26)
3.69739479e+00 (-9.75935981e-04,5.78820526e-03) (-4.55011943e-03,-7.67333668e-04) (5.97122616e-26,9.02070409e-26)
3.71743487e+00 (-9.63899421e-04,5.71673592e-03) (-4.45790120e-03,-7.51784850e-04) (-9.53608062e-26,4.80711609e-26)
3.73747495e+00 (-9.52102322e-04,5.64669246e-03) (-4.36681728e-03,-7.36427073e-04) (-2.22999967e-27,-8.57243301e-26)
3.75751503e+00 (-9.40542119e-04,5.57805933e-03) (-4.27684493e-03,-7.21256519e-04) (9.02029030e-26,2.92683057e-26)
3.77755511e+00 (-9.29216281e-04,5.51082119e-03) (-4.18796167e-03,-7.06269410e-04) (-2.64923392e-26,7.16300521e-26)
3.79759519e+00 (-9.18122312e-04,5.44496294e-03) (-4.10014525e-03,-6.91462009e-04) (-3.68404440e-26,-2.58631212e-26)
3.81763527e+00 (-9.07257754e-04,5.38046972e-03) (-4.01337368e-03,-6.76830619e-04) (2.27011758e-26,-2.90685526e-26)
3.83767535e+00 (-8.96620187e-04,5.31732689e-03) (-3.92762518e-03,-6.62371580e-04) (3.50146354e-26,-1.05162599e-26)
3.85771543e+00 (-8.86207228e-04,5.25552008e-03) (-3.84287822e-03,-6.48081274e-04) (3.76257254e-26,2.61363262e-26)
3.87775551e+00 (-8.76016530e-04,5.19503511e-03) (-3.75911151e-03,-6.33956118e-04) (-3.52769697e-26,3.79366685e-26)
3.89779559e+00 (-8.66045788e-04,5.13585810e-03) (-3.67630395e-03,-6.19992567e-04) (-5.00107347e-26,-5.67555143e-26)
3.91783567e+00 (-8.56292735e-04,5.07797539e-03) (-3.59443470e-03,-6.06187115e-04) (4.71173119e-26,-6.95934524e-26)
3.93787575e+00 (-8.46755144e-04,5.02137355e-03) (-3.51348310e-03,-5.92536287e-04) (6.40457766e-26,2.02054102e-26)
3.95791583e+00 (-8.37430827e-04,4.96603944e-03) (-3.43342873e-03,-5.79036649e-04) (-1.13840690e-26,5.52640505e-26)
3.97795591e+00 (-8.28317636e-04,4.91196012e-03) (-3.35425137e-03,-5.65684798e-04) (-6.25416720e-26,1.80169423e-27)
3.99799599e+00 (-8.19413465e-04,4.85912294e-03) (-3.27593101e-03,-5.52477366e-04) (-3.43238379e-26,-5.11203586e-26)
4.01803607e+00 (-8.10716247e-04,4.80751548e-03) (-3.19844783e-03,-5.39411019e-04) (8.57045007e-27,-4.69254947e-26)
4.03807615e+00 (-8.02223957e-04,4.75712557e-03) (-3.12178222e-03,-5.26482456e-04) (3.21154620e-26,-2.39898081e-26)
4.05811623e+00 (-7.93934609e-04,4.70794131e-03) (-3.04591475e-03,-5.13688408e-04) (3.52776898e-26,2.51225703e-26)
4.07815631e+00 (-7.85846262e-04,4.65995104e-03) (-2.97082618e-03,-5.01025635e-04) (-3.18489657e-26,5.02135280e-26)
4.09819639e+00 (-7.77957011e-04,4.61314334e-03) (-2.89649748e-03,-4.88490932e-04) (-7.18174546e-26,-3.11773279e-26)
4.11823647e+00 (-7.70264998e-04,4.56750706e-03) (-2.82290976e-03,-4.76081122e-04) (2.32081566e-26,-8.69433801e-26)
4.13827655e+00 (-7.62768401e-04,4.52303130e-03) (-2.75004435e-03,-4.63793057e-04) (9.71606038e-26,1.46620082e-26)
4.15831663e+00 (-7.55465444e-04,4.47970541e-03) (-2.67788271e-03,-4.51623618e-04) (-8.56137837e-29,1.06750042e-25)
4.17835671e+00 (-7.48354388e-04,4.43751899e-03) (-2.60640650e-03,-4.39569716e-04) (-1.05920513e-25,2.30745431e-26)
4.19839679e+00 (-7.41433540e-04,4.39646189e-03) (-2.53559753e-03,-4.27628287e-04) (-4.56059160e-26,-9.25801612e-26)
4.21843687e+00 (-7.34701245e-04,4.35652421e-03) (-2.46543778e-03,-4.15796296e-04) (7.08766462e-26,-6.32737698e-26)
4.23847695e+00 (-7.28155891e-04,4.31769631e-03) (-2.39590938e-03,-4.04070732e-04) (7.45099775e-26,4.40832844e-26)
4.25851703e+00 (-7.21795907e-04,4.27996879e-03) (-2.32699461e-03,-3.92448612e-04) (-1.48795562e-26,7.01767856e-26)
4.27855711e+00 (-7.15619764e-04,4.24333251e-03) (-2.25867591e-03,-3.80926975e-04) (-4.99581508e-26,2.91520213e-27)
4.29859719e+00 (-7.09625974e-04,4.20777857e-03) (-2.19093586e-03,-3.69502888e-04) (-4.35943641e-27,-2.76067459e-26)
4.31863727e+00 (-7.03813089e-04,4.17329833e-03) (-2.12375716e-03,-3.58173437e-04) (1.50733405e-26,2.33082035e-27)
4.33867735e+00 (-6.98179704e-04,4.13988339e-03) (-2.05712268e-03,-3.46935735e-04) (-6.17502400e-27,1.34643393e-26)
4.35871743e+00 (-6.92724454e-04,4.10752560e-03) (-1.99101541e-03,-3.35786914e-04) (-1.43711535e-26,-3.22060106e-27)
4.37875752e+00 (-6.87446017e-04,4.07621704e-03) (-1.92541845e-03,-3.24724129e-04) (-1.87644547e-27,-1.46755257e-26)
4.39879760e+00 (-6.82343108e-04,4.04595008e-03) (-1.86031506e-03,-3.13744556e-04) (1.29024952e-26,-1.19687530e-26)
4.41883768e+00 (-6.77414488e-04,4.01671729e-03) (-1.79568859e-03,-3.02845392e-04) (2.13101044e-26,-1.37269138e-27)
4.43887776e+00 (-6.72658955e-04,3.98851150e-03) (-1.73152252e-03,-2.92023851e-04) (2.16015357e-26,1.50949431e-26)
4.45891784e+00 (-6.68075349e-04,3.96132580e-03) (-1.66780045e-03,-2.81277169e-04) (7.40990411e-27,3.02660839e-26)
4.47895792e+00 (-6.63662550e-04,3.93515350e-03) (-1.60450607e-03,-2.70602598e-04) (-1.63143753e-26,2.92959529e-26)
4.49899800e+00 (-6.59419481e-04,3.90998817e-03) (-1.54162318e-03,-2.59997408e-04) (-3.07739032e-26,7.42681503e-27)
4.51903808e+00 (-6.55345102e-04,3.88582362e-03) (-1.47913570e-03,-2.49458887e-04) (-1.87985534e-26,-1.55747983e-26)
4.53907816e+00 (-6.51438415e-04,3.86265389e-03) (-1.41702763e-03,-2.38984339e-04) (1.75603784e-27,-1.12350171e-26)
4.55911824e+00 (-6.47698464e-04,3.84047327e-03) (-1.35528307e-03,-2.28571082e-04) (-2.36905109e-27,2.57038580e-27)
4.57915832e+00 (-6.44124329e-04,3.81927629e-03) (-1.29388621e-03,-2.18216452e-04) (-1.21597208e-26,-8.05029068e-27)
4.59919840e+00 (-6.40715135e-04,3.79905772e-03) (-1.23282131e-03,-2.07917797e-04) (4.76855965e-27,-2.23034593e-26)
4.61923848e+00 (-6.37470043e-04,3.77981257e-03) (-1.17207273e-03,-1.97672480e-04) (2.62467655e-26,-6.07298138e-27)
4.63927856e+00 (-6.34388256e-04,3.76153608e-03) (-1.11162491e-03,-1.87477876e-04) (1.72427587e-26,2.16602298e-26)
4.65931864e+00 (-6.31469017e-04,3.74422373e-03) (-1.05146236e-03,-1.77331373e-04) (-1.04711238e-26,2.54755715e-26)
4.67935872e+00 (-6.28711607e-04,3.72787124e-03) (-9.91569643e-04,-1.67230372e-04) (-2.62062656e-26,4.78137244e-27)
4.69939880e+00 (-6.26115349e-04,3.71247458e-03) (-9.31931416e-04,-1.57172284e-04) (-1.54785396e-26,-1.66950057e-26)
4.71943888e+00 (-6.23679604e-04,3.69802994e-03) (-8.72532382e-04,-1.47154529e-04) (5.72688130e-27,-1.56519136e-26)
4.73947896e+00 (-6.21403773e-04,3.68453375e-03) (-8.13357309e-04,-1.37174541e-04) (9.92308120e-27,-5.82540246e-28)
4.75951904e+00 (-6.19287297e-04,3.67198267e-03) (-7.54391019e-04,-1.27229759e-04) (1.95628438e-27,5.90946454e-27)
4.77955912e+00 (-6.17329656e-04,3.66037360e-03) (-6.95618386e-04,-1.17317633e-04) (-1.41146731e-27,3.68629767e-27)
4.79959920e+00 (-6.15530369e-04,3.64970369e-03) (-6.37024331e-04,-1.07435622e-04) (2.14231073e-28,-7.72068084e-28)
4.81963928e+00 (-6.13888995e-04,3.63997029e-03) (-5.78593819e-04,-9.75811888e-05) (3.54896384e-27,-2.69832127e-27)
4.83967936e+00 (-6.12405132e-04,3.63117101e-03) (-5.20311856e-04,-8.77518063e-05) (4.06505095e-27,5.93897937e-28)
4.85971944e+00 (-6.11078419e-04,3.62330370e-03) (-4.62163486e-04,-7.79449521e-05) (-8.49620608e-28,1.62189094e-27)
4.87975952e+00 (-6.09908530e-04,3.61636641e-03) (-4.04133782e-04,-6.81581095e-05) (-5.59662403e-27,-1.35139377e-27)
4.89979960e+00 (-6.08895184e-04,3.61035746e-03) (-3.46207849e-04,-5.83887667e-05) (-5.05674048e-27,-1.48271842e-27)
4.91983968e+00 (-6.08038133e-04,3.60527538e-03) (-2.88370817e-04,-4.86344162e-05) (-6.09002333e-29,-1.47716030e-28)
4.93987976e+00 (-6.07337174e-04,3.60111895e-03) (-2.30607837e-04,-3.88925541e-05) (4.43636760e-27,4.17953423e-29)
4.95991984e+00 (-6.06792140e-04,3.59788717e-03) (-1.72904077e-04,-2.91606792e-05) (4.69469279e-27,2.15007442e-27)
4.97995992e+00 (-6.06402906e-04,3.59557928e-03) (-1.15244721e-04,-1.94362930e-05) (2.11544931e-27,2.94274714e-27)
5.00000000e+00 (-6.06091545e-04,3.59373317e-03) (-5.76149623e-05,-9.71689865e-06) (-8.80048756e-28,-8.29048271e-28)
