0.39 	 500
Z	 ux	 uz 	 rho
-5.00000000e+00 (-2.88602299e-02,-3.02622817e-02) (-2.36518834e-04,2.25560914e-04) (-4.65826138e-15,-3.41969113e-15)
-4.97995992e+00 (-2.88637436e-02,-3.02659701e-02) (-4.73052082e-04,4.51135560e-04) (-1.06189239e-14,-7.65679249e-15)
-4.95991984e+00 (-2.88681356e-02,-3.02705805e-02) (-7.09614158e-04,6.76737668e-04) (-1.78285221e-14,-1.28551751e-14)
-4.93987976e+00 (-2.88742838e-02,-3.02770348e-02) (-9.46219472e-04,9.02380966e-04) (-2.66022971e-14,-1.91813600e-14)
-4.91983968e+00 (-2.88821882e-02,-3.02853331e-02) (-1.18288244e-03,1.12807918e-03) (-3.72776865e-14,-2.68786518e-14)
-4.89979960e+00 (-2.88918485e-02,-3.02954754e-02) (-1.41961747e-03,1.35384603e-03) (-5.00784072e-14,-3.61083299e-14)
-4.87975952e+00 (-2.89032648e-02,-3.03074619e-02) (-1.65643897e-03,1.57969525e-03) (-6.54624670e-14,-4.72006421e-14)
-4.85971944e+00 (-2.89164371e-02,-3.03212927e-02) (-1.89336136e-03,1.80564055e-03) (-8.38655874e-14,-6.04697243e-14)
-4.83967936e+00 (-2.89313655e-02,-3.03369684e-02) (-2.13039905e-03,2.03169567e-03) (-1.05615674e-13,-7.61520201e-14)
-4.81963928e+00 (-2.89480502e-02,-3.03544892e-02) (-2.36756648e-03,2.25787432e-03) (-1.31475178e-13,-9.47972062e-14)
-4.79959920e+00 (-2.89664913e-02,-3.03738558e-02) (-2.60487804e-03,2.48419024e-03) (-1.62053413e-13,-1.16844635e-13)
-4.77955912e+00 (-2.89866893e-02,-3.03950686e-02) (-2.84234819e-03,2.71065715e-03) (-1.98006494e-13,-1.42767320e-13)
-4.75951904e+00 (-2.90086443e-02,-3.04181283e-02) (-3.07999134e-03,2.93728879e-03) (-2.40260319e-13,-1.73232844e-13)
-4.73947896e+00 (-2.90323569e-02,-3.04430357e-02) (-3.31782194e-03,3.16409889e-03) (-2.89936759e-13,-2.09050034e-13)
-4.71943888e+00 (-2.90578275e-02,-3.04697915e-02) (-3.55585442e-03,3.39110118e-03) (-3.48211323e-13,-2.51066418e-13)
-4.69939880e+00 (-2.90850565e-02,-3.04983967e-02) (-3.79410325e-03,3.61830942e-03) (-4.16101783e-13,-3.00015740e-13)
-4.67935872e+00 (-2.91140446e-02,-3.05288521e-02) (-4.03258287e-03,3.84573733e-03) (-4.95257574e-13,-3.57087219e-13)
-4.65931864e+00 (-2.91447923e-02,-3.05611589e-02) (-4.27130775e-03,4.07339869e-03) (-5.87514892e-13,-4.23604664e-13)
-4.63927856e+00 (-2.91773003e-02,-3.05953179e-02) (-4.51029237e-03,4.30130724e-03) (-6.94897216e-13,-5.01026960e-13)
-4.61923848e+00 (-2.92115692e-02,-3.06313305e-02) (-4.74955120e-03,4.52947673e-03) (-8.19616234e-13,-5.90948557e-13)
-4.59919840e+00 (-2.92475997e-02,-3.06691978e-02) (-4.98909873e-03,4.75792094e-03) (-9.64313176e-13,-6.95273747e-13)
-4.57915832e+00 (-2.92853926e-02,-3.07089210e-02) (-5.22894948e-03,4.98665364e-03) (-1.13211753e-12,-8.16258678e-13)
-4.55911824e+00 (-2.93249485e-02,-3.07505015e-02) (-5.46911794e-03,5.21568860e-03) (-1.32617860e-12,-9.56173769e-13)
-4.53907816e+00 (-2.93662684e-02,-3.07939406e-02) (-5.70961864e-03,5.44503961e-03) (-1.55071022e-12,-1.11805699e-12)
-4.51903808e+00 (-2.94093528e-02,-3.08392396e-02) (-5.95046611e-03,5.67472045e-03) (-1.81016186e-12,-1.30511605e-12)
-4.49899800e+00 (-2.94542027e-02,-3.08864001e-02) (-6.19167489e-03,5.90474492e-03) (-2.10948996e-12,-1.52092426e-12)
-4.47895792e+00 (-2.95008189e-02,-3.09354235e-02) (-6.43325954e-03,6.13512683e-03) (-2.45480968e-12,-1.76989009e-12)
-4.45891784e+00 (-2.95492021e-02,-3.09863113e-02) (-6.67523462e-03,6.36587997e-03) (-2.85338170e-12,-2.05724797e-12)
-4.43887776e+00 (-2.95993531e-02,-3.10390652e-02) (-6.91761471e-03,6.59701816e-03) (-3.31189679e-12,-2.38782135e-12)
-4.41883768e+00 (-2.96512727e-02,-3.10936865e-02) (-7.16041439e-03,6.82855523e-03) (-3.83955560e-12,-2.76824292e-12)
-4.39879760e+00 (-2.97049617e-02,-3.11501770e-02) (-7.40364828e-03,7.06050499e-03) (-4.44681559e-12,-3.20605166e-12)
-4.37875752e+00 (-2.97604207e-02,-3.12085383e-02) (-7.64733099e-03,7.29288128e-03) (-5.14437774e-12,-3.70896173e-12)
-4.35871743e+00 (-2.98176505e-02,-3.12687720e-02) (-7.89147714e-03,7.52569794e-03) (-5.94614752e-12,-4.28699752e-12)
-4.33867735e+00 (-2.98766518e-02,-3.13308796e-02) (-8.13610137e-03,7.75896881e-03) (-6.86648380e-12,-4.95050995e-12)
-4.31863727e+00 (-2.99374251e-02,-3.13948630e-02) (-8.38121834e-03,7.99270773e-03) (-7.92254244e-12,-5.71186645e-12)
-4.29859719e+00 (-2.99999710e-02,-3.14607236e-02) (-8.62684272e-03,8.22692856e-03) (-9.13371695e-12,-6.58504713e-12)
-4.27855711e+00 (-3.00642900e-02,-3.15284631e-02) (-8.87298917e-03,8.46164515e-03) (-1.05220091e-11,-7.58591229e-12)
-4.25851703e+00 (-3.01303825e-02,-3.15980831e-02) (-9.11967240e-03,8.69687137e-03) (-1.21133164e-11,-8.73313033e-12)
-4.23847695e+00 (-3.01982489e-02,-3.16695852e-02) (-9.36690710e-03,8.93262107e-03) (-1.39355107e-11,-1.00467928e-11)
-4.21843687e+00 (-3.02678893e-02,-3.17429710e-02) (-9.61470800e-03,9.16890812e-03) (-1.60214961e-11,-1.15506180e-11)
-4.19839679e+00 (-3.03393039e-02,-3.18182418e-02) (-9.86308982e-03,9.40574639e-03) (-1.84086891e-11,-1.32715776e-11)
-4.17835671e+00 (-3.04124927e-02,-3.18953994e-02) (-1.01120673e-02,9.64314975e-03) (-2.11393354e-11,-1.52401228e-11)
-4.15831663e+00 (-3.04874556e-02,-3.19744449e-02) (-1.03616552e-02,9.88113205e-03) (-2.42620784e-11,-1.74913171e-11)
-4.13827655e+00 (-3.05641923e-02,-3.20553798e-02) (-1.06118682e-02,1.01197072e-02) (-2.78314084e-11,-2.00644374e-11)
-4.11823647e+00 (-3.06427025e-02,-3.21382053e-02) (-1.08627212e-02,1.03588890e-02) (-3.19101158e-11,-2.30047435e-11)
-4.09819639e+00 (-3.07229856e-02,-3.22229227e-02) (-1.11142290e-02,1.05986913e-02) (-3.65688218e-11,-2.63631381e-11)
-4.07815631e+00 (-3.08050408e-02,-3.23095330e-02) (-1.13664062e-02,1.08391280e-02) (-4.18892085e-11,-3.01984970e-11)
-4.05811623e+00 (-3.08888672e-02,-3.23980373e-02) (-1.16192678e-02,1.10802130e-02) (-4.79628527e-11,-3.45768253e-11)
-4.03807615e+00 (-3.09744636e-02,-3.24884364e-02) (-1.18728284e-02,1.13219600e-02) (-5.48941102e-11,-3.95733399e-11)
-4.01803607e+00 (-3.10618287e-02,-3.25807310e-02) (-1.21271030e-02,1.15643829e-02) (-6.28024222e-11,-4.52741279e-11)
-3.99799599e+00 (-3.11509608e-02,-3.26749219e-02) (-1.23821064e-02,1.18074956e-02) (-7.18227236e-11,-5.17764427e-11)
-3.97795591e+00 (-3.12418581e-02,-3.27710094e-02) (-1.26378533e-02,1.20513118e-02) (-8.21085336e-11,-5.91909307e-11)
-3.95791583e+00 (-3.13345183e-02,-3.28689939e-02) (-1.28943586e-02,1.22958453e-02) (-9.38346927e-11,-6.76436031e-11)
-3.93787575e+00 (-3.14289390e-02,-3.29688756e-02) (-1.31516372e-02,1.25411099e-02) (-1.07200305e-10,-7.72779565e-11)
-3.91783567e+00 (-3.15251174e-02,-3.30706542e-02) (-1.34097038e-02,1.27871193e-02) (-1.22429285e-10,-8.82553643e-11)
-3.89779559e+00 (-3.16230504e-02,-3.31743296e-02) (-1.36685733e-02,1.30338873e-02) (-1.39777743e-10,-1.00760403e-10)
-3.87775551e+00 (-3.17227344e-02,-3.32799013e-02) (-1.39282604e-02,1.32814275e-02) (-1.59538032e-10,-1.15003761e-10)
-3.85771543e+00 (-3.18241656e-02,-3.33873684e-02) (-1.41887801e-02,1.35297537e-02) (-1.82039616e-10,-1.31222871e-10)
-3.83767535e+00 (-3.19273396e-02,-3.34967300e-02) (-1.44501472e-02,1.37788794e-02) (-2.07656442e-10,-1.49687215e-10)
-3.81763527e+00 (-3.20322516e-02,-3.36079848e-02) (-1.47123763e-02,1.40288183e-02) (-2.36815266e-10,-1.70704327e-10)
-3.79759519e+00 (-3.21388964e-02,-3.37211312e-02) (-1.49754824e-02,1.42795839e-02) (-2.69999198e-10,-1.94622344e-10)
-3.77755511e+00 (-3.22472683e-02,-3.38361672e-02) (-1.52394802e-02,1.45311898e-02) (-3.07756843e-10,-2.21836590e-10)
-3.75751503e+00 (-3.23573610e-02,-3.39530906e-02) (-1.55043844e-02,1.47836494e-02) (-3.50710596e-10,-2.52795555e-10)
-3.73747495e+00 (-3.24691675e-02,-3.40718987e-02) (-1.57702098e-02,1.50369762e-02) (-3.99566224e-10,-2.88007791e-10)
-3.71743487e+00 (-3.25826805e-02,-3.41925885e-02) (-1.60369712e-02,1.52911835e-02) (-4.55126509e-10,-3.28051746e-10)
-3.69739479e+00 (-3.26978918e-02,-3.43151566e-02) (-1.63046832e-02,1.55462846e-02) (-5.18300361e-10,-3.73582319e-10)
-3.67735471e+00 (-3.28147927e-02,-3.44395990e-02) (-1.65733604e-02,1.58022928e-02) (-5.90118731e-10,-4.25342328e-10)
-3.65731463e+00 (-3.29333736e-02,-3.45659113e-02) (-1.68430176e-02,1.60592213e-02) (-6.71754042e-10,-4.84176500e-10)
-3.63727455e+00 (-3.30536243e-02,-3.46940886e-02) (-1.71136693e-02,1.63170831e-02) (-7.64533074e-10,-5.51040752e-10)
-3.61723447e+00 (-3.31755337e-02,-3.48241256e-02) (-1.73853300e-02,1.65758912e-02) (-8.69960507e-10,-6.27019142e-10)
-3.59719439e+00 (-3.32990899e-02,-3.49560162e-02) (-1.76580143e-02,1.68356585e-02) (-9.89744426e-10,-7.13342239e-10)
-3.57715431e+00 (-3.34242800e-02,-3.50897537e-02) (-1.79317367e-02,1.70963980e-02) (-1.12582129e-09,-8.11405101e-10)
-3.55711423e+00 (-3.35510904e-02,-3.52253310e-02) (-1.82065115e-02,1.73581222e-02) (-1.28038671e-09,-9.22789431e-10)
-3.53707415e+00 (-3.36795061e-02,-3.53627400e-02) (-1.84823531e-02,1.76208439e-02) (-1.45592989e-09,-1.04928838e-09)
-3.51703407e+00 (-3.38095114e-02,-3.55019722e-02) (-1.87592757e-02,1.78845754e-02) (-1.65527149e-09,-1.19293380e-09)
-3.49699399e+00 (-3.39410893e-02,-3.56430180e-02) (-1.90372937e-02,1.81493292e-02) (-1.88161102e-09,-1.35603038e-09)
-3.47695391e+00 (-3.40742216e-02,-3.57858673e-02) (-1.93164211e-02,1.84151175e-02) (-2.13857439e-09,-1.54118984e-09)
-3.45691383e+00 (-3.42088889e-02,-3.59305089e-02) (-1.95966720e-02,1.86819523e-02) (-2.43026982e-09,-1.75137121e-09)
-3.43687375e+00 (-3.43450706e-02,-3.60769308e-02) (-1.98780603e-02,1.89498456e-02) (-2.76135515e-09,-1.98992928e-09)
-3.41683367e+00 (-3.44827444e-02,-3.62251201e-02) (-2.01606000e-02,1.92188091e-02) (-3.13710870e-09,-2.26066555e-09)
-3.39679359e+00 (-3.46218868e-02,-3.63750627e-02) (-2.04443047e-02,1.94888545e-02) (-3.56351107e-09,-2.56788718e-09)
-3.37675351e+00 (-3.47624727e-02,-3.65267437e-02) (-2.07291881e-02,1.97599929e-02) (-4.04733765e-09,-2.91647350e-09)
-3.35671343e+00 (-3.49044753e-02,-3.66801469e-02) (-2.10152638e-02,2.00322358e-02) (-4.59626810e-09,-3.31195481e-09)
-3.33667335e+00 (-3.50478661e-02,-3.68352548e-02) (-2.13025451e-02,2.03055940e-02) (-5.21900118e-09,-3.76059499e-09)
-3.31663327e+00 (-3.51926150e-02,-3.69920489e-02) (-2.15910453e-02,2.05800782e-02) (-5.92539046e-09,-4.26948920e-09)
-3.29659319e+00 (-3.53386896e-02,-3.71505093e-02) (-2.18807775e-02,2.08556990e-02) (-6.72659904e-09,-4.84667508e-09)
-3.27655311e+00 (-3.54860559e-02,-3.73106145e-02) (-2.21717547e-02,2.11324665e-02) (-7.63527355e-09,-5.50125804e-09)
-3.25651303e+00 (-3.56346775e-02,-3.74723418e-02) (-2.24639896e-02,2.14103908e-02) (-8.66573829e-09,-6.24355082e-09)
-3.23647295e+00 (-3.57845159e-02,-3.76356669e-02) (-2.27574947e-02,2.16894815e-02) (-9.83421288e-09,-7.08523006e-09)
-3.21643287e+00 (-3.59355303e-02,-3.78005637e-02) (-2.30522825e-02,2.19697480e-02) (-1.11590725e-08,-8.03952342e-09)
-3.19639279e+00 (-3.60876774e-02,-3.79670045e-02) (-2.33483652e-02,2.22511992e-02) (-1.26611242e-08,-9.12140848e-09)
-3.17635271e+00 (-3.62409113e-02,-3.81349598e-02) (-2.36457548e-02,2.25338439e-02) (-1.43639311e-08,-1.03478454e-08)
-3.15631263e+00 (-3.63951835e-02,-3.83043982e-02) (-2.39444628e-02,2.28176904e-02) (-1.62941764e-08,-1.17380391e-08)
-3.13627255e+00 (-3.65504424e-02,-3.84752863e-02) (-2.42445009e-02,2.31027466e-02) (-1.84820724e-08,-1.33137331e-08)
-3.11623246e+00 (-3.67066336e-02,-3.86475885e-02) (-2.45458801e-02,2.33890200e-02) (-2.09618302e-08,-1.50995473e-08)
-3.09619238e+00 (-3.68636995e-02,-3.88212670e-02) (-2.48486115e-02,2.36765176e-02) (-2.37721836e-08,-1.71233538e-08)
-3.07615230e+00 (-3.70215793e-02,-3.89962818e-02) (-2.51527055e-02,2.39652462e-02) (-2.69569855e-08,-1.94167067e-08)
-3.05611222e+00 (-3.71802084e-02,-3.91725903e-02) (-2.54581726e-02,2.42552117e-02) (-3.05658841e-08,-2.20153271e-08)
-3.03607214e+00 (-3.73395188e-02,-3.93501474e-02) (-2.57650226e-02,2.45464198e-02) (-3.46550851e-08,-2.49596510e-08)
-3.01603206e+00 (-3.74994387e-02,-3.95289053e-02) (-2.60732651e-02,2.48388755e-02) (-3.92882135e-08,-2.82954481e-08)
-2.99599198e+00 (-3.76598921e-02,-3.97088133e-02) (-2.63829093e-02,2.51325833e-02) (-4.45372974e-08,-3.20745291e-08)
-2.97595190e+00 (-3.78207988e-02,-3.98898177e-02) (-2.66939640e-02,2.54275471e-02) (-5.04838657e-08,-3.63555330e-08)
-2.95591182e+00 (-3.79820741e-02,-4.00718617e-02) (-2.70064375e-02,2.57237702e-02) (-5.72202017e-08,-4.12048285e-08)
-2.93587174e+00 (-3.81436289e-02,-4.02548852e-02) (-2.73203377e-02,2.60212549e-02) (-6.48507615e-08,-4.66975310e-08)
-2.91583166e+00 (-3.83053688e-02,-4.04388246e-02) (-2.76356722e-02,2.63200032e-02) (-7.34937696e-08,-5.29186491e-08)
-2.89579158e+00 (-3.84671945e-02,-4.06236128e-02) (-2.79524476e-02,2.66200162e-02) (-8.32830349e-08,-5.99643872e-08)
-2.87575150e+00 (-3.86290013e-02,-4.08091786e-02) (-2.82706705e-02,2.69212941e-02) (-9.43699982e-08,-6.79436151e-08)
-2.85571142e+00 (-3.87906788e-02,-4.09954471e-02) (-2.85903466e-02,2.72238363e-02) (-1.06926051e-07,-7.69795313e-08)
-2.83567134e+00 (-3.89521106e-02,-4.11823391e-02) (-2.89114811e-02,2.75276413e-02) (-1.21145154e-07,-8.72115422e-08)
-2.81563126e+00 (-3.91131741e-02,-4.13697708e-02) (-2.92340786e-02,2.78327069e-02) (-1.37246811e-07,-9.87973931e-08)
-2.79559118e+00 (-3.92737403e-02,-4.15576541e-02) (-2.95581429e-02,2.81390296e-02) (-1.55479424e-07,-1.11915575e-07)
-2.77555110e+00 (-3.94336732e-02,-4.17458958e-02) (-2.98836772e-02,2.84466051e-02) (-1.76124086e-07,-1.26768046e-07)
-2.75551102e+00 (-3.95928296e-02,-4.19343977e-02) (-3.02106839e-02,2.87554277e-02) (-1.99498882e-07,-1.43583308e-07)
-2.73547094e+00 (-3.97510590e-02,-4.21230564e-02) (-3.05391647e-02,2.90654910e-02) (-2.25963749e-07,-1.62619893e-07)
-2.71543086e+00 (-3.99082027e-02,-4.23117627e-02) (-3.08691205e-02,2.93767870e-02) (-2.55925965e-07,-1.84170298e-07)
-2.69539078e+00 (-4.00640939e-02,-4.25004018e-02) (-3.12005510e-02,2.96893066e-02) (-2.89846385e-07,-2.08565445e-07)
-2.67535070e+00 (-4.02185573e-02,-4.26888526e-02) (-3.15334554e-02,3.00030393e-02) (-3.28246464e-07,-2.36179713e-07)
-2.65531062e+00 (-4.03714082e-02,-4.28769875e-02) (-3.18678317e-02,3.03179734e-02) (-3.71716221e-07,-2.67436641e-07)
-2.63527054e+00 (-4.05224528e-02,-4.30646725e-02) (-3.22036769e-02,3.06340954e-02) (-4.20923251e-07,-3.02815370e-07)
-2.61523046e+00 (-4.06714870e-02,-4.32517664e-02) (-3.25409869e-02,3.09513905e-02) (-4.76622900e-07,-3.42857932e-07)
-2.59519038e+00 (-4.08182966e-02,-4.34381206e-02) (-3.28797566e-02,3.12698421e-02) (-5.39669804e-07,-3.88177493e-07)
-2.57515030e+00 (-4.09626563e-02,-4.36235788e-02) (-3.32199795e-02,3.15894320e-02) (-6.11030921e-07,-4.39467679e-07)
-2.55511022e+00 (-4.11043295e-02,-4.38079768e-02) (-3.35616482e-02,3.19101401e-02) (-6.91800292e-07,-4.97513118e-07)
-2.53507014e+00 (-4.12430678e-02,-4.39911418e-02) (-3.39047535e-02,3.22319446e-02) (-7.83215718e-07,-5.63201364e-07)
-2.51503006e+00 (-4.13786101e-02,-4.41728924e-02) (-3.42492853e-02,3.25548214e-02) (-8.86677657e-07,-6.37536386e-07)
-2.49498998e+00 (-4.15106825e-02,-4.43530379e-02) (-3.45952316e-02,3.28787445e-02) (-1.00377059e-06,-7.21653825e-07)
-2.47494990e+00 (-4.16389973e-02,-4.45313780e-02) (-3.49425792e-02,3.32036857e-02) (-1.13628718e-06,-8.16838241e-07)
-2.45490982e+00 (-4.17632527e-02,-4.47077022e-02) (-3.52913133e-02,3.35296146e-02) (-1.28625564e-06,-9.24542630e-07)
-2.43486974e+00 (-4.18831320e-02,-4.48817899e-02) (-3.56414171e-02,3.38564981e-02) (-1.45597067e-06,-1.04641049e-06)
-2.41482966e+00 (-4.19983028e-02,-4.50534091e-02) (-3.59928723e-02,3.41843008e-02) (-1.64802850e-06,-1.18430078e-06)
-2.39478958e+00 (-4.21084168e-02,-4.52223168e-02) (-3.63456587e-02,3.45129846e-02) (-1.86536648e-06,-1.34031617e-06)
-2.37474950e+00 (-4.22131085e-02,-4.53882577e-02) (-3.66997542e-02,3.48425085e-02) (-2.11130794e-06,-1.51683493e-06)
-2.35470942e+00 (-4.23119948e-02,-4.55509643e-02) (-3.70551345e-02,3.51728288e-02) (-2.38961294e-06,-1.71654710e-06)
-2.33466934e+00 (-4.24046740e-02,-4.57101562e-02) (-3.74117733e-02,3.55038984e-02) (-2.70453570e-06,-1.94249531e-06)
-2.31462926e+00 (-4.24907254e-02,-4.58655392e-02) (-3.77696420e-02,3.58356674e-02) (-3.06088957e-06,-2.19812097e-06)
-2.29458918e+00 (-4.25697079e-02,-4.60168052e-02) (-3.81287096e-02,3.61680821e-02) (-3.46412061e-06,-2.48731659e-06)
-2.27454910e+00 (-4.26411598e-02,-4.61636315e-02) (-3.84889427e-02,3.65010857e-02) (-3.92039084e-06,-2.81448485e-06)
-2.25450902e+00 (-4.27045973e-02,-4.63056799e-02) (-3.88503054e-02,3.68346173e-02) (-4.43667245e-06,-3.18460552e-06)
-2.23446894e+00 (-4.27595141e-02,-4.64425965e-02) (-3.92127590e-02,3.71686124e-02) (-5.02085453e-06,-3.60331108e-06)
-2.21442886e+00 (-4.28053799e-02,-4.65740109e-02) (-3.95762618e-02,3.75030025e-02) (-5.68186375e-06,-4.07697232e-06)
-2.19438878e+00 (-4.28416400e-02,-4.66995352e-02) (-3.99407696e-02,3.78377146e-02) (-6.42980113e-06,-4.61279515e-06)
-2.17434870e+00 (-4.28677139e-02,-4.68187641e-02) (-4.03062345e-02,3.81726714e-02) (-7.27609677e-06,-5.21893014e-06)
-2.15430862e+00 (-4.28829946e-02,-4.69312732e-02) (-4.06726060e-02,3.85077910e-02) (-8.23368513e-06,-5.90459643e-06)
-2.13426854e+00 (-4.28868470e-02,-4.70366192e-02) (-4.10398296e-02,3.88429867e-02) (-9.31720342e-06,-6.68022194e-06)
-2.11422846e+00 (-4.28786075e-02,-4.71343388e-02) (-4.14078477e-02,3.91781666e-02) (-1.05432163e-05,-7.55760200e-06)
-2.09418838e+00 (-4.28575821e-02,-4.72239478e-02) (-4.17765988e-02,3.95132335e-02) (-1.19304705e-05,-8.55007881e-06)
-2.07414830e+00 (-4.28230461e-02,-4.73049404e-02) (-4.21460176e-02,3.98480847e-02) (-1.35001828e-05,-9.67274458e-06)
-2.05410822e+00 (-4.27742421e-02,-4.73767888e-02) (-4.25160348e-02,4.01826118e-02) (-1.52763667e-05,-1.09426713e-05)
-2.03406814e+00 (-4.27103793e-02,-4.74389421e-02) (-4.28865766e-02,4.05167001e-02) (-1.72862022e-05,-1.23791708e-05)
-2.01402806e+00 (-4.26306321e-02,-4.74908252e-02) (-4.32575653e-02,4.08502289e-02) (-1.95604550e-05,-1.40040892e-05)
-1.99398798e+00 (-4.25341390e-02,-4.75318388e-02) (-4.36289182e-02,4.11830707e-02) (-2.21339508e-05,-1.58421398e-05)
-1.97394790e+00 (-4.24200008e-02,-4.75613579e-02) (-4.40005480e-02,4.15150912e-02) (-2.50461139e-05,-1.79212803e-05)
-1.95390782e+00 (-4.22872800e-02,-4.75787312e-02) (-4.43723623e-02,4.18461489e-02) (-2.83415764e-05,-2.02731392e-05)
-1.93386774e+00 (-4.21349988e-02,-4.75832802e-02) (-4.47442636e-02,4.21760948e-02) (-3.20708698e-05,-2.29334993e-05)
-1.91382766e+00 (-4.19621383e-02,-4.75742987e-02) (-4.51161490e-02,4.25047721e-02) (-3.62912079e-05,-2.59428441e-05)
-1.89378758e+00 (-4.17676366e-02,-4.75510516e-02) (-4.54879100e-02,4.28320160e-02) (-4.10673757e-05,-2.93469770e-05)
-1.87374749e+00 (-4.15503879e-02,-4.75127742e-02) (-4.58594320e-02,4.31576530e-02) (-4.64727363e-05,-3.31977221e-05)
-1.85370741e+00 (-4.13092408e-02,-4.74586714e-02) (-4.62305946e-02,4.34815010e-02) (-5.25903735e-05,-3.75537179e-05)
-1.83366733e+00 (-4.10429969e-02,-4.73879170e-02) (-4.66012709e-02,4.38033686e-02) (-5.95143874e-05,-4.24813157e-05)
-1.81362725e+00 (-4.07504094e-02,-4.72996528e-02) (-4.69713276e-02,4.41230549e-02) (-6.73513649e-05,-4.80555974e-05)
-1.79358717e+00 (-4.04301817e-02,-4.71929879e-02) (-4.73406242e-02,4.44403490e-02) (-7.62220476e-05,-5.43615274e-05)
-1.77354709e+00 (-4.00809662e-02,-4.70669978e-02) (-4.77090136e-02,4.47550297e-02) (-8.62632254e-05,-6.14952589e-05)
-1.75350701e+00 (-3.97013623e-02,-4.69207242e-02) (-4.80763408e-02,4.50668651e-02) (-9.76298861e-05,-6.95656112e-05)
-1.73346693e+00 (-3.92899156e-02,-4.67531735e-02) (-4.84424437e-02,4.53756121e-02) (-1.10497655e-04,-7.86957455e-05)
-1.71342685e+00 (-3.88451162e-02,-4.65633172e-02) (-4.88071520e-02,4.56810161e-02) (-1.25065569e-04,-8.90250624e-05)
-1.69338677e+00 (-3.83653971e-02,-4.63500906e-02) (-4.91702872e-02,4.59828103e-02) (-1.41559220e-04,-1.00711351e-04)
-1.67334669e+00 (-3.78491334e-02,-4.61123923e-02) (-4.95316624e-02,4.62807156e-02) (-1.60234338e-04,-1.13933227e-04)
-1.65330661e+00 (-3.72946404e-02,-4.58490842e-02) (-4.98910821e-02,4.65744400e-02) (-1.81380856e-04,-1.28892892e-04)
-1.63326653e+00 (-3.67001726e-02,-4.55589911e-02) (-5.02483415e-02,4.68636780e-02) (-2.05327530e-04,-1.45819263e-04)
-1.61322645e+00 (-3.60639224e-02,-4.52408999e-02) (-5.06032266e-02,4.71481101e-02) (-2.32447198e-04,-1.64971520e-04)
-1.59318637e+00 (-3.53840186e-02,-4.48935599e-02) (-5.09555139e-02,4.74274026e-02) (-2.63162761e-04,-1.86643126e-04)
-1.57314629e+00 (-3.46585255e-02,-4.45156827e-02) (-5.13049696e-02,4.77012069e-02) (-2.97953989e-04,-2.11166388e-04)
-1.55310621e+00 (-3.38854415e-02,-4.41059420e-02) (-5.16513502e-02,4.79691591e-02) (-3.37365268e-04,-2.38917622e-04)
-1.53306613e+00 (-3.30626982e-02,-4.36629740e-02) (-5.19944012e-02,4.82308792e-02) (-3.82014426e-04,-2.70323019e-04)
-1.51302605e+00 (-3.21881588e-02,-4.31853776e-02) (-5.23338576e-02,4.84859708e-02) (-4.32602779e-04,-3.05865289e-04)
-1.49298597e+00 (-3.12596178e-02,-4.26717149e-02) (-5.26694432e-02,4.87340207e-02) (-4.89926597e-04,-3.46091202e-04)
-1.47294589e+00 (-3.02747992e-02,-4.21205118e-02) (-5.30008704e-02,4.89745981e-02) (-5.54890165e-04,-3.91620141e-04)
-1.45290581e+00 (-2.92313559e-02,-4.15302588e-02) (-5.33278399e-02,4.92072541e-02) (-6.28520684e-04,-4.43153805e-04)
-1.43286573e+00 (-2.81268686e-02,-4.08994120e-02) (-5.36500407e-02,4.94315211e-02) (-7.11985292e-04,-5.01487215e-04)
-1.41282565e+00 (-2.69588447e-02,-4.02263943e-02) (-5.39671494e-02,4.96469125e-02) (-8.06610489e-04,-5.67521205e-04)
-1.39278557e+00 (-2.57247174e-02,-3.95095967e-02) (-5.42788301e-02,4.98529219e-02) (-9.13904336e-04,-6.42276594e-04)
-1.37274549e+00 (-2.44218441e-02,-3.87473802e-02) (-5.45847343e-02,5.00490224e-02) (-1.03558185e-03,-7.26910269e-04)
-1.35270541e+00 (-2.30475056e-02,-3.79380775e-02) (-5.48845005e-02,5.02346662e-02) (-1.17359404e-03,-8.22733435e-04)
-1.33266533e+00 (-2.15989045e-02,-3.70799950e-02) (-5.51777543e-02,5.04092840e-02) (-1.33016118e-03,-9.31232328e-04)
-1.31262525e+00 (-2.00731634e-02,-3.61714156e-02) (-5.54641077e-02,5.05722843e-02) (-1.50781089e-03,-1.05409172e-03)
-1.29258517e+00 (-1.84673231e-02,-3.52106009e-02) (-5.57431592e-02,5.07230529e-02) (-1.70942188e-03,-1.19322158e-03)
-1.27254509e+00 (-1.67783399e-02,-3.41957945e-02) (-5.60144938e-02,5.08609519e-02) (-1.93827407e-03,-1.35078736e-03)
-1.25250501e+00 (-1.50030830e-02,-3.31252252e-02) (-5.62776826e-02,5.09853195e-02) (-2.19810623e-03,-1.52924433e-03)
-1.23246493e+00 (-1.31383303e-02,-3.19971106e-02) (-5.65322829e-02,5.10954690e-02) (-2.49318229e-03,-1.73137649e-03)
-1.21242485e+00 (-1.11807642e-02,-3.08096609e-02) (-5.67778379e-02,5.11906882e-02) (-2.82836758e-03,-1.96034082e-03)
-1.19238477e+00 (-9.12696563e-03,-2.95610836e-02) (-5.70138768e-02,5.12702385e-02) (-3.20921685e-03,-2.21971726e-03)
-1.17234469e+00 (-6.97340695e-03,-2.82495873e-02) (-5.72399149e-02,5.13333542e-02) (-3.64207573e-03,-2.51356557e-03)
-1.15230461e+00 (-4.71644267e-03,-2.68733875e-02) (-5.74554535e-02,5.13792416e-02) (-4.13419810e-03,-2.84648949e-03)
-1.13226453e+00 (-2.35229829e-03,-2.54307117e-02) (-5.76599799e-02,5.14070781e-02) (-4.69388186e-03,-3.22370956e-03)
-1.11222445e+00 (1.22943937e-04,-2.39198051e-02) (-5.78529677e-02,5.14160110e-02) (-5.33062648e-03,-3.65114530e-03)
-1.09218437e+00 (2.71336269e-03,-2.23389372e-02) (-5.80338767e-02,5.14051564e-02) (-6.05531586e-03,-4.13550809e-03)
-1.07214429e+00 (5.42321968e-03,-2.06864085e-02) (-5.82021534e-02,5.13735977e-02) (-6.88043132e-03,-4.68440588e-03)
-1.05210421e+00 (8.25698713e-03,-1.89605582e-02) (-5.83572313e-02,5.13203846e-02) (-7.82029998e-03,-5.30646099e-03)
-1.03206413e+00 (1.12193821e-02,-1.71597727e-02) (-5.84985309e-02,5.12445306e-02) (-8.89138527e-03,-6.01144242e-03)
-1.01202405e+00 (1.43154092e-02,-1.52824951e-02) (-5.86254603e-02,5.11450115e-02) (-1.01126275e-02,-6.81041381e-03)
-9.91983968e-01 (1.75504135e-02,-1.33272362e-02) (-5.87374156e-02,5.10207627e-02) (-1.15058447e-02,-7.71589832e-03)
-9.71943888e-01 (2.09301473e-02,-1.12925876e-02) (-5.88337818e-02,5.08706764e-02) (-1.30962048e-02,-8.74206140e-03)
-9.51903808e-01 (2.44608523e-02,-9.17723743e-03) (-5.89139330e-02,5.06935980e-02) (-1.49127860e-02,-9.90491176e-03)
-9.31863727e-01 (2.81493630e-02,-6.97999009e-03) (-5.89772336e-02,5.04883224e-02) (-1.69892423e-02,-1.12225202e-02)
-9.11823647e-01 (3.20032361e-02,-4.69979167e-03) (-5.90230391e-02,5.02535880e-02) (-1.93645984e-02,-1.27152548e-02)
-8.91783567e-01 (3.60309129e-02,-2.33576320e-03) (-5.90506973e-02,4.99880714e-02) (-2.20842043e-02,-1.44060280e-02)
-8.71743487e-01 (4.02419233e-02,1.12754219e-04) (-5.90595500e-02,4.96903793e-02) (-2.52008873e-02,-1.63205489e-02)
-8.51703407e-01 (4.46471443e-02,2.64613729e-03) (-5.90489348e-02,4.93590393e-02) (-2.87763504e-02,-1.84875676e-02)
-8.31663327e-01 (4.92591278e-02,5.26439322e-03) (-5.90181875e-02,4.89924881e-02) (-3.28828816e-02,-2.09390913e-02)
-8.11623246e-01 (5.40925179e-02,7.96703521e-03) (-5.89666457e-02,4.85890569e-02) (-3.76054578e-02,-2.37105362e-02)
-7.91583166e-01 (5.91645860e-02,1.07529023e-02) (-5.88936527e-02,4.81469537e-02) (-4.30443543e-02,-2.68407634e-02)
-7.71543086e-01 (6.44959193e-02,1.36198954e-02) (-5.87985642e-02,4.76642398e-02) (-4.93184059e-02,-3.03719073e-02)
-7.51503006e-01 (7.01113124e-02,1.65645862e-02) (-5.86807565e-02,4.71388011e-02) (-5.65691196e-02,-3.43488605e-02)
-7.31462926e-01 (7.60409267e-02,1.95816299e-02) (-5.85396388e-02,4.65683114e-02) (-6.49659014e-02,-3.88181861e-02)
-7.11422846e-01 (8.23218049e-02,2.26628744e-02) (-5.83746709e-02,4.59501854e-02) (-7.47127529e-02,-4.38260971e-02)
-6.91382766e-01 (8.89998562e-02,2.57959899e-02) (-5.81853895e-02,4.52815177e-02) (-8.60569102e-02,-4.94149036e-02)
-6.71342685e-01 (9.61324559e-02,2.89623353e-02) (-5.79714471e-02,4.45590053e-02) (-9.93000379e-02,-5.56169485e-02)
-6.51302605e-01 (1.03791834e-01,3.21335875e-02) (-5.77326716e-02,4.37788460e-02) (-1.14812736e-01,-6.24443836e-02)
-6.31262525e-01 (1.12069419e-01,3.52663427e-02) (-5.74691585e-02,4.29366079e-02) (-1.33053192e-01,-6.98720064e-02)
-6.11222445e-01 (1.21081212e-01,3.82933470e-02) (-5.71814142e-02,4.20270595e-02) (-1.54590591e-01,-7.78084074e-02)
-5.91182365e-01 (1.30973886e-01,4.11090730e-02) (-5.68705852e-02,4.10439557e-02) (-1.80132818e-01,-8.60472884e-02)
-5.71142285e-01 (1.41930214e-01,4.35457968e-02) (-5.65388275e-02,3.99797723e-02) (-2.10554557e-01,-9.41851128e-02)
-5.51102204e-01 (1.54169582e-01,4.53339517e-02) (-5.61899094e-02,3.88254072e-02) (-2.46912481e-01,-1.01482353e-01)
-5.31062124e-01 (1.67932160e-01,4.60377723e-02) (-5.58302006e-02,3.75699071e-02) (-2.90410232e-01,-1.06634494e-01)
-5.11022044e-01 (1.83418822e-01,4.49576281e-02) (-5.54702809e-02,3.62004155e-02) (-3.42219320e-01,-1.07416397e-01)
-4.90981964e-01 (2.00626238e-01,4.10083513e-02) (-5.51274561e-02,3.47028394e-02) (-4.02946093e-01,-1.00216563e-01)
-4.70941884e-01 (2.18976173e-01,3.26606840e-02) (-5.48292686e-02,3.30643742e-02) (-4.71375397e-01,-7.97317581e-02)
-4.50901804e-01 (2.36691414e-01,1.82367785e-02) (-5.46169283e-02,3.12799653e-02) (-5.42237230e-01,-3.98098188e-02)
-4.30861723e-01 (2.50328387e-01,-2.95001952e-03) (-5.45442047e-02,2.93645885e-02) (-6.04266287e-01,2.26965238e-02)
-4.10821643e-01 (2.55738685e-01,-2.88124491e-02) (-5.46630409e-02,2.73670166e-02) (-6.43251740e-01,1.01333249e-01)
-3.90781563e-01 (2.50975468e-01,-5.42811972e-02) (-5.49945796e-02,2.53670700e-02) (-6.52744675e-01,1.79015641e-01)
-3.70741483e-01 (2.38180959e-01,-7.43045266e-02) (-5.55115245e-02,2.34439532e-02) (-6.40719156e-01,2.39543604e-01)
-3.50701403e-01 (2.21714745e-01,-8.69236800e-02) (-5.61560532e-02,2.16440009e-02) (-6.21412097e-01,2.78171504e-01)
-3.30661323e-01 (2.05110140e-01,-9.30666422e-02) (-5.68702514e-02,1.99782718e-02) (-6.04794229e-01,2.99014279e-01)
-3.10621242e-01 (1.90078916e-01,-9.46169494e-02) (-5.76108023e-02,1.84378705e-02) (-5.94672837e-01,3.08011704e-01)
-2.90581162e-01 (1.77078749e-01,-9.32025332e-02) (-5.83492338e-02,1.70070983e-02) (-5.91316617e-01,3.09594454e-01)
-2.70541082e-01 (1.66012659e-01,-8.99296957e-02) (-5.90676756e-02,1.56699060e-02) (-5.93709332e-01,3.06390688e-01)
-2.50501002e-01 (1.56617551e-01,-8.54857530e-02) (-5.97549484e-02,1.44121109e-02) (-6.00592392e-01,2.99788581e-01)
-2.30460922e-01 (1.48621978e-01,-8.02864083e-02) (-6.04039258e-02,1.32217760e-02) (-6.10808756e-01,2.90459287e-01)
-2.10420842e-01 (1.41795523e-01,-7.45837901e-02) (-6.10099264e-02,1.20889617e-02) (-6.23369853e-01,2.78693067e-01)
-1.90380762e-01 (1.35956635e-01,-6.85336570e-02) (-6.15697646e-02,1.10053329e-02) (-6.37437230e-01,2.64594199e-01)
-1.70340681e-01 (1.30967111e-01,-6.22350354e-02) (-6.20811939e-02,9.96378786e-03) (-6.52288532e-01,2.48191871e-01)
-1.50300601e-01 (1.26723686e-01,-5.57533098e-02) (-6.25425768e-02,8.95815164e-03) (-6.67288953e-01,2.29504291e-01)
-1.30260521e-01 (1.23150151e-01,-4.91337357e-02) (-6.29526886e-02,7.98293666e-03) (-6.81872520e-01,2.08576605e-01)
-1.10220441e-01 (1.20190875e-01,-4.24094353e-02) (-6.33105991e-02,7.03315931e-03) (-6.95532436e-01,1.85503287e-01)
-9.01803607e-02 (1.17805726e-01,-3.56061879e-02) (-6.36156016e-02,6.10420155e-03) (-7.07818425e-01,1.60440300e-01)
-7.01402806e-02 (1.15966185e-01,-2.87453335e-02) (-6.38671688e-02,5.19170709e-03) (-7.18338970e-01,1.33609622e-01)
-5.01002004e-02 (1.14652418e-01,-2.18455495e-02) (-6.40649274e-02,4.29150367e-03) (-7.26766510e-01,1.05297491e-01)
-3.00601202e-02 (1.13851118e-01,-1.49239502e-02) (-6.42086423e-02,3.39954505e-03) (-7.32843917e-01,7.58472555e-02)
-1.00200401e-02 (1.13553986e-01,-7.99678022e-03) (-6.42982076e-02,2.51186697e-03) (-7.36390855e-01,4.56476811e-02)
1.00200401e-02 (1.13756759e-01,-1.07987568e-03) (-6.43336421e-02,1.62455288e-03) (-7.37308883e-01,1.51177375e-02)
3.00601202e-02 (1.14458721e-01,5.81099000e-03) (-6.43150874e-02,7.33705207e-04) (-7.35584495e-01,-1.53109001e-02)
5.01002004e-02 (1.15662693e-01,1.26597858e-02) (-6.42428090e-02,-1.64581437e-04) (-7.31289672e-01,-4.52122136e-02)
7.01402806e-02 (1.17375475e-01,1.94498459e-02) (-6.41171990e-02,-1.07424872e-03) (-7.24579882e-01,-7.41835745e-02)
9.01803607e-02 (1.19608769e-01,2.61633447e-02) (-6.39387833e-02,-1.99930830e-03) (-7.15689886e-01,-1.01861397e-01)
1.10220441e-01 (1.22380633e-01,3.27805038e-02) (-6.37082329e-02,-2.94388479e-03) (-7.04928066e-01,-1.27933413e-01)
1.30260521e-01 (1.25717538e-01,3.92783553e-02) (-6.34263827e-02,-3.91227211e-03) (-6.92670334e-01,-1.52146459e-01)
1.50300601e-01 (1.29657135e-01,4.56287815e-02) (-6.30942626e-02,-4.90900862e-03) (-6.79354961e-01,-1.74308828e-01)
1.70340681e-01 (1.34251904e-01,5.17953768e-02) (-6.27131472e-02,-5.93897682e-03) (-6.65479937e-01,-1.94286171e-01)
1.90380762e-01 (1.39573845e-01,5.77283640e-02) (-6.22846355e-02,-7.00753537e-03) (-6.51604667e-01,-2.11989477e-01)
2.10420842e-01 (1.45720340e-01,6.33562477e-02) (-6.18107800e-02,-8.12069223e-03) (-6.38357940e-01,-2.27352422e-01)
2.30460922e-01 (1.52821025e-01,6.85719223e-02) (-6.12942973e-02,-9.28532827e-03) (-6.26453811e-01,-2.40292700e-01)
2.50501002e-01 (1.61044528e-01,7.32092795e-02) (-6.07389143e-02,-1.05094778e-02) (-6.16715453e-01,-2.50646763e-01)
2.70541082e-01 (1.70601238e-01,7.70036625e-02) (-6.01499439e-02,-1.18026576e-02) (-6.10101267e-01,-2.58057922e-01)
2.90581162e-01 (1.81730996e-01,7.95259864e-02) (-5.95352498e-02,-1.31761905e-02) (-6.07709812e-01,-2.61782449e-01)
3.10621242e-01 (1.94646960e-01,8.00793319e-02) (-5.89068523e-02,-1.46433425e-02) (-6.10690903e-01,-2.60361914e-01)
3.30661323e-01 (2.09369705e-01,7.75640300e-02) (-5.82835088e-02,-1.62187683e-02) (-6.19870324e-01,-2.51129684e-01)
3.50701403e-01 (2.25336320e-01,7.04026177e-02) (-5.76944286e-02,-1.79160553e-02) (-6.34681467e-01,-2.29725762e-01)
3.70741483e-01 (2.40727313e-01,5.68502064e-02) (-5.71830270e-02,-1.97410594e-02) (-6.50958359e-01,-1.90539671e-01)
3.90781563e-01 (2.51988143e-01,3.62298155e-02) (-5.68057881e-02,-2.16789271e-02) (-6.58568366e-01,-1.30183035e-01)
4.10821643e-01 (2.54943822e-01,1.07730931e-02) (-5.66167092e-02,-2.36799522e-02) (-6.43764781e-01,-5.43130007e-02)
4.30861723e-01 (2.47820494e-01,-1.43825708e-02) (-5.66373910e-02,-2.56640210e-02) (-5.99767253e-01,2.05196541e-02)
4.50901804e-01 (2.32886103e-01,-3.43600981e-02) (-5.68415269e-02,-2.75536994e-02) (-5.34107501e-01,7.78692892e-02)
4.70941884e-01 (2.14381584e-01,-4.73786288e-02) (-5.71744828e-02,-2.93043248e-02) (-4.61265254e-01,1.12321969e-01)
4.90981964e-01 (1.95663033e-01,-5.43504893e-02) (-5.75821147e-02,-3.09047543e-02) (-3.92157653e-01,1.27751211e-01)
5.11022044e-01 (1.78372636e-01,-5.70543041e-02) (-5.80240495e-02,-3.23627850e-02) (-3.31573555e-01,1.30592704e-01)
5.31062124e-01 (1.62977903e-01,-5.70404573e-02) (-5.84739455e-02,-3.36929438e-02) (-2.80352705e-01,1.26167953e-01)
5.51102204e-01 (1.49408418e-01,-5.53814725e-02) (-5.89156639e-02,-3.49103354e-02) (-2.37649854e-01,1.18003140e-01)
5.71142285e-01 (1.37418160e-01,-5.27550419e-02) (-5.93396279e-02,-3.60283860e-02) (-2.02155482e-01,1.08216201e-01)
5.91182365e-01 (1.26740204e-01,-4.95754553e-02) (-5.97402918e-02,-3.70583547e-02) (-1.72590883e-01,9.80132565e-02)
6.11222445e-01 (1.17139451e-01,-4.60941877e-02) (-6.01145548e-02,-3.80094954e-02) (-1.47861003e-01,8.80521950e-02)
6.31262525e-01 (1.08423894e-01,-4.24645658e-02) (-6.04608021e-02,-3.88893922e-02) (-1.27073487e-01,7.86713369e-02)
6.51302605e-01 (1.00441432e-01,-3.87809107e-02) (-6.07783296e-02,-3.97042977e-02) (-1.09514254e-01,7.00255118e-02)
6.71342685e-01 (9.30728655e-02,-3.51018068e-02) (-6.10669967e-02,-4.04594186e-02) (-9.46141289e-02,6.21655215e-02)
6.91382766e-01 (8.62249006e-02,-3.14639404e-02) (-6.13270152e-02,-4.11591441e-02) (-8.19181659e-02,5.50843610e-02)
7.11422846e-01 (7.98242384e-02,-2.78903997e-02) (-6.15588179e-02,-4.18072227e-02) (-7.10605506e-02,4.87441356e-02)
7.31462926e-01 (7.38129164e-02,-2.43957142e-02) (-6.17629773e-02,-4.24068977e-02) (-6.17450014e-02,4.30917492e-02)
7.51503006e-01 (6.81447317e-02,-2.09889553e-02) (-6.19401537e-02,-4.29610118e-02) (-5.37297366e-02,3.80680170e-02)
7.71543086e-01 (6.27825260e-02,-1.76756674e-02) (-6.20910612e-02,-4.34720859e-02) (-4.68159978e-02,3.36128932e-02)
7.91583166e-01 (5.76961318e-02,-1.44590875e-02) (-6.22164467e-02,-4.39423819e-02) (-4.08392695e-02,2.96683899e-02)
8.11623246e-01 (5.28608145e-02,-1.13409226e-02) (-6.23170750e-02,-4.43739493e-02) (-3.56625208e-02,2.61801142e-02)
8.31663327e-01 (4.82560870e-02,-8.32185058e-03) (-6.23937196e-02,-4.47686632e-02) (-3.11709641e-02,2.30979833e-02)
8.51703407e-01 (4.38648021e-02,-5.40184673e-03) (-6.24471560e-02,-4.51282529e-02) (-2.72679541e-02,2.03764506e-02)
8.71743487e-01 (3.96724541e-02,-2.58039731e-03) (-6.24781573e-02,-4.54543254e-02) (-2.38717503e-02,1.79744490e-02)
8.91783567e-01 (3.56666381e-02,1.43358518e-04) (-6.24874909e-02,-4.57483834e-02) (-2.09129388e-02,1.58551749e-02)
9.11823647e-01 (3.18366286e-02,2.77053411e-03) (-6.24759164e-02,-4.60118400e-02) (-1.83323619e-02,1.39857917e-02)
9.31863727e-01 (2.81730498e-02,5.30243128e-03) (-6.24441839e-02,-4.62460301e-02) (-1.60794417e-02,1.23370971e-02)
9.51903808e-01 (2.46676165e-02,7.74049640e-03) (-6.23930327e-02,-4.64522203e-02) (-1.41108130e-02,1.08831839e-02)
9.71943888e-01 (2.13129287e-02,1.00862897e-02) (-6.23231902e-02,-4.66316161e-02) (-1.23892005e-02,9.60110982e-03)
9.91983968e-01 (1.81023093e-02,1.23414633e-02) (-6.22353713e-02,-4.67853683e-02) (-1.08824912e-02,8.47058620e-03)
1.01202405e+00 (1.50296744e-02,1.45077449e-02) (-6.21302776e-02,-4.69145781e-02) (-9.56296341e-03,7.47368954e-03)
1.03206413e+00 (1.20894302e-02,1.65869251e-02) (-6.20085969e-02,-4.70203011e-02) (-8.40664278e-03,6.59459819e-03)
1.05210421e+00 (9.27639001e-03,1.85808476e-02) (-6.18710030e-02,-4.71035511e-02) (-7.39276159e-03,5.81935407e-03)
1.07214429e+00 (6.58570791e-03,2.04914006e-02) (-6.17181548e-02,-4.71653028e-02) (-6.50330332e-03,5.13564848e-03)
1.09218437e+00 (4.01282577e-03,2.23205094e-02) (-6.15506965e-02,-4.72064941e-02) (-5.72261715e-03,4.53263064e-03)
1.11222445e+00 (1.55343026e-03,2.40701299e-02) (-6.13692571e-02,-4.72280283e-02) (-5.03709074e-03,4.00073712e-03)
1.13226453e+00 (-7.96581542e-04,2.57422424e-02) (-6.11744500e-02,-4.72307761e-02) (-4.43487153e-03,3.53154035e-03)
1.15230461e+00 (-3.04112980e-03,2.73388461e-02) (-6.09668733e-02,-4.72155767e-02) (-3.90562871e-03,3.11761443e-03)
1.17234469e+00 (-5.18397418e-03,2.88619533e-02) (-6.07471093e-02,-4.71832394e-02) (-3.44034948e-03,2.75241631e-03)
1.19238477e+00 (-7.22873176e-03,3.03135847e-02) (-6.05157245e-02,-4.71345447e-02) (-3.03116412e-03,2.43018092e-03)
1.21242485e+00 (-9.17889140e-03,3.16957645e-02) (-6.02732697e-02,-4.70702452e-02) (-2.67119559e-03,2.14582852e-03)
1.23246493e+00 (-1.10378253e-02,3.30105153e-02) (-6.00202797e-02,-4.69910670e-02) (-2.35442991e-03,1.89488307e-03)
1.25250501e+00 (-1.28087981e-02,3.42598543e-02) (-5.97572737e-02,-4.68977101e-02) (-2.07560433e-03,1.67340020e-03)
1.27254509e+00 (-1.44949747e-02,3.54457889e-02) (-5.94847549e-02,-4.67908493e-02) (-1.83011055e-03,1.47790382e-03)
1.29258517e+00 (-1.60994258e-02,3.65703128e-02) (-5.92032112e-02,-4.66711353e-02) (-1.61391101e-03,1.30533024e-03)
1.31262525e+00 (-1.76251329e-02,3.76354026e-02) (-5.89131148e-02,-4.65391950e-02) (-1.42346629e-03,1.15297899e-03)
1.33266533e+00 (-1.90749924e-02,3.86430142e-02) (-5.86149224e-02,-4.63956322e-02) (-1.25567208e-03,1.01846952e-03)
1.35270541e+00 (-2.04518183e-02,3.95950799e-02) (-5.83090757e-02,-4.62410288e-02) (-1.10780438e-03,8.99703054e-04)
1.37274549e+00 (-2.17583452e-02,4.04935055e-02) (-5.79960013e-02,-4.60759445e-02) (-9.77471892e-04,7.94829078e-04)
1.39278557e+00 (-2.29972301e-02,4.13401679e-02) (-5.76761111e-02,-4.59009184e-02) (-8.62574479e-04,7.02215755e-04)
1.41282565e+00 (-2.41710545e-02,4.21369126e-02) (-5.73498023e-02,-4.57164688e-02) (-7.61267020e-04,6.20423943e-04)
1.43286573e+00 (-2.52823258e-02,4.28855519e-02) (-5.70174579e-02,-4.55230943e-02) (-6.71927846e-04,5.48184294e-04)
1.45290581e+00 (-2.63334789e-02,4.35878628e-02) (-5.66794470e-02,-4.53212741e-02) (-5.93131195e-04,4.84377098e-04)
1.47294589e+00 (-2.73268770e-02,4.42455858e-02) (-5.63361246e-02,-4.51114687e-02) (-5.23623140e-04,4.28014540e-04)
1.49298597e+00 (-2.82648131e-02,4.48604234e-02) (-5.59878326e-02,-4.48941205e-02) (-4.62300548e-04,3.78225064e-04)
1.51302605e+00 (-2.91495111e-02,4.54340388e-02) (-5.56348995e-02,-4.46696540e-02) (-4.08192666e-04,3.34239616e-04)
1.53306613e+00 (-2.99831267e-02,4.59680553e-02) (-5.52776412e-02,-4.44384768e-02) (-3.60445010e-04,2.95379515e-04)
1.55310621e+00 (-3.07677487e-02,4.64640552e-02) (-5.49163608e-02,-4.42009799e-02) (-3.18305246e-04,2.61045777e-04)
1.57314629e+00 (-3.15053997e-02,4.69235798e-02) (-5.45513494e-02,-4.39575381e-02) (-2.81110822e-04,2.30709702e-04)
1.59318637e+00 (-3.21980377e-02,4.73481282e-02) (-5.41828860e-02,-4.37085107e-02) (-2.48278119e-04,2.03904587e-04)
1.61322645e+00 (-3.28475566e-02,4.77391581e-02) (-5.38112383e-02,-4.34542421e-02) (-2.19292944e-04,1.80218417e-04)
1.63326653e+00 (-3.34557879e-02,4.80980846e-02) (-5.34366627e-02,-4.31950619e-02) (-1.93702174e-04,1.59287423e-04)
1.65330661e+00 (-3.40245016e-02,4.84262810e-02) (-5.30594046e-02,-4.29312859e-02) (-1.71106432e-04,1.40790411e-04)
1.67334669e+00 (-3.45554073e-02,4.87250788e-02) (-5.26796988e-02,-4.26632160e-02) (-1.51153645e-04,1.24443750e-04)
1.69338677e+00 (-3.50501555e-02,4.89957677e-02) (-5.22977701e-02,-4.23911413e-02) (-1.33533391e-04,1.09996964e-04)
1.71342685e+00 (-3.55103392e-02,4.92395962e-02) (-5.19138331e-02,-4.21153378e-02) (-1.17971928e-04,9.72288371e-05)
1.73346693e+00 (-3.59374946e-02,4.94577720e-02) (-5.15280930e-02,-4.18360698e-02) (-1.04227821e-04,8.59439847e-05)
1.75350701e+00 (-3.63331026e-02,4.96514626e-02) (-5.11407457e-02,-4.15535894e-02) (-9.20881020e-05,7.59698220e-05)
1.77354709e+00 (-3.66985905e-02,4.98217956e-02) (-5.07519780e-02,-4.12681376e-02) (-8.13648840e-05,6.71538958e-05)
1.79358717e+00 (-3.70353327e-02,4.99698595e-02) (-5.03619681e-02,-4.09799441e-02) (-7.18923896e-05,5.93615268e-05)
1.81362725e+00 (-3.73446527e-02,5.00967049e-02) (-4.99708860e-02,-4.06892286e-02) (-6.35243300e-05,5.24737310e-05)
1.83366733e+00 (-3.76278238e-02,5.02033442e-02) (-4.95788934e-02,-4.03962001e-02) (-5.61315993e-05,4.63853843e-05)
1.85370741e+00 (-3.78860711e-02,5.02907534e-02) (-4.91861443e-02,-4.01010582e-02) (-4.96002442e-05,4.10036032e-05)
1.87374749e+00 (-3.81205723e-02,5.03598724e-02) (-4.87927854e-02,-3.98039929e-02) (-4.38296751e-05,3.62463153e-05)
1.89378758e+00 (-3.83324595e-02,5.04116060e-02) (-4.83989559e-02,-3.95051855e-02) (-3.87310907e-05,3.20409977e-05)
1.91382766e+00 (-3.85228203e-02,5.04468246e-02) (-4.80047883e-02,-3.92048082e-02) (-3.42260888e-05,2.83235627e-05)
1.93386774e+00 (-3.86926992e-02,5.04663655e-02) (-4.76104084e-02,-3.89030252e-02) (-3.02454431e-05,2.50373745e-05)
1.95390782e+00 (-3.88430991e-02,5.04710333e-02) (-4.72159353e-02,-3.85999925e-02) (-2.67280244e-05,2.21323804e-05)
1.97394790e+00 (-3.89749822e-02,5.04616012e-02) (-4.68214824e-02,-3.82958585e-02) (-2.36198487e-05,1.95643444e-05)
1.99398798e+00 (-3.90892720e-02,5.04388115e-02) (-4.64271568e-02,-3.79907643e-02) (-2.08732396e-05,1.72941693e-05)
2.01402806e+00 (-3.91868537e-02,5.04033769e-02) (-4.60330601e-02,-3.76848438e-02) (-1.84460876e-05,1.52872992e-05)
2.03406814e+00 (-3.92685765e-02,5.03559815e-02) (-4.56392884e-02,-3.73782243e-02) (-1.63011982e-05,1.35131904e-05)
2.05410822e+00 (-3.93352537e-02,5.02972812e-02) (-4.52459325e-02,-3.70710264e-02) (-1.44057162e-05,1.19448453e-05)
2.07414830e+00 (-3.93876651e-02,5.02279048e-02) (-4.48530784e-02,-3.67633646e-02) (-1.27306179e-05,1.05584000e-05)
2.09418838e+00 (-3.94265573e-02,5.01484552e-02) (-4.44608070e-02,-3.64553475e-02) (-1.12502625e-05,9.33275961e-06)
2.11422846e+00 (-3.94526452e-02,5.00595101e-02) (-4.40691947e-02,-3.61470777e-02) (-9.94199738e-06,8.24927710e-06)
2.13426854e+00 (-3.94666133e-02,4.99616224e-02) (-4.36783136e-02,-3.58386528e-02) (-8.78580840e-06,7.29146854e-06)
2.15430862e+00 (-3.94691166e-02,4.98553218e-02) (-4.32882315e-02,-3.55301648e-02) (-7.76401209e-06,6.44476202e-06)
2.17434870e+00 (-3.94607817e-02,4.97411153e-02) (-4.28990120e-02,-3.52217007e-02) (-6.86098356e-06,5.69627567e-06)
2.19438878e+00 (-3.94422082e-02,4.96194878e-02) (-4.25107150e-02,-3.49133429e-02) (-6.06291633e-06,5.03462140e-06)
2.21442886e+00 (-3.94139691e-02,4.94909033e-02) (-4.21233967e-02,-3.46051692e-02) (-5.35761034e-06,4.44973162e-06)
2.23446894e+00 (-3.93766126e-02,4.93558052e-02) (-4.17371097e-02,-3.42972528e-02) (-4.73428467e-06,3.93270598e-06)
2.25450902e+00 (-3.93306622e-02,4.92146178e-02) (-4.13519032e-02,-3.39896630e-02) (-4.18341218e-06,3.47567597e-06)
2.27454910e+00 (-3.92766186e-02,4.90677461e-02) (-4.09678231e-02,-3.36824649e-02) (-3.69657352e-06,3.07168520e-06)
2.29458918e+00 (-3.92149597e-02,4.89155774e-02) (-4.05849124e-02,-3.33757199e-02) (-3.26632810e-06,2.71458370e-06)
2.31462926e+00 (-3.91461423e-02,4.87584814e-02) (-4.02032109e-02,-3.30694856e-02) (-2.88610022e-06,2.39893433e-06)
2.33466934e+00 (-3.90706023e-02,4.85968111e-02) (-3.98227558e-02,-3.27638162e-02) (-2.55007836e-06,2.11993018e-06)
2.35470942e+00 (-3.89887561e-02,4.84309035e-02) (-3.94435814e-02,-3.24587627e-02) (-2.25312632e-06,1.87332148e-06)
2.37474950e+00 (-3.89010009e-02,4.82610804e-02) (-3.90657196e-02,-3.21543728e-02) (-1.99070470e-06,1.65535105e-06)
2.39478958e+00 (-3.88077158e-02,4.80876484e-02) (-3.86891998e-02,-3.18506910e-02) (-1.75880144e-06,1.46269720e-06)
2.41482966e+00 (-3.87092625e-02,4.79109003e-02) (-3.83140489e-02,-3.15477592e-02) (-1.55387059e-06,1.29242321e-06)
2.43486974e+00 (-3.86059861e-02,4.77311150e-02) (-3.79402919e-02,-3.12456163e-02) (-1.37277807e-06,1.14193279e-06)
2.45490982e+00 (-3.84982156e-02,4.75485587e-02) (-3.75679513e-02,-3.09442989e-02) (-1.21275386e-06,1.00893060e-06)
2.47494990e+00 (-3.83862647e-02,4.73634849e-02) (-3.71970479e-02,-3.06438406e-02) (-1.07134966e-06,8.91387333e-07)
2.49498998e+00 (-3.82704324e-02,4.71761350e-02) (-3.68276003e-02,-3.03442731e-02) (-9.46401540e-07,7.87508969e-07)
2.51503006e+00 (-3.81510036e-02,4.69867394e-02) (-3.64596253e-02,-3.00456254e-02) (-8.35996883e-07,6.95709452e-07)
2.53507014e+00 (-3.80282501e-02,4.67955170e-02) (-3.60931382e-02,-2.97479247e-02) (-7.38445222e-07,6.14586617e-07)
2.55511022e+00 (-3.79024304e-02,4.66026765e-02) (-3.57281523e-02,-2.94511959e-02) (-6.52252428e-07,5.42900877e-07)
2.57515030e+00 (-3.77737910e-02,4.64084165e-02) (-3.53646795e-02,-2.91554619e-02) (-5.76097905e-07,4.79556386e-07)
2.59519038e+00 (-3.76425665e-02,4.62129260e-02) (-3.50027302e-02,-2.88607438e-02) (-5.08814452e-07,4.23584385e-07)
2.61523046e+00 (-3.75089805e-02,4.60163847e-02) (-3.46423132e-02,-2.85670610e-02) (-4.49370441e-07,3.74128473e-07)
2.63527054e+00 (-3.73732455e-02,4.58189637e-02) (-3.42834360e-02,-2.82744311e-02) (-3.96854084e-07,3.30431587e-07)
2.65531062e+00 (-3.72355640e-02,4.56208255e-02) (-3.39261049e-02,-2.79828700e-02) (-3.50459514e-07,2.91824492e-07)
2.67535070e+00 (-3.70961286e-02,4.54221246e-02) (-3.35703249e-02,-2.76923922e-02) (-3.09474490e-07,2.57715601e-07)
2.69539078e+00 (-3.69551225e-02,4.52230080e-02) (-3.32160998e-02,-2.74030107e-02) (-2.73269526e-07,2.27581977e-07)
2.71543086e+00 (-3.68127200e-02,4.50236151e-02) (-3.28634322e-02,-2.71147370e-02) (-2.41288284e-07,2.00961371e-07)
2.73547094e+00 (-3.66690867e-02,4.48240784e-02) (-3.25123238e-02,-2.68275814e-02) (-2.13039079e-07,1.77445193e-07)
2.75551102e+00 (-3.65243804e-02,4.46245239e-02) (-3.21627753e-02,-2.65415529e-02) (-1.88087375e-07,1.56672289e-07)
2.77555110e+00 (-3.63787507e-02,4.44250710e-02) (-3.18147862e-02,-2.62566592e-02) (-1.66049148e-07,1.38323439e-07)
2.79559118e+00 (-3.62323400e-02,4.42258330e-02) (-3.14683553e-02,-2.59729071e-02) (-1.46585018e-07,1.22116499e-07)
2.81563126e+00 (-3.60852835e-02,4.40269174e-02) (-3.11234806e-02,-2.56903020e-02) (-1.29395072e-07,1.07802096e-07)
2.83567134e+00 (-3.59377097e-02,4.38284264e-02) (-3.07801590e-02,-2.54088486e-02) (-1.14214270e-07,9.51598318e-08)
2.85571142e+00 (-3.57897405e-02,4.36304564e-02) (-3.04383869e-02,-2.51285502e-02) (-1.00808405e-07,8.39949193e-08)
2.87575150e+00 (-3.56414919e-02,4.34330993e-02) (-3.00981599e-02,-2.48494097e-02) (-8.89705137e-08,7.41352120e-08)
2.89579158e+00 (-3.54930737e-02,4.32364419e-02) (-2.97594727e-02,-2.45714287e-02) (-7.85177171e-08,6.54285768e-08)
2.91583166e+00 (-3.53445904e-02,4.30405663e-02) (-2.94223197e-02,-2.42946082e-02) (-6.92884182e-08,5.77405709e-08)
2.93587174e+00 (-3.51961409e-02,4.28455505e-02) (-2.90866944e-02,-2.40189482e-02) (-6.11398324e-08,5.09523899e-08)
2.95591182e+00 (-3.50478192e-02,4.26514681e-02) (-2.87525897e-02,-2.37444481e-02) (-5.39457987e-08,4.49590504e-08)
2.97595190e+00 (-3.48997144e-02,4.24583890e-02) (-2.84199981e-02,-2.34711065e-02) (-4.75948487e-08,3.96677865e-08)
2.99599198e+00 (-3.47519108e-02,4.22663789e-02) (-2.80889114e-02,-2.31989215e-02) (-4.19884991e-08,3.49966304e-08)
3.01603206e+00 (-3.46044886e-02,4.20755004e-02) (-2.77593212e-02,-2.29278903e-02) (-3.70397411e-08,3.08731585e-08)
3.03607214e+00 (-3.44575235e-02,4.18858121e-02) (-2.74312182e-02,-2.26580096e-02) (-3.26717064e-08,2.72333818e-08)
3.05611222e+00 (-3.43110873e-02,4.16973699e-02) (-2.71045931e-02,-2.23892757e-02) (-2.88164876e-08,2.40207663e-08)
3.07615230e+00 (-3.41652482e-02,4.15102262e-02) (-2.67794357e-02,-2.21216840e-02) (-2.54140957e-08,2.11853662e-08)
3.09619238e+00 (-3.40200705e-02,4.13244306e-02) (-2.64557358e-02,-2.18552297e-02) (-2.24115394e-08,1.86830582e-08)
3.11623246e+00 (-3.38756152e-02,4.11400298e-02) (-2.61334827e-02,-2.15899073e-02) (-1.97620102e-08,1.64748642e-08)
3.13627255e+00 (-3.37319399e-02,4.09570679e-02) (-2.58126652e-02,-2.13257111e-02) (-1.74241626e-08,1.45263527e-08)
3.15631263e+00 (-3.35890991e-02,4.07755864e-02) (-2.54932720e-02,-2.10626345e-02) (-1.53614780e-08,1.28071100e-08)
3.17635271e+00 (-3.34471444e-02,4.05956244e-02) (-2.51752913e-02,-2.08006710e-02) (-1.35417031e-08,1.12902727e-08)
3.19639279e+00 (-3.33061246e-02,4.04172186e-02) (-2.48587111e-02,-2.05398134e-02) (-1.19363527e-08,9.95211413e-09)
3.21643287e+00 (-3.31660856e-02,4.02404037e-02) (-2.45435192e-02,-2.02800543e-02) (-1.05202699e-08,8.77167873e-09)
3.23647295e+00 (-3.30270709e-02,4.00652121e-02) (-2.42297028e-02,-2.00213856e-02) (-9.27123999e-09,7.73046067e-09)
3.25651303e+00 (-3.28891216e-02,3.98916744e-02) (-2.39172493e-02,-1.97637994e-02) (-8.16964564e-09,6.81211686e-09)
3.27655311e+00 (-3.27522763e-02,3.97198193e-02) (-2.36061456e-02,-1.95072872e-02) (-7.19816459e-09,6.00221542e-09)
3.29659319e+00 (-3.26165716e-02,3.95496735e-02) (-2.32963784e-02,-1.92518400e-02) (-6.34150278e-09,5.28801352e-09)
3.31663327e+00 (-3.24820418e-02,3.93812623e-02) (-2.29879343e-02,-1.89974490e-02) (-5.58615622e-09,4.65825925e-09)
3.33667335e+00 (-3.23487194e-02,3.92146093e-02) (-2.26807996e-02,-1.87441047e-02) (-4.92020311e-09,4.10301848e-09)
3.35671343e+00 (-3.22166349e-02,3.90497363e-02) (-2.23749604e-02,-1.84917976e-02) (-4.33311876e-09,3.61352086e-09)
3.37675351e+00 (-3.20858171e-02,3.88866642e-02) (-2.20704029e-02,-1.82405180e-02) (-3.81561228e-09,3.18202381e-09)
3.39679359e+00 (-3.19562929e-02,3.87254119e-02) (-2.17671128e-02,-1.79902558e-02) (-3.35948296e-09,2.80169293e-09)
3.41683367e+00 (-3.18280878e-02,3.85659975e-02) (-2.14650758e-02,-1.77410008e-02) (-2.95749166e-09,2.46649494e-09)
3.43687375e+00 (-3.17012256e-02,3.84084377e-02) (-2.11642775e-02,-1.74927426e-02) (-2.60324969e-09,2.17110510e-09)
3.45691383e+00 (-3.15757289e-02,3.82527478e-02) (-2.08647034e-02,-1.72454706e-02) (-2.29111865e-09,1.91082382e-09)
3.47695391e+00 (-3.14516185e-02,3.80989424e-02) (-2.05663388e-02,-1.69991741e-02) (-2.01612294e-09,1.68150381e-09)
3.49699399e+00 (-3.13289142e-02,3.79470348e-02) (-2.02691688e-02,-1.67538421e-02) (-1.77387195e-09,1.47948523e-09)
3.51703407e+00 (-3.12076344e-02,3.77970373e-02) (-1.99731787e-02,-1.65094636e-02) (-1.56049110e-09,1.30153826e-09)
3.53707415e+00 (-3.10877965e-02,3.76489614e-02) (-1.96783534e-02,-1.62660274e-02) (-1.37256243e-09,1.14481361e-09)
3.55711423e+00 (-3.09694167e-02,3.75028175e-02) (-1.93846779e-02,-1.60235221e-02) (-1.20707061e-09,1.00679756e-09)
3.57715431e+00 (-3.08525099e-02,3.73586154e-02) (-1.90921370e-02,-1.57819363e-02) (-1.06135499e-09,8.85272002e-10)
3.59719439e+00 (-3.07370904e-02,3.72163639e-02) (-1.88007156e-02,-1.55412584e-02) (-9.33069117e-10,7.78280668e-10)
3.61723447e+00 (-3.06231712e-02,3.70760712e-02) (-1.85103983e-02,-1.53014768e-02) (-8.20143588e-10,6.84098252e-10)
3.63727455e+00 (-3.05107647e-02,3.69377448e-02) (-1.82211698e-02,-1.50625796e-02) (-7.20752703e-10,6.01202567e-10)
3.65731463e+00 (-3.03998822e-02,3.68013914e-02) (-1.79330147e-02,-1.48245550e-02) (-6.33286619e-10,5.28251361e-10)
3.67735471e+00 (-3.02905343e-02,3.66670172e-02) (-1.76459176e-02,-1.45873911e-02) (-5.56326024e-10,4.64061212e-10)
3.69739479e+00 (-3.01827308e-02,3.65346277e-02) (-1.73598629e-02,-1.43510757e-02) (-4.88619332e-10,4.07588516e-10)
3.71743487e+00 (-3.00764808e-02,3.64042278e-02) (-1.70748352e-02,-1.41155969e-02) (-4.29062956e-10,3.57913056e-10)
3.73747495e+00 (-2.99717928e-02,3.62758222e-02) (-1.67908189e-02,-1.38809424e-02) (-3.76684449e-10,3.14223941e-10)
3.75751503e+00 (-2.98686746e-02,3.61494147e-02) (-1.65077983e-02,-1.36470999e-02) (-3.30626096e-10,2.75805935e-10)
3.77755511e+00 (-2.97671332e-02,3.60250089e-02) (-1.62257579e-02,-1.34140573e-02) (-2.90132246e-10,2.42028895e-10)
3.79759519e+00 (-2.96671754e-02,3.59026078e-02) (-1.59446820e-02,-1.31818020e-02) (-2.54537114e-10,2.12337610e-10)
3.81763527e+00 (-2.95688072e-02,3.57822141e-02) (-1.56645548e-02,-1.29503219e-02) (-2.23253486e-10,1.86242376e-10)
3.83767535e+00 (-2.94720341e-02,3.56638301e-02) (-1.53853608e-02,-1.27196043e-02) (-1.95764196e-10,1.63311897e-10)
3.85771543e+00 (-2.93768613e-02,3.55474578e-02) (-1.51070841e-02,-1.24896367e-02) (-1.71613981e-10,1.43166495e-10)
3.87775551e+00 (-2.92832933e-02,3.54330987e-02) (-1.48297091e-02,-1.22604068e-02) (-1.50401472e-10,1.25471431e-10)
3.89779559e+00 (-2.91913343e-02,3.53207541e-02) (-1.45532201e-02,-1.20319019e-02) (-1.31772941e-10,1.09931692e-10)
3.91783567e+00 (-2.91009882e-02,3.52104250e-02) (-1.42776011e-02,-1.18041094e-02) (-1.15417385e-10,9.62878951e-11)
3.93787575e+00 (-2.90122584e-02,3.51021121e-02) (-1.40028367e-02,-1.15770167e-02) (-1.01060502e-10,8.43112610e-11)
3.95791583e+00 (-2.89251479e-02,3.49958159e-02) (-1.37289108e-02,-1.13506112e-02) (-8.84609283e-11,7.38004791e-11)
3.97795591e+00 (-2.88396595e-02,3.48915367e-02) (-1.34558079e-02,-1.11248801e-02) (-7.74062453e-11,6.45783785e-11)
3.99799599e+00 (-2.87557957e-02,3.47892744e-02) (-1.31835121e-02,-1.08998109e-02) (-6.77092552e-11,5.64888208e-11)
4.01803607e+00 (-2.86735587e-02,3.46890290e-02) (-1.29120076e-02,-1.06753907e-02) (-5.92055937e-11,4.93947110e-11)
4.03807615e+00 (-2.85929502e-02,3.45907999e-02) (-1.26412787e-02,-1.04516070e-02) (-5.17502054e-11,4.31750572e-11)
4.05811623e+00 (-2.85139720e-02,3.44945868e-02) (-1.23713097e-02,-1.02284468e-02) (-4.52157515e-11,3.77236439e-11)
4.07815631e+00 (-2.84366254e-02,3.44003889e-02) (-1.21020848e-02,-1.00058976e-02) (-3.94900774e-11,3.29469195e-11)
4.09819639e+00 (-2.83609117e-02,3.43082054e-02) (-1.18335882e-02,-9.78394648e-03) (-3.44744701e-11,2.87625434e-11)
4.11823647e+00 (-2.82868318e-02,3.42180353e-02) (-1.15658042e-02,-9.56258074e-03) (-3.00823218e-11,2.50982713e-11)
4.13827655e+00 (-2.82143865e-02,3.41298777e-02) (-1.12987171e-02,-9.34178759e-03) (-2.62373038e-11,2.18904327e-11)
4.15831663e+00 (-2.81435765e-02,3.40437313e-02) (-1.10323111e-02,-9.12155425e-03) (-2.28724305e-11,1.90831500e-11)
4.17835671e+00 (-2.80744023e-02,3.39595948e-02) (-1.07665706e-02,-8.90186795e-03) (-1.99287207e-11,1.66272219e-11)
4.19839679e+00 (-2.80068641e-02,3.38774670e-02) (-1.05014798e-02,-8.68271590e-03) (-1.73544080e-11,1.44794653e-11)
4.21843687e+00 (-2.79409622e-02,3.37973464e-02) (-1.02370230e-02,-8.46408531e-03) (-1.51038555e-11,1.26018098e-11)
4.23847695e+00 (-2.78766966e-02,3.37192315e-02) (-9.97318461e-03,-8.24596339e-03) (-1.31372310e-11,1.09610268e-11)
4.25851703e+00 (-2.78140673e-02,3.36431208e-02) (-9.70994887e-03,-8.02833735e-03) (-1.14194453e-11,9.52784424e-12)
4.27855711e+00 (-2.77530742e-02,3.35690128e-02) (-9.44730016e-03,-7.81119440e-03) (-9.91959275e-12,8.27647968e-12)
4.29859719e+00 (-2.76937170e-02,3.34969058e-02) (-9.18522282e-03,-7.59452176e-03) (-8.61058638e-12,7.18433614e-12)
4.31863727e+00 (-2.76359954e-02,3.34267981e-02) (-8.92370123e-03,-7.37830664e-03) (-7.46873467e-12,6.23164910e-12)
4.33867735e+00 (-2.75799090e-02,3.33586882e-02) (-8.66271976e-03,-7.16253626e-03) (-6.47313018e-12,5.40097645e-12)
4.35871743e+00 (-2.75254575e-02,3.32925744e-02) (-8.40226282e-03,-6.94719784e-03) (-5.60552507e-12,4.67709473e-12)
4.37875752e+00 (-2.74726402e-02,3.32284549e-02) (-8.14231479e-03,-6.73227861e-03) (-4.84985623e-12,4.04660301e-12)
4.39879760e+00 (-2.74214566e-02,3.31663280e-02) (-7.88286011e-03,-6.51776579e-03) (-4.19195515e-12,3.49768083e-12)
4.41883768e+00 (-2.73719062e-02,3.31061922e-02) (-7.62388321e-03,-6.30364662e-03) (-3.61972917e-12,3.02023953e-12)
4.43887776e+00 (-2.73239883e-02,3.30480457e-02) (-7.36536853e-03,-6.08990834e-03) (-3.12217556e-12,2.60509965e-12)
4.45891784e+00 (-2.72777023e-02,3.29918869e-02) (-7.10730053e-03,-5.87653818e-03) (-2.68980694e-12,2.24434589e-12)
4.47895792e+00 (-2.72330475e-02,3.29377141e-02) (-6.84966369e-03,-5.66352341e-03) (-2.31440403e-12,1.93112093e-12)
4.49899800e+00 (-2.71900232e-02,3.28855258e-02) (-6.59244248e-03,-5.45085127e-03) (-1.98874017e-12,1.65939549e-12)
4.51903808e+00 (-2.71486287e-02,3.28353204e-02) (-6.33562140e-03,-5.23850902e-03) (-1.70645041e-12,1.42385922e-12)
4.53907816e+00 (-2.71088633e-02,3.27870962e-02) (-6.07918496e-03,-5.02648393e-03) (-1.46186345e-12,1.21978044e-12)
4.55911824e+00 (-2.70707264e-02,3.27408520e-02) (-5.82311769e-03,-4.81476326e-03) (-1.25019890e-12,1.04317076e-12)
4.57915832e+00 (-2.70342172e-02,3.26965860e-02) (-5.56740411e-03,-4.60333429e-03) (-1.06719121e-12,8.90471299e-13)
4.59919840e+00 (-2.69993351e-02,3.26542971e-02) (-5.31202877e-03,-4.39218431e-03) (-9.09100163e-13,7.58561469e-13)
4.61923848e+00 (-2.69660793e-02,3.26139837e-02) (-5.05697622e-03,-4.18130060e-03) (-7.72666859e-13,6.44722231e-13)
4.63927856e+00 (-2.69344494e-02,3.25756447e-02) (-4.80223103e-03,-3.97067045e-03) (-6.55069866e-13,5.46599540e-13)
4.65931864e+00 (-2.69044445e-02,3.25392787e-02) (-4.54777777e-03,-3.76028115e-03) (-5.53881685e-13,4.62168018e-13)
4.67935872e+00 (-2.68760643e-02,3.25048846e-02) (-4.29360102e-03,-3.55012001e-03) (-4.66918198e-13,3.89605334e-13)
4.69939880e+00 (-2.68493080e-02,3.24724613e-02) (-4.03968538e-03,-3.34017433e-03) (-3.92227253e-13,3.27282690e-13)
4.71943888e+00 (-2.68241752e-02,3.24420077e-02) (-3.78601545e-03,-3.13043143e-03) (-3.28171881e-13,2.73834257e-13)
4.73947896e+00 (-2.68006653e-02,3.24135228e-02) (-3.53257584e-03,-2.92087861e-03) (-2.73358014e-13,2.28096874e-13)
4.75951904e+00 (-2.67787781e-02,3.23870057e-02) (-3.27935117e-03,-2.71150319e-03) (-2.26575026e-13,1.89060430e-13)
4.77955912e+00 (-2.67585129e-02,3.23624556e-02) (-3.02632605e-03,-2.50229250e-03) (-1.86698649e-13,1.55786862e-13)
4.79959920e+00 (-2.67398696e-02,3.23398717e-02) (-2.77348513e-03,-2.29323385e-03) (-1.52747285e-13,1.27457142e-13)
4.81963928e+00 (-2.67228477e-02,3.23192533e-02) (-2.52081303e-03,-2.08431458e-03) (-1.23955057e-13,1.03432237e-13)
4.83967936e+00 (-2.67074471e-02,3.23005998e-02) (-2.26829440e-03,-1.87552200e-03) (-9.95867896e-14,8.30987267e-14)
4.85971944e+00 (-2.66936676e-02,3.22839108e-02) (-2.01591387e-03,-1.66684346e-03) (-7.90259210e-14,6.59421563e-14)
4.87975952e+00 (-2.66815089e-02,3.22691858e-02) (-1.76365611e-03,-1.45826628e-03) (-6.17239259e-14,5.15048391e-14)
4.89979960e+00 (-2.66709711e-02,3.22564244e-02) (-1.51150576e-03,-1.24977779e-03) (-4.72253041e-14,3.94067072e-14)
4.91983968e+00 (-2.66620541e-02,3.22456263e-02) (-1.25944747e-03,-1.04136533e-03) (-3.51359675e-14,2.93189334e-14)
4.93987976e+00 (-2.66547580e-02,3.22367915e-02) (-1.00746591e-03,-8.33016223e-04) (-2.50958657e-14,2.09410896e-14)
4.95991984e+00 (-2.66490828e-02,3.22299198e-02) (-7.55545724e-04,-6.24717808e-04) (-1.68019490e-14,1.40203087e-14)
4.97995992e+00 (-2.66450287e-02,3.22250113e-02) (-5.03671573e-04,-4.16457414e-04) (-9.99759929e-15,8.34246588e-15)
5.00000000e+00 (-2.66417853e-02,3.22210843e-02) (-2.51828113e-04,-2.08222369e-04) (-4.43273756e-15,3.69889080e-15)
