1.63 	 500
Z	 ux	 uz 	 rho
-5.00000000e+00 (8.72662715e-05,7.01096368e-05) (2.29015575e-06,-2.85058322e-06) (-8.32210596e-14,6.77076947e-14)
-4.97995992e+00 (8.74525724e-05,7.02592890e-05) (4.58275443e-06,-5.70420762e-06) (5.56274815e-14,-8.54545184e-15)
-4.95991984e+00 (8.76855717e-05,7.04464526e-05) (6.88024156e-06,-8.56391760e-06) (-1.03494110e-13,-1.11956373e-13)
-4.93987976e+00 (8.80121166e-05,7.07087579e-05) (9.18506777e-06,-1.14327640e-05) (-1.43883741e-13,3.32254439e-13)
-4.91983968e+00 (8.84325540e-05,7.10464826e-05) (1.14996915e-05,-1.43138074e-05) (8.14552850e-14,-4.98342698e-14)
-4.89979960e+00 (8.89473310e-05,7.14599847e-05) (1.38265815e-05,-1.72101212e-05) (-9.70785329e-14,9.49180957e-14)
-4.87975952e+00 (8.95569953e-05,7.19497031e-05) (1.61682195e-05,-2.01247953e-05) (9.64732691e-15,-2.26861831e-13)
-4.85971944e+00 (9.02621958e-05,7.25161577e-05) (1.85271031e-05,-2.30609390e-05) (-1.91208610e-14,-7.70916346e-14)
-4.83967936e+00 (9.10636829e-05,7.31599499e-05) (2.09057481e-05,-2.60216843e-05) (-1.47769181e-14,-1.92735810e-13)
-4.81963928e+00 (9.19623099e-05,7.38817636e-05) (2.33066911e-05,-2.90101896e-05) (-1.06152321e-13,2.48449114e-14)
-4.79959920e+00 (9.29590335e-05,7.46823656e-05) (2.57324925e-05,-3.20296428e-05) (-8.48037696e-15,-2.10834545e-13)
-4.77955912e+00 (9.40549149e-05,7.55626065e-05) (2.81857394e-05,-3.50832647e-05) (-2.25680995e-13,5.47125221e-14)
-4.75951904e+00 (9.52511210e-05,7.65234219e-05) (3.06690476e-05,-3.81743126e-05) (1.35578672e-13,6.45832715e-14)
-4.73947896e+00 (9.65489254e-05,7.75658327e-05) (3.31850651e-05,-4.13060835e-05) (-1.29530130e-13,6.69548379e-15)
-4.71943888e+00 (9.79497100e-05,7.86909468e-05) (3.57364747e-05,-4.44819177e-05) (-7.08297064e-14,2.73273873e-13)
-4.69939880e+00 (9.94549662e-05,7.98999599e-05) (3.83259967e-05,-4.77052028e-05) (1.67212365e-13,2.03487561e-13)
-4.67935872e+00 (1.01066297e-04,8.11941568e-05) (4.09563920e-05,-5.09793765e-05) (6.92942795e-14,1.83288345e-13)
-4.65931864e+00 (1.02785418e-04,8.25749127e-05) (4.36304647e-05,-5.43079308e-05) (2.92653288e-13,-1.59916975e-14)
-4.63927856e+00 (1.04614159e-04,8.40436953e-05) (4.63510656e-05,-5.76944158e-05) (-2.81954790e-13,4.60956603e-14)
-4.61923848e+00 (1.06554469e-04,8.56020653e-05) (4.91210949e-05,-6.11424430e-05) (2.16254516e-13,2.02285756e-13)
-4.59919840e+00 (1.08608412e-04,8.72516786e-05) (5.19435052e-05,-6.46556897e-05) (-2.29717004e-13,-8.87601688e-14)
-4.57915832e+00 (1.10778176e-04,8.89942878e-05) (5.48213048e-05,-6.82379024e-05) (-6.09839217e-15,2.05374786e-13)
-4.55911824e+00 (1.13066070e-04,9.08317443e-05) (5.77575608e-05,-7.18929012e-05) (-7.38215215e-14,-3.35630289e-14)
-4.53907816e+00 (1.15474530e-04,9.27660002e-05) (6.07554027e-05,-7.56245836e-05) (1.32911805e-13,1.74814944e-13)
-4.51903808e+00 (1.18006120e-04,9.47991101e-05) (6.38180250e-05,-7.94369286e-05) (1.27698679e-13,-2.58900089e-13)
-4.49899800e+00 (1.20663535e-04,9.69332333e-05) (6.69486912e-05,-8.33340014e-05) (7.82188067e-14,-1.58962779e-14)
-4.47895792e+00 (1.23449603e-04,9.91706363e-05) (7.01507372e-05,-8.73199572e-05) (9.93413379e-14,-2.60227909e-13)
-4.45891784e+00 (1.26367290e-04,1.01513695e-04) (7.34275745e-05,-9.13990457e-05) (1.31300965e-13,-9.55625048e-14)
-4.43887776e+00 (1.29419701e-04,1.03964897e-04) (7.67826940e-05,-9.55756158e-05) (-1.16063064e-13,-1.76068872e-13)
-4.41883768e+00 (1.32610084e-04,1.06526845e-04) (8.02196700e-05,-9.98541203e-05) (2.05074450e-13,1.00970971e-13)
-4.39879760e+00 (1.35941834e-04,1.09202257e-04) (8.37421633e-05,-1.04239120e-04) (-5.36342570e-14,-1.09963187e-13)
-4.37875752e+00 (1.39418496e-04,1.11993974e-04) (8.73539257e-05,-1.08735290e-04) (2.74207267e-13,5.60836817e-14)
-4.35871743e+00 (1.43043769e-04,1.14904957e-04) (9.10588037e-05,-1.13347423e-04) (-9.64858808e-15,-3.25808864e-13)
-4.33867735e+00 (1.46821510e-04,1.17938295e-04) (9.48607425e-05,-1.18080434e-04) (-1.28110631e-13,-1.54149523e-13)
-4.31863727e+00 (1.50755737e-04,1.21097204e-04) (9.87637904e-05,-1.22939369e-04) (-1.51765550e-13,-1.23765718e-13)
-4.29859719e+00 (1.54850634e-04,1.24385036e-04) (1.02772103e-04,-1.27929406e-04) (-2.15053055e-13,-2.01117654e-13)
-4.27855711e+00 (1.59110558e-04,1.27805276e-04) (1.06889947e-04,-1.33055864e-04) (-2.52149065e-13,-4.41526779e-14)
-4.25851703e+00 (1.63540037e-04,1.31361549e-04) (1.11121706e-04,-1.38324204e-04) (-2.11960956e-13,-1.47742827e-13)
-4.23847695e+00 (1.68143781e-04,1.35057625e-04) (1.15471884e-04,-1.43740042e-04) (-3.45261291e-13,7.08237103e-16)
-4.21843687e+00 (1.72926684e-04,1.38897420e-04) (1.19945110e-04,-1.49309149e-04) (-6.41241829e-14,1.42191399e-13)
-4.19839679e+00 (1.77893832e-04,1.42885001e-04) (1.24546144e-04,-1.55037457e-04) (-4.04110569e-15,-1.41223380e-13)
-4.17835671e+00 (1.83050503e-04,1.47024591e-04) (1.29279882e-04,-1.60931070e-04) (-1.40653099e-13,-9.06297845e-14)
-4.15831663e+00 (1.88402176e-04,1.51320573e-04) (1.34151358e-04,-1.66996267e-04) (-1.38188579e-13,-1.54353287e-14)
-4.13827655e+00 (1.93954540e-04,1.55777494e-04) (1.39165755e-04,-1.73239509e-04) (-5.13112211e-14,5.40029216e-14)
-4.11823647e+00 (1.99713491e-04,1.60400069e-04) (1.44328405e-04,-1.79667446e-04) (6.96530520e-14,7.52183645e-14)
-4.09819639e+00 (2.05685148e-04,1.65193189e-04) (1.49644797e-04,-1.86286923e-04) (5.50475879e-14,-1.26569054e-13)
-4.07815631e+00 (2.11875853e-04,1.70161921e-04) (1.55120585e-04,-1.93104992e-04) (-2.83192240e-14,6.06811884e-14)
-4.05811623e+00 (2.18292178e-04,1.75311519e-04) (1.60761588e-04,-2.00128913e-04) (6.08192398e-15,-7.07997002e-14)
-4.03807615e+00 (2.24940937e-04,1.80647423e-04) (1.66573803e-04,-2.07366165e-04) (-4.33609562e-14,1.08853243e-13)
-4.01803607e+00 (2.31829185e-04,1.86175270e-04) (1.72563404e-04,-2.14824453e-04) (-9.15537298e-16,4.50794605e-15)
-3.99799599e+00 (2.38964234e-04,1.91900897e-04) (1.78736756e-04,-2.22511719e-04) (-1.11841476e-13,3.07091809e-14)
-3.97795591e+00 (2.46353653e-04,1.97830347e-04) (1.85100416e-04,-2.30436145e-04) (-1.34184796e-13,2.43820598e-13)
-3.95791583e+00 (2.54005282e-04,2.03969876e-04) (1.91661143e-04,-2.38606166e-04) (1.02310984e-14,4.12103634e-14)
-3.93787575e+00 (2.61927234e-04,2.10325959e-04) (1.98425903e-04,-2.47030478e-04) (-1.96060716e-13,3.53939807e-13)
-3.91783567e+00 (2.70127910e-04,2.16905294e-04) (2.05401877e-04,-2.55718045e-04) (2.10710810e-13,9.45833961e-14)
-3.89779559e+00 (2.78616002e-04,2.23714815e-04) (2.12596470e-04,-2.64678113e-04) (-1.14405807e-13,1.68269608e-13)
-3.87775551e+00 (2.87400506e-04,2.30761692e-04) (2.20017314e-04,-2.73920213e-04) (1.25985479e-13,5.69306868e-14)
-3.85771543e+00 (2.96490728e-04,2.38053341e-04) (2.27672284e-04,-2.83454178e-04) (-9.99351298e-14,1.25719595e-13)
-3.83767535e+00 (3.05896297e-04,2.45597434e-04) (2.35569496e-04,-2.93290148e-04) (1.32971028e-13,1.23106147e-13)
-3.81763527e+00 (3.15627171e-04,2.53401901e-04) (2.43717326e-04,-3.03438585e-04) (-7.08260065e-14,-3.31464527e-14)
-3.79759519e+00 (3.25693652e-04,2.61474943e-04) (2.52124410e-04,-3.13910280e-04) (-4.31293394e-14,3.37510874e-13)
-3.77755511e+00 (3.36106392e-04,2.69825037e-04) (2.60799657e-04,-3.24716367e-04) (2.20409781e-13,1.12289014e-13)
-3.75751503e+00 (3.46876405e-04,2.78460946e-04) (2.69752258e-04,-3.35868333e-04) (8.62352578e-14,2.28136829e-13)
-3.73747495e+00 (3.58015082e-04,2.87391726e-04) (2.78991695e-04,-3.47378032e-04) (2.68679951e-13,1.63937198e-13)
-3.71743487e+00 (3.69534196e-04,2.96626737e-04) (2.88527750e-04,-3.59257695e-04) (3.86181742e-13,1.50091105e-13)
-3.69739479e+00 (3.81445921e-04,3.06175649e-04) (2.98370516e-04,-3.71519945e-04) (2.74373278e-13,-1.90629115e-13)
-3.67735471e+00 (3.93762839e-04,3.16048455e-04) (3.08530407e-04,-3.84177809e-04) (9.71748714e-14,-2.13852199e-14)
-3.65731463e+00 (4.06497955e-04,3.26255477e-04) (3.19018170e-04,-3.97244732e-04) (4.36571390e-14,3.54309017e-14)
-3.63727455e+00 (4.19664709e-04,3.36807380e-04) (3.29844894e-04,-4.10734589e-04) (2.26919689e-13,9.37353143e-14)
-3.61723447e+00 (4.33276993e-04,3.47715176e-04) (3.41022019e-04,-4.24661705e-04) (7.49597598e-14,-6.30873697e-14)
-3.59719439e+00 (4.47349160e-04,3.58990243e-04) (3.52561356e-04,-4.39040862e-04) (7.07409243e-14,1.67384216e-14)
-3.57715431e+00 (4.61896043e-04,3.70644328e-04) (3.64475089e-04,-4.53887321e-04) (-4.16834050e-14,4.23153821e-15)
-3.55711423e+00 (4.76932965e-04,3.82689561e-04) (3.76775795e-04,-4.69216836e-04) (-6.36442150e-14,5.71348782e-14)
-3.53707415e+00 (4.92475759e-04,3.95138469e-04) (3.89476451e-04,-4.85045667e-04) (-1.63681277e-13,1.76985134e-13)
-3.51703407e+00 (5.08540781e-04,4.08003981e-04) (4.02590453e-04,-5.01390603e-04) (5.64253376e-14,2.83327774e-13)
-3.49699399e+00 (5.25144928e-04,4.21299449e-04) (4.16131621e-04,-5.18268973e-04) (-1.03438286e-14,2.27524317e-14)
-3.47695391e+00 (5.42305653e-04,4.35038651e-04) (4.30114224e-04,-5.35698668e-04) (-8.30207112e-14,3.12461088e-13)
-3.45691383e+00 (5.60040982e-04,4.49235809e-04) (4.44552984e-04,-5.53698160e-04) (1.75410916e-13,5.78097222e-14)
-3.43687375e+00 (5.78369535e-04,4.63905602e-04) (4.59463097e-04,-5.72286516e-04) (-6.87548521e-14,5.02659680e-14)
-3.41683367e+00 (5.97310541e-04,4.79063177e-04) (4.74860244e-04,-5.91483424e-04) (-4.48223703e-14,3.53160113e-14)
-3.39679359e+00 (6.16883857e-04,4.94724163e-04) (4.90760611e-04,-6.11309209e-04) (-1.67022757e-14,1.31674501e-13)
-3.37675351e+00 (6.37109990e-04,5.10904686e-04) (5.07180901e-04,-6.31784854e-04) (-5.87869612e-14,-4.40985348e-14)
-3.35671343e+00 (6.58010112e-04,5.27621380e-04) (5.24138352e-04,-6.52932026e-04) (-6.61710851e-14,1.55781330e-13)
-3.33667335e+00 (6.79606086e-04,5.44891408e-04) (5.41650754e-04,-6.74773090e-04) (-3.58612928e-15,7.23365887e-14)
-3.31663327e+00 (7.01920484e-04,5.62732468e-04) (5.59736468e-04,-6.97331141e-04) (8.24037762e-14,4.72842469e-14)
-3.29659319e+00 (7.24976610e-04,5.81162815e-04) (5.78414439e-04,-7.20630020e-04) (-1.26545015e-13,1.12307241e-13)
-3.27655311e+00 (7.48798518e-04,6.00201274e-04) (5.97704219e-04,-7.44694342e-04) (3.19919192e-13,2.30938598e-13)
-3.25651303e+00 (7.73411042e-04,6.19867254e-04) (6.17625985e-04,-7.69549522e-04) (2.35885212e-13,-9.44500795e-14)
-3.23647295e+00 (7.98839814e-04,6.40180767e-04) (6.38200556e-04,-7.95221797e-04) (2.60747295e-13,-2.83380095e-13)
-3.21643287e+00 (8.25111287e-04,6.61162442e-04) (6.59449418e-04,-8.21738255e-04) (-2.19348259e-13,-1.37854711e-13)
-3.19639279e+00 (8.52252768e-04,6.82833542e-04) (6.81394736e-04,-8.49126863e-04) (2.16336064e-13,-9.62565779e-14)
-3.17635271e+00 (8.80292432e-04,7.05215982e-04) (7.04059385e-04,-8.77416492e-04) (-3.28257352e-13,-2.50135790e-13)
-3.15631263e+00 (9.09259356e-04,7.28332344e-04) (7.27466963e-04,-9.06636950e-04) (-8.77241580e-14,1.31220193e-13)
-3.13627255e+00 (9.39183544e-04,7.52205895e-04) (7.51641818e-04,-9.36819007e-04) (-1.88299803e-13,7.32869316e-15)
-3.11623246e+00 (9.70095951e-04,7.76860606e-04) (7.76609071e-04,-9.67994432e-04) (-6.81731833e-14,9.95367133e-14)
-3.09619238e+00 (1.00202852e-03,8.02321167e-04) (8.02394635e-04,-1.00019602e-03) (-2.45303477e-13,8.24127858e-14)
-3.07615230e+00 (1.03501418e-03,8.28613009e-04) (8.29025244e-04,-1.03345762e-03) (-1.16713280e-13,2.59173734e-13)
-3.05611222e+00 (1.06908694e-03,8.55762317e-04) (8.56528471e-04,-1.06781418e-03) (-4.39682015e-14,2.73307398e-13)
-3.03607214e+00 (1.10428185e-03,8.83796049e-04) (8.84932762e-04,-1.10330177e-03) (1.52642453e-13,1.05458751e-13)
-3.01603206e+00 (1.14063506e-03,9.12741960e-04) (9.14267452e-04,-1.13995764e-03) (-1.56950791e-13,-3.19122205e-14)
-2.99599198e+00 (1.17818386e-03,9.42628613e-04) (9.44562798e-04,-1.17782022e-03) (-1.22673363e-13,2.68385398e-13)
-2.97595190e+00 (1.21696670e-03,9.73485399e-04) (9.75850002e-04,-1.21692917e-03) (8.63913332e-14,1.82876273e-13)
-2.95591182e+00 (1.25702323e-03,1.00534256e-03) (1.00816124e-03,-1.25732546e-03) (6.63382860e-14,5.38008374e-14)
-2.93587174e+00 (1.29839431e-03,1.03823120e-03) (1.04152970e-03,-1.29905133e-03) (9.59140787e-15,4.25371755e-14)
-2.91583166e+00 (1.34112209e-03,1.07218332e-03) (1.07598957e-03,-1.34215042e-03) (2.58707485e-14,3.11430279e-14)
-2.89579158e+00 (1.38525000e-03,1.10723179e-03) (1.11157614e-03,-1.38666773e-03) (-1.23488683e-14,6.21846029e-14)
-2.87575150e+00 (1.43082281e-03,1.14341044e-03) (1.14832576e-03,-1.43264972e-03) (1.37002427e-13,4.16279599e-14)
-2.85571142e+00 (1.47788665e-03,1.18075401e-03) (1.18627590e-03,-1.48014433e-03) (2.85472914e-14,-7.39844149e-14)
-2.83567134e+00 (1.52648905e-03,1.21929820e-03) (1.22546520e-03,-1.52920103e-03) (1.22980546e-13,-2.03876811e-14)
-2.81563126e+00 (1.57667901e-03,1.25907969e-03) (1.26593346e-03,-1.57987087e-03) (-1.01879875e-14,-1.83311370e-13)
-2.79559118e+00 (1.62850698e-03,1.30013612e-03) (1.30772171e-03,-1.63220651e-03) (9.84062593e-15,-3.40393922e-14)
-2.77555110e+00 (1.68202493e-03,1.34250617e-03) (1.35087221e-03,-1.68626230e-03) (-1.04787230e-13,-1.47432178e-13)
-2.75551102e+00 (1.73728639e-03,1.38622949e-03) (1.39542852e-03,-1.74209431e-03) (-2.16165989e-14,1.65981077e-13)
-2.73547094e+00 (1.79434648e-03,1.43134681e-03) (1.44143550e-03,-1.79976037e-03) (1.50713932e-13,-1.36338071e-13)
-2.71543086e+00 (1.85326197e-03,1.47789984e-03) (1.48893936e-03,-1.85932015e-03) (-1.49989035e-13,2.81343775e-15)
-2.69539078e+00 (1.91409127e-03,1.52593141e-03) (1.53798768e-03,-1.92083520e-03) (2.28780663e-13,1.71438127e-13)
-2.67535070e+00 (1.97689452e-03,1.57548536e-03) (1.58862947e-03,-1.98436900e-03) (2.49204746e-13,-3.47391748e-13)
-2.65531062e+00 (2.04173361e-03,1.62660662e-03) (1.64091518e-03,-2.04998703e-03) (-2.84629294e-13,-1.92337029e-13)
-2.63527054e+00 (2.10867222e-03,1.67934119e-03) (1.69489675e-03,-2.11775681e-03) (-7.58454211e-15,1.53404844e-13)
-2.61523046e+00 (2.17777585e-03,1.73373618e-03) (1.75062765e-03,-2.18774798e-03) (4.77969093e-14,-4.48554197e-14)
-2.59519038e+00 (2.24911188e-03,1.78983975e-03) (1.80816288e-03,-2.26003235e-03) (9.45194865e-14,6.64793819e-14)
-2.57515030e+00 (2.32274959e-03,1.84770116e-03) (1.86755906e-03,-2.33468395e-03) (1.70337349e-13,-1.82563477e-13)
-2.55511022e+00 (2.39876021e-03,1.90737075e-03) (1.92887442e-03,-2.41177911e-03) (-6.79323443e-14,-1.21706352e-13)
-2.53507014e+00 (2.47721696e-03,1.96889994e-03) (1.99216885e-03,-2.49139654e-03) (1.02277417e-13,-1.15469865e-13)
-2.51503006e+00 (2.55819508e-03,2.03234122e-03) (2.05750396e-03,-2.57361733e-03) (-1.78199692e-13,-2.93301492e-13)
-2.49498998e+00 (2.64177187e-03,2.09774813e-03) (2.12494305e-03,-2.65852511e-03) (-2.75093696e-13,1.12803393e-13)
-2.47494990e+00 (2.72802672e-03,2.16517525e-03) (2.19455123e-03,-2.74620604e-03) (5.22861035e-14,1.06645375e-13)
-2.45490982e+00 (2.81704118e-03,2.23467819e-03) (2.26639538e-03,-2.83674890e-03) (-6.33645749e-14,-7.58931289e-14)
-2.43486974e+00 (2.90889891e-03,2.30631354e-03) (2.34054423e-03,-2.93024520e-03) (-1.21680321e-13,1.67889341e-13)
-2.41482966e+00 (3.00368583e-03,2.38013888e-03) (2.41706837e-03,-3.02678919e-03) (1.76728879e-13,1.02910522e-13)
-2.39478958e+00 (3.10149005e-03,2.45621269e-03) (2.49604028e-03,-3.12647798e-03) (4.31195332e-14,-6.95499492e-14)
-2.37474950e+00 (3.20240193e-03,2.53459435e-03) (2.57753437e-03,-3.22941159e-03) (7.58038804e-14,-2.55663778e-14)
-2.35470942e+00 (3.30651413e-03,2.61534410e-03) (2.66162700e-03,-3.33569302e-03) (-6.61866623e-14,-1.22354587e-13)
-2.33466934e+00 (3.41392161e-03,2.69852292e-03) (2.74839653e-03,-3.44542834e-03) (-5.03577508e-14,1.11648812e-13)
-2.31462926e+00 (3.52472165e-03,2.78419254e-03) (2.83792329e-03,-3.55872677e-03) (1.18897925e-13,-2.83264460e-14)
-2.29458918e+00 (3.63901387e-03,2.87241534e-03) (2.93028967e-03,-3.67570074e-03) (-5.23623279e-14,-7.70300422e-14)
-2.27454910e+00 (3.75690025e-03,2.96325423e-03) (3.02558009e-03,-3.79646596e-03) (-6.06068208e-15,6.95578837e-14)
-2.25450902e+00 (3.87848512e-03,3.05677263e-03) (3.12388103e-03,-3.92114152e-03) (9.49191942e-14,-3.55199613e-14)
-2.23446894e+00 (4.00387519e-03,3.15303430e-03) (3.22528106e-03,-4.04984995e-03) (-6.95814034e-15,-5.39336635e-14)
-2.21442886e+00 (4.13317953e-03,3.25210327e-03) (3.32987084e-03,-4.18271733e-03) (6.14637252e-14,-4.64507896e-14)
-2.19438878e+00 (4.26650957e-03,3.35404368e-03) (3.43774312e-03,-4.31987331e-03) (-6.18469825e-14,-1.11352031e-13)
-2.17434870e+00 (4.40397908e-03,3.45891967e-03) (3.54899274e-03,-4.46145122e-03) (-1.67165335e-15,7.00649323e-14)
-2.15430862e+00 (4.54570415e-03,3.56679517e-03) (3.66371663e-03,-4.60758817e-03) (1.26399281e-13,-1.32588052e-13)
-2.13426854e+00 (4.69180320e-03,3.67773377e-03) (3.78201382e-03,-4.75842508e-03) (-9.98899075e-14,-1.74002793e-13)
-2.11422846e+00 (4.84239686e-03,3.79179853e-03) (3.90398541e-03,-4.91410678e-03) (-1.28285494e-13,-5.03714871e-14)
-2.09418838e+00 (4.99760804e-03,3.90905171e-03) (4.02973453e-03,-5.07478207e-03) (-1.04484067e-13,5.56274354e-14)
-2.07414830e+00 (5.15756175e-03,4.02955461e-03) (4.15936634e-03,-5.24060382e-03) (9.11908569e-14,2.89198402e-14)
-2.05410822e+00 (5.32238514e-03,4.15336725e-03) (4.29298800e-03,-5.41172899e-03) (-2.51495507e-15,-1.97163944e-13)
-2.03406814e+00 (5.49220736e-03,4.28054812e-03) (4.43070857e-03,-5.58831876e-03) (-1.96098773e-13,-6.04396100e-14)
-2.01402806e+00 (5.66715950e-03,4.41115387e-03) (4.57263904e-03,-5.77053853e-03) (-6.68483051e-14,5.07628232e-14)
-1.99398798e+00 (5.84737446e-03,4.54523894e-03) (4.71889217e-03,-5.95855803e-03) (-8.12948329e-14,-3.48042462e-14)
-1.97394790e+00 (6.03298684e-03,4.68285524e-03) (4.86958250e-03,-6.15255137e-03) (-1.02311364e-13,8.95754289e-14)
-1.95390782e+00 (6.22413284e-03,4.82405170e-03) (5.02482620e-03,-6.35269705e-03) (3.55110535e-14,7.33546392e-14)
-1.93386774e+00 (6.42095004e-03,4.96887384e-03) (5.18474099e-03,-6.55917808e-03) (5.06986126e-14,-1.04144152e-14)
-1.91382766e+00 (6.62357727e-03,5.11736330e-03) (5.34944601e-03,-6.77218197e-03) (-2.36249358e-14,-8.31826079e-14)
-1.89378758e+00 (6.83215440e-03,5.26955733e-03) (5.51906172e-03,-6.99190077e-03) (-1.39376421e-13,3.33569990e-14)
-1.87374749e+00 (7.04682213e-03,5.42548815e-03) (5.69370968e-03,-7.21853113e-03) (-1.93802608e-14,2.50715001e-13)
-1.85370741e+00 (7.26772173e-03,5.58518240e-03) (5.87351245e-03,-7.45227432e-03) (3.80712916e-13,1.60306240e-13)
-1.83366733e+00 (7.49499479e-03,5.74866045e-03) (6.05859334e-03,-7.69333620e-03) (2.77548682e-13,-3.05930224e-13)
-1.81362725e+00 (7.72878289e-03,5.91593562e-03) (6.24907624e-03,-7.94192728e-03) (7.12167758e-15,-2.08648312e-13)
-1.79358717e+00 (7.96922731e-03,6.08701341e-03) (6.44508533e-03,-8.19826270e-03) (-6.38186522e-15,-1.80610072e-13)
-1.77354709e+00 (8.21646862e-03,6.26189066e-03) (6.64674485e-03,-8.46256217e-03) (7.62416068e-15,-1.04364767e-13)
-1.75350701e+00 (8.47064628e-03,6.44055453e-03) (6.85417878e-03,-8.73505003e-03) (-9.37631026e-14,-2.24474867e-13)
-1.73346693e+00 (8.73189822e-03,6.62298155e-03) (7.06751053e-03,-9.01595510e-03) (-1.61168781e-13,1.40963094e-13)
-1.71342685e+00 (9.00036032e-03,6.80913643e-03) (7.28686255e-03,-9.30551071e-03) (2.47835019e-13,9.62808570e-15)
-1.69338677e+00 (9.27616588e-03,6.99897091e-03) (7.51235592e-03,-9.60395459e-03) (-8.34917652e-15,-2.19255345e-13)
-1.67334669e+00 (9.55944502e-03,7.19242240e-03) (7.74410995e-03,-9.91152876e-03) (-6.19952479e-14,9.86005760e-15)
-1.65330661e+00 (9.85032402e-03,7.38941256e-03) (7.98224163e-03,-1.02284795e-02) (7.33628095e-14,-8.88100134e-15)
-1.63326653e+00 (1.01489246e-02,7.58984572e-03) (8.22686516e-03,-1.05550569e-02) (9.08894929e-15,-4.54781328e-14)
-1.61322645e+00 (1.04553632e-02,7.79360722e-03) (8.47809127e-03,-1.08915154e-02) (1.19939806e-13,8.76559025e-14)
-1.59318637e+00 (1.07697500e-02,8.00056152e-03) (8.73602667e-03,-1.12381127e-02) (2.01465908e-13,-2.12269982e-13)
-1.57314629e+00 (1.10921880e-02,8.21055021e-03) (9.00077325e-03,-1.15951103e-02) (-8.29342548e-14,4.64054611e-15)
-1.55310621e+00 (1.14227719e-02,8.42338980e-03) (9.27242734e-03,-1.19627727e-02) (3.49552942e-13,-1.02455609e-13)
-1.53306613e+00 (1.17615874e-02,8.63886933e-03) (9.55107887e-03,-1.23413675e-02) (-1.03104550e-13,-3.26035260e-13)
-1.51302605e+00 (1.21087092e-02,8.85674773e-03) (9.83681039e-03,-1.27311650e-02) (-7.26248553e-14,-1.00865099e-13)
-1.49298597e+00 (1.24642002e-02,9.07675099e-03) (1.01296961e-02,-1.31324375e-02) (-3.41969217e-13,-1.48186463e-14)
-1.47294589e+00 (1.28281095e-02,9.29856898e-03) (1.04298005e-02,-1.35454594e-02) (-1.27174269e-13,3.88220700e-13)
-1.45290581e+00 (1.32004712e-02,9.52185201e-03) (1.07371777e-02,-1.39705064e-02) (9.38701070e-14,4.05026568e-13)
-1.43286573e+00 (1.35813021e-02,9.74620704e-03) (1.10518694e-02,-1.44078550e-02) (3.78007204e-13,4.07035473e-13)
-1.41282565e+00 (1.39705997e-02,9.97119351e-03) (1.13739039e-02,-1.48577819e-02) (4.20136085e-13,2.60823809e-13)
-1.39278557e+00 (1.43683399e-02,1.01963187e-02) (1.17032941e-02,-1.53205635e-02) (3.96943032e-13,5.25480006e-13)
-1.37274549e+00 (1.47744744e-02,1.04210327e-02) (1.20400361e-02,-1.57964750e-02) (6.26751692e-13,1.00628437e-12)
-1.35270541e+00 (1.51889277e-02,1.06447225e-02) (1.23841070e-02,-1.62857897e-02) (1.00638419e-12,1.42863059e-12)
-1.33266533e+00 (1.56115938e-02,1.08667060e-02) (1.27354629e-02,-1.67887777e-02) (1.13554204e-12,2.50835486e-12)
-1.31262525e+00 (1.60423325e-02,1.10862248e-02) (1.30940361e-02,-1.73057054e-02) (2.26819754e-12,4.17008079e-12)
-1.29258517e+00 (1.64809648e-02,1.13024360e-02) (1.34597333e-02,-1.78368339e-02) (3.52499146e-12,6.14529584e-12)
-1.27254509e+00 (1.69272687e-02,1.15144038e-02) (1.38324318e-02,-1.83824177e-02) (5.57736031e-12,9.56222992e-12)
-1.25250501e+00 (1.73809728e-02,1.17210890e-02) (1.42119769e-02,-1.89427035e-02) (8.20809826e-12,1.49609949e-11)
-1.23246493e+00 (1.78417506e-02,1.19213377e-02) (1.45981783e-02,-1.95179282e-02) (1.35205506e-11,2.41056057e-11)
-1.21242485e+00 (1.83092123e-02,1.21138681e-02) (1.49908058e-02,-2.01083169e-02) (2.12046879e-11,3.68470432e-11)
-1.19238477e+00 (1.87828964e-02,1.22972555e-02) (1.53895853e-02,-2.07140811e-02) (3.24205238e-11,5.79574294e-11)
-1.17234469e+00 (1.92622590e-02,1.24699150e-02) (1.57941936e-02,-2.13354160e-02) (5.05010969e-11,9.11534719e-11)
-1.15230461e+00 (1.97466617e-02,1.26300809e-02) (1.62042531e-02,-2.19724973e-02) (7.90368805e-11,1.43152791e-10)
-1.13226453e+00 (2.02353564e-02,1.27757837e-02) (1.66193251e-02,-2.26254784e-02) (1.23558939e-10,2.24694351e-10)
-1.11222445e+00 (2.07274675e-02,1.29048216e-02) (1.70389035e-02,-2.32944865e-02) (1.93388840e-10,3.53617073e-10)
-1.09218437e+00 (2.12219701e-02,1.30147277e-02) (1.74624057e-02,-2.39796176e-02) (3.02175865e-10,5.56086766e-10)
-1.07214429e+00 (2.17176627e-02,1.31027301e-02) (1.78891642e-02,-2.46809318e-02) (4.73523295e-10,8.77971229e-10)
-1.05210421e+00 (2.22131335e-02,1.31657043e-02) (1.83184157e-02,-2.53984468e-02) (7.42905941e-10,1.38731438e-09)
-1.03206413e+00 (2.27067180e-02,1.32001142e-02) (1.87492884e-02,-2.61321305e-02) (1.16739086e-09,2.19618493e-09)
-1.01202405e+00 (2.31964448e-02,1.32019408e-02) (1.91807879e-02,-2.68818917e-02) (1.83707452e-09,3.48288009e-09)
-9.91983968e-01 (2.36799657e-02,1.31665915e-02) (1.96117799e-02,-2.76475696e-02) (2.89435942e-09,5.53575018e-09)
-9.71943888e-01 (2.41544642e-02,1.30887874e-02) (2.00409700e-02,-2.84289196e-02) (4.56563206e-09,8.82031165e-09)
-9.51903808e-01 (2.46165337e-02,1.29624175e-02) (2.04668791e-02,-2.92255967e-02) (7.21355744e-09,1.41045394e-08)
-9.31863727e-01 (2.50620114e-02,1.27803500e-02) (2.08878133e-02,-3.00371340e-02) (1.14368351e-08,2.26553158e-08)
-9.11823647e-01 (2.54857454e-02,1.25341864e-02) (2.13018278e-02,-3.08629145e-02) (1.82832991e-08,3.65548184e-08)
-8.91783567e-01 (2.58812714e-02,1.22139506e-02) (2.17066800e-02,-3.17021346e-02) (2.96041455e-08,5.90058254e-08)
-8.71743487e-01 (2.62404023e-02,1.18076886e-02) (2.20997732e-02,-3.25537551e-02) (4.80624794e-08,9.45304360e-08)
-8.51703407e-01 (2.65527902e-02,1.13008337e-02) (2.24780841e-02,-3.34164374e-02) (7.53486502e-08,1.50037989e-07)
-8.31663327e-01 (2.68054073e-02,1.06747759e-02) (2.28380642e-02,-3.42884664e-02) (1.07407654e-07,2.41875906e-07)
-8.11623246e-01 (2.69809571e-02,9.90349415e-03) (2.31754743e-02,-3.51676524e-02) (1.33538609e-07,4.20213369e-07)
-7.91583166e-01 (2.70517739e-02,8.94762962e-03) (2.34850660e-02,-3.60511502e-02) (1.68422360e-07,8.17562441e-07)
-7.71543086e-01 (2.69630184e-02,7.74983731e-03) (2.37600289e-02,-3.69349627e-02) (3.67392671e-07,1.68693435e-06)
-7.51503006e-01 (2.66018468e-02,6.24488676e-03) (2.39913680e-02,-3.78126620e-02) (1.23712089e-06,3.31533028e-06)
-7.31462926e-01 (2.57657089e-02,4.40517370e-03) (2.41680114e-02,-3.86728789e-02) (3.79844811e-06,5.67060942e-06)
-7.11422846e-01 (2.41695531e-02,2.32823280e-03) (2.42791609e-02,-3.94959528e-02) (9.37329790e-06,7.82962489e-06)
-6.91382766e-01 (2.15393705e-02,3.26147098e-04) (2.43201164e-02,-4.02518918e-02) (1.87608641e-05,7.64382444e-06)
-6.71342685e-01 (1.77902635e-02,-1.07293569e-03) (2.43004683e-02,-4.09031341e-02) (3.11591981e-05,2.30110613e-06)
-6.51302605e-01 (1.31912608e-02,-1.28418846e-03) (2.42500208e-02,-4.14141415e-02) (4.38574540e-05,-1.01250224e-05)
-6.31262525e-01 (8.36721791e-03,5.74367745e-05) (2.42165714e-02,-4.17649279e-02) (5.35130283e-05,-2.91892430e-05)
-6.11222445e-01 (4.07431935e-03,2.88009512e-03) (2.42537732e-02,-4.19607774e-02) (5.84559420e-05,-5.21586497e-05)
-5.91182365e-01 (8.70039539e-04,6.69151697e-03) (2.44047299e-02,-4.20311059e-02) (6.02303373e-05,-7.60049257e-05)
-5.71142285e-01 (-1.09694305e-03,1.08299464e-02) (2.46909344e-02,-4.20176176e-02) (6.31057029e-05,-9.98284045e-05)
-5.51102204e-01 (-2.04805116e-03,1.47647095e-02) (2.51122575e-02,-4.19594419e-02) (7.22334888e-05,-1.25857006e-04)
-5.31062124e-01 (-2.36177031e-03,1.82486598e-02) (2.56555227e-02,-4.18838171e-02) (9.23352742e-05,-1.58692173e-04)
-5.11022044e-01 (-2.36659004e-03,2.12778849e-02) (2.63044545e-02,-4.18051459e-02) (1.28074262e-04,-2.04100216e-04)
-4.90981964e-01 (-2.25463652e-03,2.39596822e-02) (2.70456210e-02,-4.17292062e-02) (1.85755684e-04,-2.68706638e-04)
-4.70941884e-01 (-2.10327448e-03,2.64055837e-02) (2.78697564e-02,-4.16578490e-02) (2.75462400e-04,-3.60876730e-04)
-4.50901804e-01 (-1.93150384e-03,2.86909234e-02) (2.87707152e-02,-4.15917979e-02) (4.13352814e-04,-4.92322162e-04)
-4.30861723e-01 (-1.73996433e-03,3.08583615e-02) (2.97441534e-02,-4.15316625e-02) (6.24643960e-04,-6.80108416e-04)
-4.10821643e-01 (-1.52624252e-03,3.29319778e-02) (3.07867124e-02,-4.14781249e-02) (9.48162487e-04,-9.49229949e-04)
-3.90781563e-01 (-1.28711855e-03,3.49263670e-02) (3.18956213e-02,-4.14319521e-02) (1.44347712e-03,-1.33624480e-03)
-3.70741483e-01 (-1.01769346e-03,3.68499857e-02) (3.30684750e-02,-4.13940366e-02) (2.20193476e-03,-1.89460090e-03)
-3.50701403e-01 (-7.10757719e-04,3.87058094e-02) (3.43030552e-02,-4.13654655e-02) (3.36358378e-03,-2.70244408e-03)
-3.30661323e-01 (-3.56495490e-04,4.04910586e-02) (3.55971512e-02,-4.13476023e-02) (5.14301186e-03,-3.87398088e-03)
-3.10621242e-01 (5.78312630e-05,4.21963582e-02) (3.69483629e-02,-4.13421754e-02) (7.86861519e-03,-5.57587139e-03)
-2.90581162e-01 (5.48302468e-04,4.38042248e-02) (3.83538671e-02,-4.13513805e-02) (1.20418513e-02,-8.05059009e-03)
-2.70541082e-01 (1.13475565e-03,4.52867046e-02) (3.98101218e-02,-4.13779964e-02) (1.84256094e-02,-1.16490871e-02)
-2.50501002e-01 (1.84096414e-03,4.66019737e-02) (4.13124775e-02,-4.14255148e-02) (2.81735641e-02,-1.68750709e-02)
-2.30460922e-01 (2.69414939e-03,4.76897244e-02) (4.28546596e-02,-4.14982678e-02) (4.30138266e-02,-2.44420364e-02)
-2.10420842e-01 (3.72305320e-03,4.84652909e-02) (4.44280787e-02,-4.16015254e-02) (6.54965112e-02,-3.53401207e-02)
-1.90380762e-01 (4.95323855e-03,4.88128694e-02) (4.60209291e-02,-4.17414973e-02) (9.92970878e-02,-5.08998876e-02)
-1.70340681e-01 (6.39750269e-03,4.85791087e-02) (4.76170558e-02,-4.19251237e-02) (1.49517617e-01,-7.28192158e-02)
-1.50300601e-01 (8.03843293e-03,4.75701420e-02) (4.91946344e-02,-4.21594504e-02) (2.22816193e-01,-1.03081882e-01)
-1.30260521e-01 (9.79989396e-03,4.55579626e-02) (5.07248446e-02,-4.24502798e-02) (3.26988818e-01,-1.43642107e-01)
-1.10220441e-01 (1.15063684e-02,4.23052114e-02) (5.21709662e-02,-4.27996840e-02) (4.69346216e-01,-1.95702036e-01)
-9.01803607e-02 (1.28367845e-02,3.76179099e-02) (5.34886720e-02,-4.32019985e-02) (6.53084901e-01,-2.58448815e-01)
-7.01402806e-02 (1.32956432e-02,3.14274105e-02) (5.46285692e-02,-4.36383196e-02) (8.71449194e-01,-3.27399947e-01)
-5.01002004e-02 (1.22445325e-02,2.38808731e-02) (5.55418456e-02,-4.40706117e-02) (1.10162672e+00,-3.93160229e-01)
-3.00601202e-02 (9.03990270e-03,1.53918292e-02) (5.61887224e-02,-4.44382630e-02) (1.30362035e+00,-4.42158989e-01)
-1.00200401e-02 (3.27543147e-03,6.59761383e-03) (5.65474039e-02,-4.46611945e-02) (1.43010408e+00,-4.60739784e-01)
1.00200401e-02 (-4.96971206e-03,-1.78504934e-03) (5.66197489e-02,-4.46522491e-02) (1.44650130e+00,-4.41636178e-01)
3.00601202e-02 (-1.50412394e-02,-9.14397393e-03) (5.64307855e-02,-4.43365199e-02) (1.34910672e+00,-3.88609088e-01)
5.01002004e-02 (-2.58754949e-02,-1.51026204e-02) (5.60223670e-02,-4.36695950e-02) (1.16674320e+00,-3.15060599e-01)
7.01402806e-02 (-3.63407900e-02,-1.95487115e-02) (5.54441213e-02,-4.26460567e-02) (9.44793405e-01,-2.37352018e-01)
9.01803607e-02 (-4.55563597e-02,-2.25785569e-02) (5.47452367e-02,-4.12954271e-02) (7.24912070e-01,-1.68035069e-01)
1.10220441e-01 (-5.30407997e-02,-2.44081290e-02) (5.39690493e-02,-3.96698296e-02) (5.33383099e-01,-1.13104379e-01)
1.30260521e-01 (-5.86827638e-02,-2.52927283e-02) (5.31506375e-02,-3.78302366e-02) (3.80433003e-01,-7.31178973e-02)
1.50300601e-01 (-6.26191712e-02,-2.54734941e-02) (5.23166586e-02,-3.58360458e-02) (2.65372161e-01,-4.57340768e-02)
1.70340681e-01 (-6.51070544e-02,-2.51511874e-02) (5.14864373e-02,-3.37392848e-02) (1.82288301e-01,-2.77913924e-02)
1.90380762e-01 (-6.64316472e-02,-2.44795933e-02) (5.06735149e-02,-3.15825589e-02) (1.23940518e-01,-1.64149693e-02)
2.10420842e-01 (-6.68558023e-02,-2.35697376e-02) (4.98871693e-02,-2.93992613e-02) (8.37210184e-02,-9.38723783e-03)
2.30460922e-01 (-6.65995315e-02,-2.24982647e-02) (4.91336883e-02,-2.72148251e-02) (5.63355328e-02,-5.14414473e-03)
2.50501002e-01 (-6.58367602e-02,-2.13161270e-02) (4.84173428e-02,-2.50482699e-02) (3.78348430e-02,-2.64068871e-03)
2.70541082e-01 (-6.47000118e-02,-2.00559088e-02) (4.77410917e-02,-2.29136661e-02) (2.53965838e-02,-1.20264346e-03)
2.90581162e-01 (-6.32876792e-02,-1.87373695e-02) (4.71070770e-02,-2.08213753e-02) (1.70568697e-02,-4.05354013e-04)
3.10621242e-01 (-6.16712747e-02,-1.73713680e-02) (4.65169669e-02,-1.87790401e-02) (1.14721135e-02,1.38524238e-05)
3.30661323e-01 (-5.99016151e-02,-1.59625073e-02) (4.59721941e-02,-1.67923502e-02) (7.73293033e-03,2.14998897e-04)
3.50701403e-01 (-5.80136652e-02,-1.45108298e-02) (4.54741258e-02,-1.48656280e-02) (5.22794715e-03,2.94153282e-04)
3.70741483e-01 (-5.60300908e-02,-1.30128276e-02) (4.50241919e-02,-1.30022790e-02) (3.54781340e-03,3.08065383e-04)
3.90781563e-01 (-5.39636708e-02,-1.14619637e-02) (4.46239891e-02,-1.12051451e-02) (2.41907240e-03,2.89599611e-04)
4.10821643e-01 (-5.18187584e-02,-9.84884614e-03) (4.42753743e-02,-9.47679674e-03) (1.65924605e-03,2.57285679e-04)
4.30861723e-01 (-4.95920585e-02,-8.16099758e-03) (4.39805575e-02,-7.81979136e-03) (1.14659820e-03,2.21172219e-04)
4.50901804e-01 (-4.72727976e-02,-6.38147091e-03) (4.37422109e-02,-6.23691476e-03) (7.99899710e-04,1.86387518e-04)
4.70941884e-01 (-4.48406104e-02,-4.48459849e-03) (4.35636518e-02,-4.73142823e-03) (5.64962651e-04,1.55280874e-04)
4.90981964e-01 (-4.22549759e-02,-2.42886662e-03) (4.34492291e-02,-3.30744803e-03) (4.05738732e-04,1.28635283e-04)
5.11022044e-01 (-3.94269211e-02,-1.56790318e-04) (4.34049723e-02,-1.97088271e-03) (2.98402903e-04,1.06184886e-04)
5.31062124e-01 (-3.61756075e-02,2.37188993e-03) (4.34389859e-02,-7.31661203e-04) (2.27162948e-04,8.66526387e-05)
5.51102204e-01 (-3.22088298e-02,5.08778086e-03) (4.35599295e-02,3.92493654e-04) (1.80889529e-04,6.78100386e-05)
5.71142285e-01 (-2.71996013e-02,7.68452070e-03) (4.37713740e-02,1.37256295e-03) (1.50425974e-04,4.72755987e-05)
5.91182365e-01 (-2.09942222e-02,9.56549337e-03) (4.40619643e-02,2.16946159e-03) (1.27329389e-04,2.42062842e-05)
6.11222445e-01 (-1.38573199e-02,9.99358405e-03) (4.43962940e-02,2.74412937e-03) (1.04715423e-04,7.39578906e-07)
6.31262525e-01 (-6.54581398e-03,8.44006263e-03) (4.47148517e-02,3.07476946e-03) (7.93376742e-05,-1.85267095e-05)
6.51302605e-01 (-7.16386000e-05,4.92209760e-03) (4.49476889e-02,3.17177173e-03) (5.25656796e-05,-2.92779767e-05)
6.71342685e-01 (4.73987556e-03,6.18391358e-05) (4.50364156e-02,3.07944966e-03) (2.86768369e-05,-3.03967950e-05)
6.91382766e-01 (7.59670714e-03,-5.20026632e-03) (4.49517289e-02,2.86211252e-03) (1.14953344e-05,-2.45670059e-05)
7.11422846e-01 (8.76621239e-03,-1.00298617e-02) (4.46966788e-02,2.58315176e-03) (2.01112485e-06,-1.62532727e-05)
7.31462926e-01 (8.81921858e-03,-1.39746792e-02) (4.42964714e-02,2.28941007e-03) (-1.53035401e-06,-9.04233430e-06)
7.51503006e-01 (8.31800866e-03,-1.69732428e-02) (4.37837038e-02,2.00698638e-03) (-1.89099014e-06,-4.37435174e-06)
7.71543086e-01 (7.63882073e-03,-1.91897459e-02) (4.31875982e-02,1.74598906e-03) (-1.23735649e-06,-1.97244247e-06)
7.91583166e-01 (6.96001647e-03,-2.08382825e-02) (4.25300250e-02,1.50793717e-03) (-6.18366143e-07,-9.37539656e-07)
8.11623246e-01 (6.33524882e-03,-2.20883111e-02) (4.18262194e-02,1.29128658e-03) (-2.75379434e-07,-5.20016279e-07)
8.31663327e-01 (5.76712653e-03,-2.30480594e-02) (4.10869810e-02,1.09405117e-03) (-1.29436141e-07,-3.25677288e-07)
8.51703407e-01 (5.24747089e-03,-2.37827050e-02) (4.03204744e-02,9.14516391e-04) (-7.18928850e-08,-2.09647754e-07)
8.71743487e-01 (4.76992794e-03,-2.43344859e-02) (3.95332411e-02,7.51230430e-04) (-4.48447167e-08,-1.32477564e-07)
8.91783567e-01 (4.33065478e-03,-2.47342610e-02) (3.87306864e-02,6.02893845e-04) (-2.85189476e-08,-8.21922320e-08)
9.11823647e-01 (3.92682129e-03,-2.50063550e-02) (3.79173355e-02,4.68305889e-04) (-1.78278710e-08,-5.07587783e-08)
9.31863727e-01 (3.55581965e-03,-2.51704734e-02) (3.70970047e-02,3.46352013e-04) (-1.10093330e-08,-3.14843583e-08)
9.51903808e-01 (3.21512110e-03,-2.52427439e-02) (3.62729318e-02,2.36001839e-04) (-6.79672092e-09,-1.96469350e-08)
9.71943888e-01 (2.90232210e-03,-2.52364961e-02) (3.54478795e-02,1.36306026e-04) (-4.21777061e-09,-1.23144137e-08)
9.91983968e-01 (2.61518384e-03,-2.51628727e-02) (3.46242149e-02,4.63912171e-05) (-2.63066255e-09,-7.74104149e-09)
1.01202405e+00 (2.35164112e-03,-2.50312901e-02) (3.38039724e-02,-3.45456642e-05) (-1.64659365e-09,-4.87720541e-09)
1.03206413e+00 (2.10979634e-03,-2.48497822e-02) (3.29889041e-02,-1.07243053e-04) (-1.03331217e-09,-3.07919668e-09)
1.05210421e+00 (1.88790873e-03,-2.46252585e-02) (3.21805197e-02,-1.72380054e-04) (-6.49891769e-10,-1.94776145e-09)
1.07214429e+00 (1.68438260e-03,-2.43637029e-02) (3.13801197e-02,-2.30581379e-04) (-4.09580299e-10,-1.23421766e-09)
1.09218437e+00 (1.49775540e-03,-2.40703286e-02) (3.05888229e-02,-2.82421883e-04) (-2.58614570e-10,-7.83303584e-10)
1.11222445e+00 (1.32668631e-03,-2.37497002e-02) (2.98075892e-02,-3.28430729e-04) (-1.63571451e-10,-4.97833959e-10)
1.13226453e+00 (1.16994549e-03,-2.34058325e-02) (2.90372393e-02,-3.69095177e-04) (-1.03617754e-10,-3.16809384e-10)
1.15230461e+00 (1.02640412e-03,-2.30422694e-02) (2.82784707e-02,-4.04864042e-04) (-6.57315500e-11,-2.01846540e-10)
1.17234469e+00 (8.95025374e-04,-2.26621491e-02) (2.75318726e-02,-4.36150837e-04) (-4.17517634e-11,-1.28739396e-10)
1.19238477e+00 (7.74856200e-04,-2.22682576e-02) (2.67979375e-02,-4.63336641e-04) (-2.65516910e-11,-8.21920214e-11)
1.21242485e+00 (6.65019895e-04,-2.18630737e-02) (2.60770726e-02,-4.86772705e-04) (-1.69038769e-11,-5.25219422e-11)
1.23246493e+00 (5.64709409e-04,-2.14488061e-02) (2.53696085e-02,-5.06782831e-04) (-1.07725991e-11,-3.35904176e-11)
1.25250501e+00 (4.73181309e-04,-2.10274256e-02) (2.46758079e-02,-5.23665544e-04) (-6.87167500e-12,-2.14994354e-11)
1.27254509e+00 (3.89750330e-04,-2.06006920e-02) (2.39958728e-02,-5.37696079e-04) (-4.38717768e-12,-1.37704853e-11)
1.29258517e+00 (3.13784465e-04,-2.01701775e-02) (2.33299511e-02,-5.49128191e-04) (-2.80323942e-12,-8.82591428e-12)
1.31262525e+00 (2.44700521e-04,-1.97372869e-02) (2.26781418e-02,-5.58195825e-04) (-1.79252436e-12,-5.66026290e-12)
1.33266533e+00 (1.81960097e-04,-1.93032750e-02) (2.20405010e-02,-5.65114638e-04) (-1.14703928e-12,-3.63215351e-12)
1.35270541e+00 (1.25065946e-04,-1.88692617e-02) (2.14170461e-02,-5.70083399e-04) (-7.34467953e-13,-2.33202415e-12)
1.37274549e+00 (7.35586623e-05,-1.84362461e-02) (2.08077597e-02,-5.73285279e-04) (-4.70588390e-13,-1.49797851e-12)
1.39278557e+00 (2.70136725e-05,-1.80051177e-02) (2.02125939e-02,-5.74889035e-04) (-3.01697189e-13,-9.62636236e-13)
1.41282565e+00 (-1.49615032e-05,-1.75766673e-02) (1.96314734e-02,-5.75050100e-04) (-1.93510648e-13,-6.18951266e-13)
1.43286573e+00 (-5.27297535e-05,-1.71515962e-02) (1.90642986e-02,-5.73911590e-04) (-1.24192486e-13,-3.98114805e-13)
1.45290581e+00 (-8.66266624e-05,-1.67305248e-02) (1.85109483e-02,-5.71605230e-04) (-7.97460820e-14,-2.56156175e-13)
1.47294589e+00 (-1.16962601e-04,-1.63140000e-02) (1.79712824e-02,-5.68252213e-04) (-5.12271974e-14,-1.64902495e-13)
1.49298597e+00 (-1.44024644e-04,-1.59025018e-02) (1.74451439e-02,-5.63963986e-04) (-3.29257391e-14,-1.06201725e-13)
1.51302605e+00 (-1.68078333e-04,-1.54964499e-02) (1.69323614e-02,-5.58842988e-04) (-2.11650934e-14,-6.84270665e-14)
1.53306613e+00 (-1.89369290e-04,-1.50962086e-02) (1.64327506e-02,-5.52983318e-04) (-1.36216241e-14,-4.40515399e-14)
1.55310621e+00 (-2.08124710e-04,-1.47020923e-02) (1.59461161e-02,-5.46471367e-04) (-8.76151351e-15,-2.84158489e-14)
1.57314629e+00 (-2.24554726e-04,-1.43143698e-02) (1.54722532e-02,-5.39386393e-04) (-5.63619564e-15,-1.83470642e-14)
1.59318637e+00 (-2.38853676e-04,-1.39332684e-02) (1.50109489e-02,-5.31801058e-04) (-3.63384838e-15,-1.17973023e-14)
1.61322645e+00 (-2.51201267e-04,-1.35589779e-02) (1.45619835e-02,-5.23781924e-04) (-2.33223764e-15,-7.60596460e-15)
1.63326653e+00 (-2.61763653e-04,-1.31916538e-02) (1.41251319e-02,-5.15389913e-04) (-1.50118051e-15,-4.88409611e-15)
1.65330661e+00 (-2.70694426e-04,-1.28314207e-02) (1.37001641e-02,-5.06680732e-04) (-9.71668259e-16,-3.13943205e-15)
1.67334669e+00 (-2.78135540e-04,-1.24783749e-02) (1.32868467e-02,-4.97705267e-04) (-6.19733620e-16,-2.07710991e-15)
1.69338677e+00 (-2.84218160e-04,-1.21325873e-02) (1.28849436e-02,-4.88509953e-04) (-4.04723890e-16,-1.32179406e-15)
1.71342685e+00 (-2.89063447e-04,-1.17941056e-02) (1.24942167e-02,-4.79137107e-04) (-2.60891405e-16,-8.33988090e-16)
1.73346693e+00 (-2.92783294e-04,-1.14629567e-02) (1.21144269e-02,-4.69625247e-04) (-1.66814683e-16,-5.49747967e-16)
1.75350701e+00 (-2.95480996e-04,-1.11391485e-02) (1.17453342e-02,-4.60009381e-04) (-1.08600401e-16,-3.67455326e-16)
1.77354709e+00 (-2.97251880e-04,-1.08226720e-02) (1.13866989e-02,-4.50321278e-04) (-7.19346171e-17,-2.36419161e-16)
1.79358717e+00 (-2.98183885e-04,-1.05135029e-02) (1.10382819e-02,-4.40589719e-04) (-4.80246578e-17,-1.52265211e-16)
1.81362725e+00 (-2.98358101e-04,-1.02116032e-02) (1.06998448e-02,-4.30840727e-04) (-3.05572344e-17,-1.10017712e-16)
1.83366733e+00 (-2.97849272e-04,-9.91692262e-03) (1.03711511e-02,-4.21097787e-04) (-1.94537176e-17,-7.10882755e-17)
1.85370741e+00 (-2.96726254e-04,-9.62939994e-03) (1.00519657e-02,-4.11382038e-04) (-1.01993231e-17,-3.31063197e-17)
1.87374749e+00 (-2.95052450e-04,-9.34896421e-03) (9.74205602e-03,-4.01712464e-04) (-9.60197711e-18,-5.54966274e-19)
1.89378758e+00 (-2.92886211e-04,-9.07553585e-03) (9.44119171e-03,-3.92106066e-04) (-3.97921388e-18,-3.13616407e-17)
1.91382766e+00 (-2.90281202e-04,-8.80902774e-03) (9.14914526e-03,-3.82578014e-04) (-3.84249904e-18,-3.09772956e-17)
1.93386774e+00 (-2.87286752e-04,-8.54934606e-03) (8.86569211e-03,-3.73141803e-04) (-4.34785631e-18,-6.12555861e-19)
1.95390782e+00 (-2.83948170e-04,-8.29639123e-03) (8.59061083e-03,-3.63809381e-04) (-2.76982428e-19,5.74736794e-19)
1.97394790e+00 (-2.80307044e-04,-8.05005865e-03) (8.32368338e-03,-3.54591281e-04) (5.30984768e-20,6.51794352e-20)
1.99398798e+00 (-2.76401518e-04,-7.81023946e-03) (8.06469518e-03,-3.45496736e-04) (1.99400006e-20,-9.92668063e-21)
2.01402806e+00 (-2.72266545e-04,-7.57682116e-03) (7.81343527e-03,-3.36533787e-04) (-3.31179662e-22,3.83908826e-21)
2.03406814e+00 (-2.67934127e-04,-7.34968824e-03) (7.56969644e-03,-3.27709383e-04) (-2.53230295e-21,-1.37090072e-21)
2.05410822e+00 (-2.63433535e-04,-7.12872272e-03) (7.33327528e-03,-3.19029474e-04) (1.60886334e-22,-1.32064134e-21)
2.07414830e+00 (-2.58791516e-04,-6.91380464e-03) (7.10397227e-03,-3.10499096e-04) (6.12028224e-22,5.87035103e-22)
2.09418838e+00 (-2.54032479e-04,-6.70481253e-03) (6.88159185e-03,-3.02122453e-04) (-6.43880104e-22,-1.06672358e-21)
2.11422846e+00 (-2.49178678e-04,-6.50162384e-03) (6.66594243e-03,-2.93902986e-04) (1.74149944e-21,-4.44260159e-22)
2.13426854e+00 (-2.44250369e-04,-6.30411528e-03) (6.45683646e-03,-2.85843445e-04) (-9.88584104e-22,1.95836933e-21)
2.15430862e+00 (-2.39265969e-04,-6.11216320e-03) (6.25409041e-03,-2.77945948e-04) (-1.69577581e-21,-1.31120176e-21)
2.17434870e+00 (-2.34242193e-04,-5.92564384e-03) (6.05752480e-03,-2.70212041e-04) (1.41057350e-21,-5.21035311e-22)
2.19438878e+00 (-2.29194186e-04,-5.74443370e-03) (5.86696418e-03,-2.62642750e-04) (-2.09279930e-22,1.04468692e-21)
2.21442886e+00 (-2.24135646e-04,-5.56840970e-03) (5.68223715e-03,-2.55238633e-04) (-6.99196493e-22,-4.20587196e-22)
2.23446894e+00 (-2.19078933e-04,-5.39744945e-03) (5.50317629e-03,-2.47999820e-04) (3.47483165e-22,-3.25259498e-22)
2.25450902e+00 (-2.14035180e-04,-5.23143146e-03) (5.32961821e-03,-2.40926062e-04) (1.74332186e-22,2.24009855e-22)
2.27454910e+00 (-2.09014386e-04,-5.07023530e-03) (5.16140342e-03,-2.34016761e-04) (-1.48811642e-22,2.82414894e-23)
2.29458918e+00 (-2.04025503e-04,-4.91374177e-03) (4.99837638e-03,-2.27271013e-04) (1.02962940e-23,-8.88264834e-23)
2.31462926e+00 (-1.99076528e-04,-4.76183301e-03) (4.84038542e-03,-2.20687640e-04) (4.79769618e-23,4.70355554e-24)
2.33466934e+00 (-1.94174572e-04,-4.61439270e-03) (4.68728268e-03,-2.14265212e-04) (-2.74430703e-23,2.09668007e-23)
2.35470942e+00 (-1.89325935e-04,-4.47130609e-03) (4.53892409e-03,-2.08002086e-04) (-2.02255140e-23,-1.11179897e-23)
2.37474950e+00 (-1.84536175e-04,-4.33246014e-03) (4.39516930e-03,-2.01896424e-04) (1.39494266e-23,-1.21673966e-23)
2.39478958e+00 (-1.79810162e-04,-4.19774358e-03) (4.25588160e-03,-1.95946216e-04) (4.20018177e-24,9.11585419e-24)
2.41482966e+00 (-1.75152145e-04,-4.06704701e-03) (4.12092793e-03,-1.90149307e-04) (-4.11136009e-24,1.62597359e-24)
2.43486974e+00 (-1.70565794e-04,-3.94026291e-03) (3.99017873e-03,-1.84503411e-04) (-1.76089094e-24,-2.43298596e-24)
2.45490982e+00 (-1.66054258e-04,-3.81728575e-03) (3.86350795e-03,-1.79006131e-04) (1.18406363e-24,-2.54784456e-25)
2.47494990e+00 (-1.61620205e-04,-3.69801198e-03) (3.74079293e-03,-1.73654976e-04) (4.61069854e-25,1.19005511e-24)
2.49498998e+00 (-1.57265863e-04,-3.58234010e-03) (3.62191438e-03,-1.68447376e-04) (-1.10279379e-24,-3.67356420e-26)
2.51503006e+00 (-1.52993062e-04,-3.47017063e-03) (3.50675628e-03,-1.63380693e-04) (-6.59639221e-25,-2.96136158e-25)
2.53507014e+00 (-1.48803267e-04,-3.36140621e-03) (3.39520584e-03,-1.58452238e-04) (5.23547387e-25,-1.16135774e-25)
2.55511022e+00 (-1.44697613e-04,-3.25595152e-03) (3.28715339e-03,-1.53659277e-04) (-3.02153935e-25,1.25939967e-25)
2.57515030e+00 (-1.40676932e-04,-3.15371336e-03) (3.18249237e-03,-1.48999047e-04) (-4.65435546e-26,4.36169739e-25)
2.59519038e+00 (-1.36741786e-04,-3.05460061e-03) (3.08111921e-03,-1.44468760e-04) (9.27601010e-26,-1.38369770e-25)
2.61523046e+00 (-1.32892488e-04,-2.95852422e-03) (2.98293329e-03,-1.40065616e-04) (8.75895133e-27,3.42345158e-25)
2.63527054e+00 (-1.29129127e-04,-2.86539724e-03) (2.88783687e-03,-1.35786806e-04) (4.54068820e-25,-7.05793607e-26)
2.65531062e+00 (-1.25451594e-04,-2.77513478e-03) (2.79573500e-03,-1.31629525e-04) (7.92075447e-27,-1.05421401e-25)
2.67535070e+00 (-1.21859597e-04,-2.68765399e-03) (2.70653548e-03,-1.27590971e-04) (3.61658911e-25,-1.10371053e-25)
2.69539078e+00 (-1.18352681e-04,-2.60287406e-03) (2.62014879e-03,-1.23668357e-04) (-1.22268066e-25,-6.00318227e-25)
2.71543086e+00 (-1.14930248e-04,-2.52071617e-03) (2.53648800e-03,-1.19858912e-04) (-4.11434041e-25,-3.57343179e-26)
2.73547094e+00 (-1.11591570e-04,-2.44110352e-03) (2.45546873e-03,-1.16159888e-04) (-2.02653285e-25,6.74901053e-26)
2.75551102e+00 (-1.08335804e-04,-2.36396123e-03) (2.37700909e-03,-1.12568561e-04) (-1.71336958e-25,2.66740045e-25)
2.77555110e+00 (-1.05162005e-04,-2.28921639e-03) (2.30102958e-03,-1.09082238e-04) (1.77227401e-25,1.97392310e-25)
2.79559118e+00 (-1.02069139e-04,-2.21679797e-03) (2.22745307e-03,-1.05698257e-04) (7.96602777e-26,1.37814661e-26)
2.81563126e+00 (-9.90560952e-05,-2.14663683e-03) (2.15620470e-03,-1.02413993e-04) (1.81965204e-25,9.68761113e-26)
2.83567134e+00 (-9.61216939e-05,-2.07866564e-03) (2.08721186e-03,-9.92268572e-05) (2.22987258e-25,-1.90550314e-25)
2.85571142e+00 (-9.32646974e-05,-2.01281892e-03) (2.02040410e-03,-9.61342996e-05) (-4.25723075e-26,-1.76009481e-25)
2.87575150e+00 (-9.04838181e-05,-1.94903295e-03) (1.95571307e-03,-9.31338129e-05) (3.36114812e-26,-7.37101664e-26)
2.89579158e+00 (-8.77777266e-05,-1.88724574e-03) (1.89307249e-03,-9.02229320e-05) (-3.80199984e-26,-1.88852384e-25)
2.91583166e+00 (-8.51450590e-05,-1.82739703e-03) (1.83241806e-03,-8.73992359e-05) (-1.22802686e-25,-6.63935602e-26)
2.93587174e+00 (-8.25844228e-05,-1.76942822e-03) (1.77368743e-03,-8.46603490e-05) (-8.09231727e-26,-8.16514965e-26)
2.95591182e+00 (-8.00944037e-05,-1.71328235e-03) (1.71682014e-03,-8.20039410e-05) (-1.77154339e-25,1.12093198e-26)
2.97595190e+00 (-7.76735704e-05,-1.65890406e-03) (1.66175756e-03,-7.94277286e-05) (-2.78394278e-26,9.62652402e-26)
2.99599198e+00 (-7.53204796e-05,-1.60623957e-03) (1.60844284e-03,-7.69294753e-05) (-2.34837996e-26,2.04135535e-26)
3.01603206e+00 (-7.30336808e-05,-1.55523662e-03) (1.55682087e-03,-7.45069918e-05) (5.16075586e-26,2.64523294e-26)
3.03607214e+00 (-7.08117198e-05,-1.50584445e-03) (1.50683821e-03,-7.21581366e-05) (-9.25164610e-26,-1.36480826e-25)
3.05611222e+00 (-6.86531427e-05,-1.45801378e-03) (1.45844306e-03,-6.98808154e-05) (-1.79693393e-25,1.90386991e-25)
3.07615230e+00 (-6.65564991e-05,-1.41169673e-03) (1.41158520e-03,-6.76729814e-05) (1.34721171e-25,7.99830750e-26)
3.09619238e+00 (-6.45203450e-05,-1.36684682e-03) (1.36621598e-03,-6.55326353e-05) (-1.36196244e-25,3.76701852e-26)
3.11623246e+00 (-6.25432453e-05,-1.32341896e-03) (1.32228820e-03,-6.34578246e-05) (1.35374368e-25,2.78942446e-25)
3.13627255e+00 (-6.06237765e-05,-1.28136934e-03) (1.27975614e-03,-6.14466437e-05) (1.75917860e-25,-9.77430181e-26)
3.15631263e+00 (-5.87605284e-05,-1.24065547e-03) (1.23857549e-03,-5.94972332e-05) (-4.71680258e-26,5.50096249e-26)
3.17635271e+00 (-5.69521062e-05,-1.20123612e-03) (1.19870330e-03,-5.76077795e-05) (1.58475465e-25,6.52846669e-26)
3.19639279e+00 (-5.51971319e-05,-1.16307128e-03) (1.16009794e-03,-5.57765144e-05) (7.65203322e-26,-1.13316542e-25)
3.21643287e+00 (-5.34942462e-05,-1.12612213e-03) (1.12271908e-03,-5.40017144e-05) (-9.18635880e-26,-6.91616040e-26)
3.23647295e+00 (-5.18421093e-05,-1.09035102e-03) (1.08652764e-03,-5.22816999e-05) (-1.10625669e-25,8.74249266e-26)
3.25651303e+00 (-5.02394019e-05,-1.05572143e-03) (1.05148573e-03,-5.06148351e-05) (-3.04560407e-26,1.13610153e-25)
3.27655311e+00 (-4.86848267e-05,-1.02219795e-03) (1.01755666e-03,-4.89995266e-05) (-3.76844247e-26,1.63979979e-25)
3.29659319e+00 (-4.71771087e-05,-9.89746228e-04) (9.84704860e-04,-4.74342232e-05) (9.76278817e-26,1.72834285e-25)
3.31663327e+00 (-4.57149961e-05,-9.58332975e-04) (9.52895881e-04,-4.59174149e-05) (9.71555849e-26,5.75778532e-26)
3.33667335e+00 (-4.42972606e-05,-9.27925904e-04) (9.22096333e-04,-4.44476322e-05) (5.54019258e-26,3.21108886e-26)
3.35671343e+00 (-4.29226981e-05,-8.98493716e-04) (8.92273868e-04,-4.30234455e-05) (-8.70674203e-27,3.02410475e-26)
3.37675351e+00 (-4.15901289e-05,-8.70006076e-04) (8.63397145e-04,-4.16434640e-05) (8.05311721e-27,9.07339269e-26)
3.39679359e+00 (-4.02983982e-05,-8.42433579e-04) (8.35435796e-04,-4.03063349e-05) (-1.33991047e-26,3.13230487e-26)
3.41683367e+00 (-3.90463757e-05,-8.15747729e-04) (8.08360402e-04,-3.90107430e-05) (-4.37258448e-26,1.32778952e-25)
3.43687375e+00 (-3.78329565e-05,-7.89920910e-04) (7.82142458e-04,-3.77554094e-05) (5.46430627e-26,9.64237239e-26)
3.45691383e+00 (-3.66570603e-05,-7.64926362e-04) (7.56754346e-04,-3.65390909e-05) (-3.06622980e-26,9.23047929e-26)
3.47695391e+00 (-3.55176321e-05,-7.40738159e-04) (7.32169312e-04,-3.53605794e-05) (5.28459664e-26,1.55990281e-25)
3.49699399e+00 (-3.44136417e-05,-7.17331183e-04) (7.08361433e-04,-3.42187005e-05) (6.62606757e-26,7.18124245e-26)
3.51703407e+00 (-3.33440836e-05,-6.94681099e-04) (6.85305592e-04,-3.31123134e-05) (5.11688870e-26,1.20089903e-25)
3.53707415e+00 (-3.23079773e-05,-6.72764337e-04) (6.62977457e-04,-3.20403095e-05) (1.44028188e-25,7.82690231e-26)
3.55711423e+00 (-3.13043663e-05,-6.51558066e-04) (6.41353453e-04,-3.10016119e-05) (7.52207536e-26,3.34540879e-27)
3.57715431e+00 (-3.03323187e-05,-6.31040176e-04) (6.20410738e-04,-2.99951745e-05) (1.00122561e-25,7.21146786e-26)
3.59719439e+00 (-2.93909262e-05,-6.11189254e-04) (6.00127181e-04,-2.90199814e-05) (1.16377645e-25,-2.73976077e-26)
3.61723447e+00 (-2.84793043e-05,-5.91984566e-04) (5.80481340e-04,-2.80750459e-05) (8.25363850e-26,4.06545007e-26)
3.63727455e+00 (-2.75965921e-05,-5.73406034e-04) (5.61452438e-04,-2.71594097e-05) (1.59906038e-25,-6.86115303e-26)
3.65731463e+00 (-2.67419513e-05,-5.55434222e-04) (5.43020344e-04,-2.62721423e-05) (2.53032817e-26,-4.75647733e-26)
3.67735471e+00 (-2.59145666e-05,-5.38050311e-04) (5.25165553e-04,-2.54123403e-05) (1.08384032e-25,-6.10684912e-26)
3.69739479e+00 (-2.51136448e-05,-5.21236088e-04) (5.07869161e-04,-2.45791265e-05) (-2.77731327e-26,-6.26195356e-26)
3.71743487e+00 (-2.43384149e-05,-5.04973922e-04) (4.91112854e-04,-2.37716493e-05) (9.50670795e-26,-3.83568082e-28)
3.73747495e+00 (-2.35881271e-05,-4.89246749e-04) (4.74878881e-04,-2.29890818e-05) (-1.37662784e-27,-1.24315446e-25)
3.75751503e+00 (-2.28620531e-05,-4.74038057e-04) (4.59150041e-04,-2.22306213e-05) (-1.11180509e-26,-9.31073236e-27)
3.77755511e+00 (-2.21594852e-05,-4.59331868e-04) (4.43909661e-04,-2.14954887e-05) (-2.55341648e-26,-8.39059562e-26)
3.79759519e+00 (-2.14797361e-05,-4.45112721e-04) (4.29141586e-04,-2.07829275e-05) (-7.30855648e-26,2.82996551e-26)
3.81763527e+00 (-2.08221387e-05,-4.31365661e-04) (4.14830153e-04,-2.00922034e-05) (2.62613894e-26,-1.90011856e-28)
3.83767535e+00 (-2.01860451e-05,-4.18076220e-04) (4.00960182e-04,-1.94226034e-05) (-3.50014554e-26,-4.99433509e-26)
3.85771543e+00 (-1.95708267e-05,-4.05230405e-04) (3.87516957e-04,-1.87734357e-05) (-4.24473246e-26,-1.25483986e-26)
3.87775551e+00 (-1.89758738e-05,-3.92814683e-04) (3.74486212e-04,-1.81440284e-05) (-5.35158597e-26,-5.00660640e-26)
3.89779559e+00 (-1.84005949e-05,-3.80815966e-04) (3.61854114e-04,-1.75337293e-05) (-1.10522580e-25,2.54870554e-26)
3.91783567e+00 (-1.78444164e-05,-3.69221604e-04) (3.49607253e-04,-1.69419053e-05) (2.20739200e-26,2.99935368e-26)
3.93787575e+00 (-1.73067826e-05,-3.58019362e-04) (3.37732622e-04,-1.63679418e-05) (-5.23744855e-26,-6.50408177e-26)
3.95791583e+00 (-1.67871544e-05,-3.47197420e-04) (3.26217611e-04,-1.58112418e-05) (-2.84991841e-27,-4.01854168e-27)
3.97795591e+00 (-1.62850100e-05,-3.36744349e-04) (3.15049985e-04,-1.52712259e-05) (-7.17699440e-26,-1.42498907e-25)
3.99799599e+00 (-1.57998436e-05,-3.26649108e-04) (3.04217880e-04,-1.47473313e-05) (-1.06058304e-25,2.25053164e-26)
4.01803607e+00 (-1.53311656e-05,-3.16901031e-04) (2.93709783e-04,-1.42390116e-05) (-3.79924760e-26,-9.65022949e-26)
4.03807615e+00 (-1.48785020e-05,-3.07489812e-04) (2.83514526e-04,-1.37457361e-05) (-1.12602311e-25,2.23518426e-26)
4.05811623e+00 (-1.44413940e-05,-2.98405500e-04) (2.73621270e-04,-1.32669893e-05) (8.53269772e-27,-9.64971719e-26)
4.07815631e+00 (-1.40193977e-05,-2.89638485e-04) (2.64019497e-04,-1.28022703e-05) (-1.47931357e-25,-1.62815912e-26)
4.09819639e+00 (-1.36120839e-05,-2.81179492e-04) (2.54698997e-04,-1.23510928e-05) (1.53433750e-26,-5.25351740e-26)
4.11823647e+00 (-1.32190373e-05,-2.73019566e-04) (2.45649855e-04,-1.19129839e-05) (-1.47030387e-25,-3.18858119e-26)
4.13827655e+00 (-1.28398568e-05,-2.65150068e-04) (2.36862448e-04,-1.14874843e-05) (3.66366133e-26,-7.21743173e-27)
4.15831663e+00 (-1.24741546e-05,-2.57562665e-04) (2.28327426e-04,-1.10741475e-05) (-1.12381953e-25,-7.56232951e-26)
4.17835671e+00 (-1.21215561e-05,-2.50249318e-04) (2.20035709e-04,-1.06725395e-05) (2.06409030e-26,9.67196012e-27)
4.19839679e+00 (-1.17816996e-05,-2.43202278e-04) (2.11978473e-04,-1.02822383e-05) (-8.17041605e-26,-1.00847995e-25)
4.21843687e+00 (-1.14542361e-05,-2.36414076e-04) (2.04147143e-04,-9.90283330e-06) (-5.42181701e-27,2.21677359e-26)
4.23847695e+00 (-1.11388288e-05,-2.29877517e-04) (1.96533385e-04,-9.53392544e-06) (-3.44655339e-26,-1.13764502e-25)
4.25851703e+00 (-1.08351528e-05,-2.23585668e-04) (1.89129093e-04,-9.17512625e-06) (-3.57140051e-26,-5.14437501e-27)
4.27855711e+00 (-1.05428949e-05,-2.17531858e-04) (1.81926385e-04,-8.82605774e-06) (-2.58016553e-26,-1.17779167e-25)
4.29859719e+00 (-1.02617535e-05,-2.11709663e-04) (1.74917593e-04,-8.48635195e-06) (-7.33972250e-26,-9.14573985e-27)
4.31863727e+00 (-9.99143802e-06,-2.06112907e-04) (1.68095253e-04,-8.15565060e-06) (-2.56933556e-27,-9.97229995e-26)
4.33867735e+00 (-9.73166869e-06,-2.00735651e-04) (1.61452100e-04,-7.83360470e-06) (-9.72954775e-26,-2.88950648e-26)
4.35871743e+00 (-9.48217650e-06,-1.95572186e-04) (1.54981060e-04,-7.51987425e-06) (7.32331152e-27,-7.29835474e-26)
4.37875752e+00 (-9.24270281e-06,-1.90617032e-04) (1.48675240e-04,-7.21412784e-06) (-1.11105595e-25,-4.69228293e-26)
4.39879760e+00 (-9.01299914e-06,-1.85864928e-04) (1.42527923e-04,-6.91604236e-06) (8.06499467e-27,-3.31542702e-26)
4.41883768e+00 (-8.79282691e-06,-1.81310828e-04) (1.36532561e-04,-6.62530264e-06) (-1.08549861e-25,-6.02175170e-26)
4.43887776e+00 (-8.58195729e-06,-1.76949894e-04) (1.30682767e-04,-6.34160116e-06) (5.22590405e-28,1.81513245e-26)
4.45891784e+00 (-8.38017091e-06,-1.72777494e-04) (1.24972308e-04,-6.06463770e-06) (-6.78512985e-26,-6.74357334e-26)
4.47895792e+00 (-8.18725774e-06,-1.68789196e-04) (1.19395099e-04,-5.79411905e-06) (-1.48241724e-26,3.32109651e-26)
4.49899800e+00 (-8.00301681e-06,-1.64980764e-04) (1.13945198e-04,-5.52975874e-06) (-4.85145427e-26,-6.33776182e-26)
4.51903808e+00 (-7.82725608e-06,-1.61348149e-04) (1.08616797e-04,-5.27127667e-06) (-2.79149459e-26,5.59439137e-26)
4.53907816e+00 (-7.65979223e-06,-1.57887491e-04) (1.03404217e-04,-5.01839892e-06) (-2.28482580e-26,-5.10553969e-26)
4.55911824e+00 (-7.50045050e-06,-1.54595113e-04) (9.83019023e-05,-4.77085738e-06) (-2.86679040e-26,5.86971823e-26)
4.57915832e+00 (-7.34906452e-06,-1.51467515e-04) (9.33044156e-05,-4.52838953e-06) (-1.85399617e-26,-4.33996470e-26)
4.59919840e+00 (-7.20547615e-06,-1.48501373e-04) (8.84064294e-05,-4.29073814e-06) (-1.99218005e-26,6.32197476e-26)
4.61923848e+00 (-7.06953534e-06,-1.45693533e-04) (8.36027227e-05,-4.05765101e-06) (-2.73213795e-26,-4.20683490e-26)
4.63927856e+00 (-6.94109997e-06,-1.43041010e-04) (7.88881745e-05,-3.82888072e-06) (-4.78008723e-27,7.27818387e-26)
4.65931864e+00 (-6.82003573e-06,-1.40540985e-04) (7.42577589e-05,-3.60418435e-06) (-3.06447179e-26,-4.85763839e-26)
4.67935872e+00 (-6.70621597e-06,-1.38190798e-04) (6.97065390e-05,-3.38332327e-06) (7.44247885e-27,6.83253026e-26)
4.69939880e+00 (-6.59952159e-06,-1.35987951e-04) (6.52296626e-05,-3.16606283e-06) (-4.68184309e-26,-5.18736513e-26)
4.71943888e+00 (-6.49984096e-06,-1.33930102e-04) (6.08223562e-05,-2.95217216e-06) (1.96074425e-26,7.02728723e-26)
4.73947896e+00 (-6.40706974e-06,-1.32015063e-04) (5.64799205e-05,-2.74142392e-06) (-5.01441225e-26,-5.49219585e-26)
4.75951904e+00 (-6.32111084e-06,-1.30240797e-04) (5.21977249e-05,-2.53359406e-06) (2.28583890e-26,6.19925940e-26)
4.77955912e+00 (-6.24187429e-06,-1.28605417e-04) (4.79712031e-05,-2.32846157e-06) (-4.90343158e-26,-5.12034265e-26)
4.79959920e+00 (-6.16927720e-06,-1.27107185e-04) (4.37958479e-05,-2.12580828e-06) (1.34172342e-26,4.81224391e-26)
4.81963928e+00 (-6.10324361e-06,-1.25744507e-04) (3.96672067e-05,-1.92541861e-06) (-4.26083305e-26,-3.38655139e-26)
4.83967936e+00 (-6.04370448e-06,-1.24515936e-04) (3.55808761e-05,-1.72707934e-06) (5.23010060e-27,2.99756957e-26)
4.85971944e+00 (-5.99059760e-06,-1.23420164e-04) (3.15324982e-05,-1.53057940e-06) (-3.07119024e-26,-1.77617099e-26)
4.87975952e+00 (-5.94386753e-06,-1.22456028e-04) (2.75177552e-05,-1.33570964e-06) (-4.85590526e-27,8.48030567e-27)
4.89979960e+00 (-5.90346553e-06,-1.21622502e-04) (2.35323649e-05,-1.14226260e-06) (-2.52157127e-26,-2.44432083e-27)
4.91983968e+00 (-5.86934954e-06,-1.20918702e-04) (1.95720767e-05,-9.50032331e-07) (-1.11605884e-26,-2.94773842e-27)
4.93987976e+00 (-5.84148416e-06,-1.20343880e-04) (1.56326662e-05,-7.58814117e-07) (-1.89370939e-26,2.88657184e-27)
4.95991984e+00 (-5.81984056e-06,-1.19897425e-04) (1.17099314e-05,-5.68404308e-07) (-1.23933300e-26,-8.20085392e-27)
4.97995992e+00 (-5.80439649e-06,-1.19578865e-04) (7.79968808e-06,-3.78600084e-07) (-1.58813007e-26,-7.38307858e-28)
5.00000000e+00 (-5.79204744e-06,-1.19324152e-04) (3.89776505e-06,-1.89199246e-07) (-1.50978386e-26,-4.52489956e-27)
