0.8 	 500
Z	 ux	 uz 	 rho
-5.00000000e+00 (1.15775597e-04,7.88808864e-04) (1.26462346e-05,-1.85612182e-06) (-8.46817889e-13,8.13466340e-13)
-4.97995992e+00 (1.15835187e-04,7.89214031e-04) (2.52957167e-05,-3.71272129e-06) (-7.12829218e-13,1.13529123e-12)
-4.95991984e+00 (1.15909684e-04,7.89720545e-04) (3.79516945e-05,-5.57027612e-06) (-1.09980364e-12,2.84196338e-13)
-4.93987976e+00 (1.16014006e-04,7.90429820e-04) (5.06174176e-05,-7.42926426e-06) (-6.41268928e-13,1.69947630e-12)
-4.91983968e+00 (1.16148182e-04,7.91342020e-04) (6.32961376e-05,-9.29016408e-06) (-1.22896488e-12,-6.92795774e-15)
-4.89979960e+00 (1.16312249e-04,7.92457362e-04) (7.59911096e-05,-1.11534545e-05) (-7.63247789e-13,2.21249641e-12)
-4.87975952e+00 (1.16506253e-04,7.93776113e-04) (8.87055921e-05,-1.30196150e-05) (-1.30878484e-12,-3.43579691e-14)
-4.85971944e+00 (1.16730246e-04,7.95298591e-04) (1.01442849e-04,-1.48891259e-05) (-9.47973754e-13,2.68094681e-12)
-4.83967936e+00 (1.16984290e-04,7.97025164e-04) (1.14206148e-04,-1.67624686e-05) (-1.36100836e-12,1.97218749e-13)
-4.81963928e+00 (1.17268452e-04,7.98956253e-04) (1.26998766e-04,-1.86401252e-05) (-1.17009092e-12,3.62891770e-12)
-4.79959920e+00 (1.17582811e-04,8.01092330e-04) (1.39823984e-04,-2.05225793e-05) (-4.02501267e-13,4.72347975e-13)
-4.77955912e+00 (1.17927450e-04,8.03433917e-04) (1.52685093e-04,-2.24103155e-05) (-1.68661321e-12,4.55003658e-12)
-4.75951904e+00 (1.18302463e-04,8.05981587e-04) (1.65585392e-04,-2.43038201e-05) (2.01150846e-12,1.43645121e-12)
-4.73947896e+00 (1.18707950e-04,8.08735964e-04) (1.78528190e-04,-2.62035809e-05) (-1.86584186e-12,3.18267061e-12)
-4.71943888e+00 (1.19144021e-04,8.11697726e-04) (1.91516806e-04,-2.81100871e-05) (3.76747877e-12,3.77377133e-12)
-4.69939880e+00 (1.19610792e-04,8.14867599e-04) (2.04554570e-04,-3.00238300e-05) (8.94029509e-13,-3.77280591e-13)
-4.67935872e+00 (1.20108389e-04,8.18246362e-04) (2.17644825e-04,-3.19453028e-05) (1.53643425e-12,4.01386931e-12)
-4.65931864e+00 (1.20636945e-04,8.21834845e-04) (2.30790926e-04,-3.38750008e-05) (5.15698164e-12,-7.18341411e-13)
-4.63927856e+00 (1.21196602e-04,8.25633931e-04) (2.43996243e-04,-3.58134213e-05) (-6.13624577e-13,-1.20208038e-12)
-4.61923848e+00 (1.21787511e-04,8.29644551e-04) (2.57264158e-04,-3.77610642e-05) (2.93554418e-12,1.58015891e-12)
-4.59919840e+00 (1.22409830e-04,8.33867691e-04) (2.70598072e-04,-3.97184317e-05) (1.05312062e-12,-3.73388735e-12)
-4.57915832e+00 (1.23063727e-04,8.38304388e-04) (2.84001399e-04,-4.16860287e-05) (-1.97193521e-12,4.75879477e-13)
-4.55911824e+00 (1.23749377e-04,8.42955731e-04) (2.97477572e-04,-4.36643628e-05) (7.11886856e-13,-4.41865518e-13)
-4.53907816e+00 (1.24466965e-04,8.47822861e-04) (3.11030040e-04,-4.56539446e-05) (-2.03866496e-12,-1.02540218e-13)
-4.51903808e+00 (1.25216683e-04,8.52906971e-04) (3.24662273e-04,-4.76552875e-05) (-6.32732329e-13,1.52297624e-12)
-4.49899800e+00 (1.25998734e-04,8.58209305e-04) (3.38377758e-04,-4.96689084e-05) (-4.54392633e-13,1.65213232e-12)
-4.47895792e+00 (1.26813329e-04,8.63731161e-04) (3.52180006e-04,-5.16953271e-05) (8.11162865e-13,1.30396752e-12)
-4.45891784e+00 (1.27660686e-04,8.69473889e-04) (3.66072545e-04,-5.37350672e-05) (-4.55179932e-14,1.76277810e-12)
-4.43887776e+00 (1.28541034e-04,8.75438891e-04) (3.80058928e-04,-5.57886557e-05) (3.18760797e-12,1.70176665e-12)
-4.41883768e+00 (1.29454613e-04,8.81627624e-04) (3.94142730e-04,-5.78566234e-05) (9.79028696e-13,-1.56726009e-12)
-4.39879760e+00 (1.30401668e-04,8.88041594e-04) (4.08327549e-04,-5.99395050e-05) (1.25702526e-12,1.74926172e-12)
-4.37875752e+00 (1.31382457e-04,8.94682363e-04) (4.22617009e-04,-6.20378392e-05) (3.49735585e-12,-2.23116216e-12)
-4.35871743e+00 (1.32397244e-04,9.01551545e-04) (4.37014759e-04,-6.41521690e-05) (-9.48307111e-13,-2.69614802e-12)
-4.33867735e+00 (1.33446306e-04,9.08650806e-04) (4.51524474e-04,-6.62830415e-05) (-4.13646350e-13,-5.60842875e-13)
-4.31863727e+00 (1.34529928e-04,9.15981868e-04) (4.66149855e-04,-6.84310084e-05) (-4.27257799e-13,-1.46419271e-12)
-4.29859719e+00 (1.35648404e-04,9.23546503e-04) (4.80894634e-04,-7.05966263e-05) (-2.18526917e-12,-1.34499716e-12)
-4.27855711e+00 (1.36802040e-04,9.31346540e-04) (4.95762569e-04,-7.27804563e-05) (-2.89627737e-12,1.85134470e-12)
-4.25851703e+00 (1.37991150e-04,9.39383857e-04) (5.10757449e-04,-7.49830644e-05) (8.65279678e-13,2.26318965e-12)
-4.23847695e+00 (1.39216060e-04,9.47660390e-04) (5.25883093e-04,-7.72050222e-05) (-2.64458868e-13,-2.43559597e-13)
-4.21843687e+00 (1.40477105e-04,9.56178126e-04) (5.41143353e-04,-7.94469060e-05) (-6.47571150e-13,2.19556175e-12)
-4.19839679e+00 (1.41774632e-04,9.64939107e-04) (5.56542111e-04,-8.17092981e-05) (1.69945893e-12,1.27011169e-12)
-4.17835671e+00 (1.43108997e-04,9.73945427e-04) (5.72083284e-04,-8.39927860e-05) (1.04927896e-12,6.45906794e-14)
-4.15831663e+00 (1.44480568e-04,9.83199236e-04) (5.87770822e-04,-8.62979633e-05) (8.83494296e-13,-6.62100668e-13)
-4.13827655e+00 (1.45889724e-04,9.92702736e-04) (6.03608711e-04,-8.86254295e-05) (-1.01993274e-12,-6.25684523e-13)
-4.11823647e+00 (1.47336854e-04,1.00245818e-03) (6.19600970e-04,-9.09757901e-05) (-6.68212788e-14,1.07714954e-12)
-4.09819639e+00 (1.48822361e-04,1.01246789e-03) (6.35751659e-04,-9.33496573e-05) (-2.03861843e-13,-7.73837766e-13)
-4.07815631e+00 (1.50346655e-04,1.02273422e-03) (6.52064871e-04,-9.57476494e-05) (-1.91694157e-12,1.83493286e-12)
-4.05811623e+00 (1.51910164e-04,1.03325959e-03) (6.68544740e-04,-9.81703917e-05) (2.05984589e-12,2.83059397e-12)
-4.03807615e+00 (1.53513322e-04,1.04404646e-03) (6.85195439e-04,-1.00618516e-04) (2.52752844e-12,-5.34724743e-13)
-4.01803607e+00 (1.55156579e-04,1.05509738e-03) (7.02021179e-04,-1.03092663e-04) (1.19295593e-12,-8.88344701e-13)
-3.99799599e+00 (1.56840397e-04,1.06641490e-03) (7.19026216e-04,-1.05593477e-04) (6.75170680e-13,-1.50584048e-12)
-3.97795591e+00 (1.58565249e-04,1.07800167e-03) (7.36214844e-04,-1.08121613e-04) (-5.43181099e-13,-9.68260396e-13)
-3.95791583e+00 (1.60331623e-04,1.08986036e-03) (7.53591400e-04,-1.10677733e-04) (-3.12353395e-13,-2.19053168e-13)
-3.93787575e+00 (1.62140019e-04,1.10199371e-03) (7.71160266e-04,-1.13262507e-04) (-2.07428179e-14,-2.21076868e-13)
-3.91783567e+00 (1.63990951e-04,1.11440452e-03) (7.88925867e-04,-1.15876612e-04) (-1.96975879e-13,-5.18412323e-13)
-3.89779559e+00 (1.65884948e-04,1.12709561e-03) (8.06892675e-04,-1.18520734e-04) (-6.94237133e-13,-9.13422391e-14)
-3.87775551e+00 (1.67822550e-04,1.14006989e-03) (8.25065206e-04,-1.21195568e-04) (-3.63929368e-13,3.12446244e-13)
-3.85771543e+00 (1.69804314e-04,1.15333029e-03) (8.43448022e-04,-1.23901818e-04) (-4.01891016e-13,3.58748605e-13)
-3.83767535e+00 (1.71830811e-04,1.16687981e-03) (8.62045736e-04,-1.26640195e-04) (-8.26439122e-14,1.01316482e-12)
-3.81763527e+00 (1.73902627e-04,1.18072149e-03) (8.80863006e-04,-1.29411423e-04) (1.36761425e-12,7.48420099e-13)
-3.79759519e+00 (1.76020364e-04,1.19485842e-03) (8.99904541e-04,-1.32216231e-04) (1.22017296e-12,-1.34448056e-12)
-3.77755511e+00 (1.78184640e-04,1.20929375e-03) (9.19175100e-04,-1.35055362e-04) (-8.58313859e-13,-1.16468671e-12)
-3.75751503e+00 (1.80396087e-04,1.22403066e-03) (9.38679491e-04,-1.37929566e-04) (-7.56030968e-13,2.41325228e-13)
-3.73747495e+00 (1.82655358e-04,1.23907239e-03) (9.58422576e-04,-1.40839606e-04) (-2.92266017e-13,3.57378198e-13)
-3.71743487e+00 (1.84963119e-04,1.25442223e-03) (9.78409267e-04,-1.43786251e-04) (-6.08122785e-14,7.84623906e-13)
-3.69739479e+00 (1.87320055e-04,1.27008349e-03) (9.98644531e-04,-1.46770287e-04) (1.22416228e-12,5.47504399e-13)
-3.67735471e+00 (1.89726869e-04,1.28605956e-03) (1.01913339e-03,-1.49792506e-04) (1.12070791e-12,-1.62567250e-12)
-3.65731463e+00 (1.92184282e-04,1.30235385e-03) (1.03988091e-03,-1.52853713e-04) (-1.69204504e-12,-1.90006604e-12)
-3.63727455e+00 (1.94693036e-04,1.31896980e-03) (1.06089223e-03,-1.55954727e-04) (-2.51973026e-12,9.49250412e-13)
-3.61723447e+00 (1.97253889e-04,1.33591092e-03) (1.08217253e-03,-1.59096376e-04) (-3.92705983e-13,2.27860586e-12)
-3.59719439e+00 (1.99867623e-04,1.35318075e-03) (1.10372705e-03,-1.62279501e-04) (1.03190959e-12,1.48064424e-12)
-3.57715431e+00 (2.02535037e-04,1.37078284e-03) (1.12556109e-03,-1.65504957e-04) (1.59562859e-12,5.49191496e-13)
-3.55711423e+00 (2.05256955e-04,1.38872082e-03) (1.14768000e-03,-1.68773610e-04) (1.51929833e-12,-7.31626354e-13)
-3.53707415e+00 (2.08034219e-04,1.40699831e-03) (1.17008921e-03,-1.72086342e-04) (4.71844721e-13,-1.47181534e-12)
-3.51703407e+00 (2.10867698e-04,1.42561899e-03) (1.19279418e-03,-1.75444046e-04) (-6.33752444e-13,-1.31965966e-12)
-3.49699399e+00 (2.13758280e-04,1.44458656e-03) (1.21580044e-03,-1.78847631e-04) (-1.36487249e-12,-5.38691490e-13)
-3.47695391e+00 (2.16706880e-04,1.46390474e-03) (1.23911359e-03,-1.82298019e-04) (-1.42465538e-12,5.76655071e-13)
-3.45691383e+00 (2.19714436e-04,1.48357727e-03) (1.26273927e-03,-1.85796148e-04) (-4.89112091e-13,1.53631051e-12)
-3.43687375e+00 (2.22781913e-04,1.50360794e-03) (1.28668320e-03,-1.89342971e-04) (9.67195675e-13,1.14169396e-12)
-3.41683367e+00 (2.25910303e-04,1.52400051e-03) (1.31095115e-03,-1.92939456e-04) (1.08191513e-12,-1.94190754e-13)
-3.39679359e+00 (2.29100623e-04,1.54475879e-03) (1.33554895e-03,-1.96586588e-04) (2.83045207e-13,-4.80298329e-13)
-3.37675351e+00 (2.32353920e-04,1.56588660e-03) (1.36048249e-03,-2.00285368e-04) (1.49937491e-13,-2.26040200e-13)
-3.35671343e+00 (2.35671270e-04,1.58738775e-03) (1.38575774e-03,-2.04036814e-04) (1.76432308e-13,-4.21230981e-13)
-3.33667335e+00 (2.39053780e-04,1.60926605e-03) (1.41138070e-03,-2.07841962e-04) (-3.29461981e-13,-6.16382501e-13)
-3.31663327e+00 (2.42502587e-04,1.63152533e-03) (1.43735745e-03,-2.11701865e-04) (-8.88539591e-13,-4.02747116e-14)
-3.29659319e+00 (2.46018861e-04,1.65416940e-03) (1.46369413e-03,-2.15617596e-04) (-5.16342902e-13,8.53693707e-13)
-3.27655311e+00 (2.49603807e-04,1.67720206e-03) (1.49039695e-03,-2.19590245e-04) (6.18658532e-13,7.98865502e-13)
-3.25651303e+00 (2.53258663e-04,1.70062709e-03) (1.51747216e-03,-2.23620924e-04) (8.50692918e-13,-4.30585481e-13)
-3.23647295e+00 (2.56984705e-04,1.72444826e-03) (1.54492607e-03,-2.27710764e-04) (-3.02638460e-13,-8.61963243e-13)
-3.21643287e+00 (2.60783246e-04,1.74866929e-03) (1.57276509e-03,-2.31860915e-04) (-8.70324226e-13,1.39788179e-13)
-3.19639279e+00 (2.64655637e-04,1.77329389e-03) (1.60099563e-03,-2.36072551e-04) (-6.30239460e-14,8.24444110e-13)
-3.17635271e+00 (2.68603271e-04,1.79832571e-03) (1.62962421e-03,-2.40346867e-04) (7.01218909e-13,2.99397696e-13)
-3.15631263e+00 (2.72627584e-04,1.82376836e-03) (1.65865738e-03,-2.44685081e-04) (4.83706320e-13,-4.86790230e-13)
-3.13627255e+00 (2.76730053e-04,1.84962539e-03) (1.68810175e-03,-2.49088433e-04) (-2.54962918e-13,-5.02523911e-13)
-3.11623246e+00 (2.80912204e-04,1.87590028e-03) (1.71796400e-03,-2.53558189e-04) (-4.29923024e-13,7.15401522e-14)
-3.09619238e+00 (2.85175607e-04,1.90259645e-03) (1.74825086e-03,-2.58095638e-04) (-1.12958803e-13,3.74416679e-13)
-3.07615230e+00 (2.89521884e-04,1.92971721e-03) (1.77896910e-03,-2.62702096e-04) (2.98926550e-13,2.78061562e-13)
-3.05611222e+00 (2.93952708e-04,1.95726582e-03) (1.81012556e-03,-2.67378905e-04) (3.17820242e-13,-1.77335998e-13)
-3.03607214e+00 (2.98469804e-04,1.98524538e-03) (1.84172712e-03,-2.72127433e-04) (-5.92876421e-14,-2.37270363e-13)
-3.01603206e+00 (3.03074956e-04,2.01365893e-03) (1.87378072e-03,-2.76949079e-04) (-1.33970682e-13,-1.29346472e-15)
-2.99599198e+00 (3.07770003e-04,2.04250934e-03) (1.90629334e-03,-2.81845267e-04) (2.22895138e-14,1.02009159e-13)
-2.97595190e+00 (3.12556846e-04,2.07179935e-03) (1.93927200e-03,-2.86817456e-04) (1.68144632e-13,-4.46898093e-14)
-2.95591182e+00 (3.17437449e-04,2.10153157e-03) (1.97272378e-03,-2.91867130e-04) (4.46422848e-14,-2.04696229e-13)
-2.93587174e+00 (3.22413843e-04,2.13170840e-03) (2.00665578e-03,-2.96995811e-04) (-9.83729137e-14,-1.49084898e-13)
-2.91583166e+00 (3.27488127e-04,2.16233210e-03) (2.04107515e-03,-3.02205049e-04) (-1.20012558e-13,-2.81134730e-14)
-2.89579158e+00 (3.32662472e-04,2.19340469e-03) (2.07598907e-03,-3.07496432e-04) (-3.81564199e-14,3.45844176e-14)
-2.87575150e+00 (3.37939125e-04,2.22492801e-03) (2.11140476e-03,-3.12871581e-04) (1.21600736e-14,9.74155231e-15)
-2.85571142e+00 (3.43320410e-04,2.25690363e-03) (2.14732945e-03,-3.18332155e-04) (2.68438624e-14,-8.82153114e-15)
-2.83567134e+00 (3.48808735e-04,2.28933289e-03) (2.18377041e-03,-3.23879851e-04) (2.28394995e-14,-5.60654087e-14)
-2.81563126e+00 (3.54406592e-04,2.32221684e-03) (2.22073491e-03,-3.29516403e-04) (-8.65319081e-14,-6.44531410e-14)
-2.79559118e+00 (3.60116562e-04,2.35555625e-03) (2.25823027e-03,-3.35243589e-04) (-1.22266893e-13,9.99272547e-14)
-2.77555110e+00 (3.65941324e-04,2.38935154e-03) (2.29626377e-03,-3.41063227e-04) (2.20104744e-14,1.55279112e-13)
-2.75551102e+00 (3.71883649e-04,2.42360283e-03) (2.33484274e-03,-3.46977179e-04) (7.47194888e-14,9.98962498e-14)
-2.73547094e+00 (3.77946416e-04,2.45830982e-03) (2.37397448e-03,-3.52987352e-04) (1.13452537e-13,6.14431434e-14)
-2.71543086e+00 (3.84132609e-04,2.49347185e-03) (2.41366630e-03,-3.59095701e-04) (9.56376197e-14,-2.93845058e-14)
-2.69539078e+00 (3.90445323e-04,2.52908783e-03) (2.45392548e-03,-3.65304229e-04) (4.16017680e-15,-3.05147806e-14)
-2.67535070e+00 (3.96887773e-04,2.56515619e-03) (2.49475930e-03,-3.71614990e-04) (2.17707440e-15,3.00933802e-14)
-2.65531062e+00 (4.03463297e-04,2.60167490e-03) (2.53617498e-03,-3.78030090e-04) (3.26118790e-14,2.70980510e-14)
-2.63527054e+00 (4.10175361e-04,2.63864139e-03) (2.57817974e-03,-3.84551689e-04) (4.84905396e-14,6.65502223e-15)
-2.61523046e+00 (4.17027565e-04,2.67605254e-03) (2.62078072e-03,-3.91182005e-04) (1.79757918e-14,-4.35574107e-14)
-2.59519038e+00 (4.24023655e-04,2.71390463e-03) (2.66398503e-03,-3.97923314e-04) (-4.93315520e-14,4.07983378e-15)
-2.57515030e+00 (4.31167520e-04,2.75219331e-03) (2.70779970e-03,-4.04777954e-04) (7.03831636e-16,7.20778064e-14)
-2.55511022e+00 (4.38463208e-04,2.79091354e-03) (2.75223171e-03,-4.11748325e-04) (7.28412468e-14,4.81013286e-14)
-2.53507014e+00 (4.45914928e-04,2.83005957e-03) (2.79728791e-03,-4.18836894e-04) (9.19775166e-14,-1.76707319e-14)
-2.51503006e+00 (4.53527061e-04,2.86962487e-03) (2.84297510e-03,-4.26046198e-04) (7.45136749e-14,-7.73903538e-14)
-2.49498998e+00 (4.61304166e-04,2.90960210e-03) (2.88929993e-03,-4.33378844e-04) (-2.05222355e-14,-1.35621227e-13)
-2.47494990e+00 (4.69250990e-04,2.94998304e-03) (2.93626896e-03,-4.40837514e-04) (-1.18751957e-13,-1.14481674e-14)
-2.45490982e+00 (4.77372477e-04,2.99075855e-03) (2.98388857e-03,-4.48424968e-04) (7.11961311e-15,5.15446712e-14)
-2.43486974e+00 (4.85673776e-04,3.03191850e-03) (3.03216502e-03,-4.56144047e-04) (-4.97455448e-15,-2.94156249e-14)
-2.41482966e+00 (4.94160255e-04,3.07345172e-03) (3.08110439e-03,-4.63997675e-04) (-1.40136076e-14,2.68552638e-14)
-2.39478958e+00 (5.02837504e-04,3.11534592e-03) (3.13071257e-03,-4.71988864e-04) (3.05672169e-14,-1.55708718e-14)
-2.37474950e+00 (5.11711355e-04,3.15758764e-03) (3.18099524e-03,-4.80120721e-04) (-1.39712823e-14,-3.30517520e-14)
-2.35470942e+00 (5.20787888e-04,3.20016217e-03) (3.23195787e-03,-4.88396443e-04) (-3.49544351e-14,-2.23803962e-14)
-2.33466934e+00 (5.30073443e-04,3.24305347e-03) (3.28360565e-03,-4.96819330e-04) (-5.96087226e-14,2.96861423e-14)
-2.31462926e+00 (5.39574634e-04,3.28624410e-03) (3.33594355e-03,-5.05392786e-04) (1.46852935e-14,6.95729046e-14)
-2.29458918e+00 (5.49298365e-04,3.32971515e-03) (3.38897621e-03,-5.14120321e-04) (5.22471213e-14,2.29969243e-15)
-2.27454910e+00 (5.59251838e-04,3.37344609e-03) (3.44270796e-03,-5.23005559e-04) (1.09239433e-14,-2.68823415e-14)
-2.25450902e+00 (5.69442573e-04,3.41741479e-03) (3.49714281e-03,-5.32052243e-04) (-1.08581676e-14,-1.32941745e-14)
-2.23446894e+00 (5.79878419e-04,3.46159729e-03) (3.55228439e-03,-5.41264239e-04) (-2.24829864e-14,5.67250264e-15)
-2.21442886e+00 (5.90567574e-04,3.50596783e-03) (3.60813591e-03,-5.50645539e-04) (4.00094095e-15,4.14269433e-14)
-2.19438878e+00 (6.01518598e-04,3.55049863e-03) (3.66470019e-03,-5.60200273e-04) (5.60562779e-14,-5.26482369e-15)
-2.17434870e+00 (6.12740432e-04,3.59515987e-03) (3.72197956e-03,-5.69932709e-04) (-1.38345065e-14,-5.37021318e-14)
-2.15430862e+00 (6.24242419e-04,3.63991951e-03) (3.77997586e-03,-5.79847261e-04) (-3.65346764e-14,2.52174553e-14)
-2.13426854e+00 (6.36034318e-04,3.68474321e-03) (3.83869040e-03,-5.89948498e-04) (2.83535446e-14,1.46244974e-14)
-2.11422846e+00 (6.48126325e-04,3.72959416e-03) (3.89812394e-03,-6.00241147e-04) (-3.80568818e-15,-2.21149751e-14)
-2.09418838e+00 (6.60529098e-04,3.77443299e-03) (3.95827659e-03,-6.10730103e-04) (-1.63855938e-14,1.22361290e-14)
-2.07414830e+00 (6.73253775e-04,3.81921761e-03) (4.01914784e-03,-6.21420437e-04) (8.24475092e-15,1.48286152e-14)
-2.05410822e+00 (6.86311994e-04,3.86390306e-03) (4.08073647e-03,-6.32317399e-04) (8.90196459e-15,-3.13747096e-16)
-2.03406814e+00 (6.99715922e-04,3.90844137e-03) (4.14304052e-03,-6.43426432e-04) (-2.46086948e-15,6.43677973e-15)
-2.01402806e+00 (7.13478278e-04,3.95278136e-03) (4.20605724e-03,-6.54753180e-04) (2.18014037e-14,1.62054971e-14)
-1.99398798e+00 (7.27612354e-04,3.99686854e-03) (4.26978301e-03,-6.66303491e-04) (2.52257490e-14,-2.49458675e-14)
-1.97394790e+00 (7.42132046e-04,4.04064489e-03) (4.33421334e-03,-6.78083436e-04) (-1.70702228e-14,-1.42068682e-14)
-1.95390782e+00 (7.57051880e-04,4.08404869e-03) (4.39934277e-03,-6.90099309e-04) (1.07341741e-14,9.16869346e-15)
-1.93386774e+00 (7.72387039e-04,4.12701431e-03) (4.46516480e-03,-7.02357644e-04) (5.60229871e-15,-2.75333526e-14)
-1.91382766e+00 (7.88153395e-04,4.16947206e-03) (4.53167188e-03,-7.14865226e-04) (-2.29861567e-14,5.12536500e-16)
-1.89378758e+00 (8.04367534e-04,4.21134795e-03) (4.59885529e-03,-7.27629096e-04) (1.44933070e-14,6.20762812e-15)
-1.87374749e+00 (8.21046794e-04,4.25256347e-03) (4.66670508e-03,-7.40656569e-04) (-3.30268390e-15,-2.88672892e-14)
-1.85370741e+00 (8.38209292e-04,4.29303539e-03) (4.73521003e-03,-7.53955245e-04) (-2.93333182e-14,-3.08707082e-15)
-1.83366733e+00 (8.55873959e-04,4.33267553e-03) (4.80435752e-03,-7.67533020e-04) (-1.66122743e-14,1.11546162e-14)
-1.81362725e+00 (8.74060574e-04,4.37139050e-03) (4.87413349e-03,-7.81398098e-04) (-1.37968906e-14,2.34774927e-14)
-1.79358717e+00 (8.92789798e-04,4.40908147e-03) (4.94452235e-03,-7.95559010e-04) (1.98069001e-14,2.70925083e-14)
-1.77354709e+00 (9.12083212e-04,4.44564390e-03) (5.01550685e-03,-8.10024624e-04) (2.04383307e-14,-1.36485695e-14)
-1.75350701e+00 (9.31963349e-04,4.48096730e-03) (5.08706804e-03,-8.24804163e-04) (-1.39438883e-14,-2.36281470e-15)
-1.73346693e+00 (9.52453736e-04,4.51493492e-03) (5.15918516e-03,-8.39907217e-04) (1.04144347e-14,1.96997296e-14)
-1.71342685e+00 (9.73578929e-04,4.54742347e-03) (5.23183550e-03,-8.55343762e-04) (2.05430046e-14,-8.28353424e-15)
-1.69338677e+00 (9.95364549e-04,4.57830286e-03) (5.30499433e-03,-8.71124176e-04) (3.50646888e-15,-8.04731557e-15)
-1.67334669e+00 (1.01783732e-03,4.60743586e-03) (5.37863479e-03,-8.87259258e-04) (1.37028055e-14,-1.11968145e-14)
-1.65330661e+00 (1.04102513e-03,4.63467780e-03) (5.45272774e-03,-9.03760243e-04) (-6.12747337e-15,-2.90164371e-14)
-1.63326653e+00 (1.06495701e-03,4.65987624e-03) (5.52724169e-03,-9.20638822e-04) (-2.38634783e-14,-6.63712108e-15)
-1.61322645e+00 (1.08966324e-03,4.68287065e-03) (5.60214261e-03,-9.37907161e-04) (-1.40785981e-14,-4.31234291e-16)
-1.59318637e+00 (1.11517535e-03,4.70349205e-03) (5.67739385e-03,-9.55577923e-04) (-2.63366572e-14,9.18660307e-15)
-1.57314629e+00 (1.14152616e-03,4.72156268e-03) (5.75295598e-03,-9.73664286e-04) (-8.06691750e-16,3.52734244e-14)
-1.55310621e+00 (1.16874982e-03,4.73689561e-03) (5.82878665e-03,-9.92179965e-04) (2.46597798e-14,2.21499461e-15)
-1.53306613e+00 (1.19688183e-03,4.74929439e-03) (5.90484041e-03,-1.01113923e-03) (-8.27406775e-15,-9.75599577e-15)
-1.51302605e+00 (1.22595910e-03,4.75855266e-03) (5.98106863e-03,-1.03055694e-03) (-6.13933312e-15,1.74208374e-14)
-1.49298597e+00 (1.25601992e-03,4.76445374e-03) (6.05741925e-03,-1.05044854e-03) (9.80531990e-15,1.19678044e-14)
-1.47294589e+00 (1.28710406e-03,4.76677024e-03) (6.13383669e-03,-1.07083012e-03) (1.12470452e-14,1.14411623e-14)
-1.45290581e+00 (1.31925271e-03,4.76526367e-03) (6.21026159e-03,-1.09171841e-03) (2.50460497e-14,4.33385207e-15)
-1.43286573e+00 (1.35250857e-03,4.75968396e-03) (6.28663071e-03,-1.11313081e-03) (2.26916507e-14,-1.74364615e-14)
-1.41282565e+00 (1.38691578e-03,4.74976903e-03) (6.36287670e-03,-1.13508542e-03) (-2.58012755e-15,-2.74988312e-14)
-1.39278557e+00 (1.42251998e-03,4.73524440e-03) (6.43892791e-03,-1.15760105e-03) (-2.26875183e-14,4.20841311e-15)
-1.37274549e+00 (1.45936825e-03,4.71582262e-03) (6.51470819e-03,-1.18069728e-03) (1.77567064e-14,2.77346509e-14)
-1.35270541e+00 (1.49750912e-03,4.69120288e-03) (6.59013666e-03,-1.20439443e-03) (4.41330004e-14,-7.86558471e-15)
-1.33266533e+00 (1.53699252e-03,4.66107044e-03) (6.66512752e-03,-1.22871361e-03) (4.37781583e-14,-4.25003594e-14)
-1.31262525e+00 (1.57786971e-03,4.62509614e-03) (6.73958982e-03,-1.25367675e-03) (1.34816371e-15,-1.01366275e-13)
-1.29258517e+00 (1.62019322e-03,4.58293584e-03) (6.81342719e-03,-1.27930662e-03) (-1.09977317e-13,-6.65516007e-14)
-1.27254509e+00 (1.66401676e-03,4.53422986e-03) (6.88653766e-03,-1.30562683e-03) (-1.05262469e-13,6.30136637e-14)
-1.25250501e+00 (1.70939508e-03,4.47860236e-03) (6.95881332e-03,-1.33266187e-03) (6.04586687e-15,9.59902026e-14)
-1.23246493e+00 (1.75638380e-03,4.41566070e-03) (7.03014014e-03,-1.36043710e-03) (5.71413965e-14,2.89260356e-14)
-1.21242485e+00 (1.80503924e-03,4.34499475e-03) (7.10039763e-03,-1.38897878e-03) (5.40285814e-14,-1.04055299e-14)
-1.19238477e+00 (1.85541815e-03,4.26617618e-03) (7.16945861e-03,-1.41831411e-03) (3.98496873e-14,-7.69404406e-14)
-1.17234469e+00 (1.90757741e-03,4.17875759e-03) (7.23718885e-03,-1.44847115e-03) (-7.00855444e-14,-8.89557986e-14)
-1.15230461e+00 (1.96157367e-03,4.08227170e-03) (7.30344683e-03,-1.47947891e-03) (-1.24888099e-13,2.39931951e-14)
-1.13226453e+00 (2.01746289e-03,3.97623036e-03) (7.36808334e-03,-1.51136730e-03) (-1.45130724e-14,1.38152781e-13)
-1.11222445e+00 (2.07529978e-03,3.86012343e-03) (7.43094119e-03,-1.54416710e-03) (1.18550952e-13,6.84502314e-15)
-1.09218437e+00 (2.13513717e-03,3.73341765e-03) (7.49185483e-03,-1.57790998e-03) (-1.70350959e-14,-6.41043696e-14)
-1.07214429e+00 (2.19702513e-03,3.59555522e-03) (7.55064997e-03,-1.61262841e-03) (1.04344115e-15,2.29899800e-14)
-1.05210421e+00 (2.26101009e-03,3.44595229e-03) (7.60714317e-03,-1.64835567e-03) (5.25263497e-14,-6.74144428e-14)
-1.03206413e+00 (2.32713351e-03,3.28399714e-03) (7.66114143e-03,-1.68512573e-03) (-1.45085775e-13,-1.55986343e-13)
-1.01202405e+00 (2.39543053e-03,3.10904821e-03) (7.71244168e-03,-1.72297318e-03) (-2.56320583e-13,1.46229643e-13)
-9.91983968e-01 (2.46592813e-03,2.92043168e-03) (7.76083035e-03,-1.76193312e-03) (-2.93833237e-14,1.90292965e-13)
-9.71943888e-01 (2.53864293e-03,2.71743876e-03) (7.80608277e-03,-1.80204102e-03) (-1.82151359e-14,2.12481772e-13)
-9.51903808e-01 (2.61357854e-03,2.49932247e-03) (7.84796265e-03,-1.84333250e-03) (1.96695338e-13,1.14661602e-13)
-9.31863727e-01 (2.69072220e-03,2.26529390e-03) (7.88622137e-03,-1.88584314e-03) (7.65337641e-14,-1.14117160e-13)
-9.11823647e-01 (2.77004074e-03,2.01451780e-03) (7.92059733e-03,-1.92960816e-03) (-6.41710650e-14,-1.32779112e-13)
-8.91783567e-01 (2.85147547e-03,1.74610738e-03) (7.95081513e-03,-1.97466208e-03) (-2.34893068e-13,-4.63174389e-14)
-8.71743487e-01 (2.93493594e-03,1.45911811e-03) (7.97658474e-03,-2.02103823e-03) (-2.61964327e-13,2.72794168e-13)
-8.51703407e-01 (3.02029199e-03,1.15254025e-03) (7.99760048e-03,-2.06876824e-03) (1.71854129e-13,4.53092659e-13)
-8.31663327e-01 (3.10736376e-03,8.25289821e-04) (8.01353994e-03,-2.11788126e-03) (2.80371927e-13,3.23122777e-14)
-8.11623246e-01 (3.19590868e-03,4.76197489e-04) (8.02406268e-03,-2.16840315e-03) (1.83502220e-13,-1.41300404e-13)
-7.91583166e-01 (3.28560415e-03,1.03994887e-04) (8.02880879e-03,-2.22035529e-03) (-1.45666969e-14,-1.50934387e-13)
-7.71543086e-01 (3.37602385e-03,-2.92701974e-04) (8.02739718e-03,-2.27375318e-03) (-1.65594204e-13,-1.42322417e-13)
-7.51503006e-01 (3.46660454e-03,-7.15412085e-04) (8.01942356e-03,-2.32860455e-03) (-2.79384061e-13,1.87825142e-13)
-7.31462926e-01 (3.55659905e-03,-1.16581032e-03) (8.00445812e-03,-2.38490683e-03) (-1.31324367e-13,4.14477696e-13)
-7.11422846e-01 (3.64501004e-03,-1.64574636e-03) (7.98204287e-03,-2.44264380e-03) (3.70159708e-13,4.34212230e-13)
-6.91382766e-01 (3.73049876e-03,-2.15725482e-03) (7.95168870e-03,-2.50178090e-03) (2.55204377e-13,-3.75721461e-13)
-6.71342685e-01 (3.81126415e-03,-2.70254509e-03) (7.91287237e-03,-2.56225899e-03) (-6.24604664e-13,-4.14895312e-14)
-6.51302605e-01 (3.88489136e-03,-3.28395436e-03) (7.86503394e-03,-2.62398577e-03) (-3.22298284e-14,4.44700102e-13)
-6.31262525e-01 (3.94817619e-03,-3.90384245e-03) (7.80757524e-03,-2.68682464e-03) (7.44585794e-14,2.53369012e-13)
-6.11222445e-01 (3.99694318e-03,-4.56440562e-03) (7.73986064e-03,-2.75058059e-03) (1.94636825e-14,4.22621329e-13)
-5.91182365e-01 (4.02588932e-03,-5.26739018e-03) (7.66122155e-03,-2.81498314e-03) (-3.62885221e-13,9.02117244e-13)
-5.71142285e-01 (4.02849966e-03,-6.01369868e-03) (7.57096636e-03,-2.87966723e-03) (-1.62418489e-12,2.77619861e-12)
-5.51102204e-01 (3.99709190e-03,-6.80290228e-03) (7.46839755e-03,-2.94415347e-03) (-5.62390739e-12,9.85343423e-12)
-5.31062124e-01 (3.92304717e-03,-7.63270212e-03) (7.35283723e-03,-3.00783049e-03) (-1.48980341e-11,3.43815533e-11)
-5.11022044e-01 (3.79726988e-03,-8.49841433e-03) (7.22366161e-03,-3.06994256e-03) (-3.25830236e-11,1.14440270e-10)
-4.90981964e-01 (3.61088729e-03,-9.39258013e-03) (7.08034299e-03,-3.12958664e-03) (-4.14494561e-11,3.64060746e-10)
-4.70941884e-01 (3.35615110e-03,-1.03048140e-02) (6.92249671e-03,-3.18572251e-03) (6.96657490e-11,1.08233036e-09)
-4.50901804e-01 (3.02744816e-03,-1.12219895e-02) (6.74992811e-03,-3.23719870e-03) (7.55312367e-10,3.00722243e-09)
-4.30861723e-01 (2.62227724e-03,-1.21288217e-02) (6.56267340e-03,-3.28279500e-03) (3.53558042e-09,7.82108278e-09)
-4.10821643e-01 (2.14202112e-03,-1.30088352e-02) (6.36102801e-03,-3.32127973e-03) (1.29037326e-08,1.91469706e-08)
-3.90781563e-01 (1.59234996e-03,-1.38456306e-02) (6.14555644e-03,-3.35147704e-03) (4.12016723e-08,4.45397290e-08)
-3.70741483e-01 (9.83139457e-04,-1.46242865e-02) (5.91707994e-03,-3.37233705e-03) (1.20868468e-07,9.95481736e-08)
-3.50701403e-01 (3.27869581e-04,-1.53326889e-02) (5.67664144e-03,-3.38300055e-03) (3.35193286e-07,2.16515284e-07)
-3.30661323e-01 (-3.57429704e-04,-1.59625810e-02) (5.42545063e-03,-3.38284990e-03) (8.96151285e-07,4.64632481e-07)
-3.10621242e-01 (-1.05552166e-03,-1.65101673e-02) (5.16481520e-03,-3.37153988e-03) (2.34321335e-06,9.97685701e-07)
-2.90581162e-01 (-1.74935248e-03,-1.69761937e-02) (4.89606651e-03,-3.34900552e-03) (6.05575433e-06,2.17187801e-06)
-2.70541082e-01 (-2.42318913e-03,-1.73655245e-02) (4.62048835e-03,-3.31544842e-03) (1.55847326e-05,4.84518194e-06)
-2.50501002e-01 (-3.06316212e-03,-1.76863491e-02) (4.33925611e-03,-3.27130807e-03) (4.01405142e-05,1.11560458e-05)
-2.30460922e-01 (-3.65683840e-03,-1.79492776e-02) (4.05339098e-03,-3.21723079e-03) (1.03795522e-04,2.65865670e-05)
-2.10420842e-01 (-4.19150554e-03,-1.81667042e-02) (3.76372817e-03,-3.15405474e-03) (2.69936832e-04,6.55062041e-05)
-1.90380762e-01 (-4.65122813e-03,-1.83528138e-02) (3.47089145e-03,-3.08283382e-03) (7.06673318e-04,1.66246805e-04)
-1.70340681e-01 (-5.01386151e-03,-1.85239695e-02) (3.17526120e-03,-3.00491716e-03) (1.86279765e-03,4.32672119e-04)
-1.50300601e-01 (-5.25147572e-03,-1.86968434e-02) (2.87693652e-03,-2.92206872e-03) (4.94268338e-03,1.15114385e-03)
-1.30260521e-01 (-5.34071961e-03,-1.88760737e-02) (2.57576321e-03,-2.83653317e-03) (1.31825656e-02,3.12563870e-03)
-1.10220441e-01 (-5.29116087e-03,-1.90146478e-02) (2.27169167e-03,-2.75082320e-03) (3.51873007e-02,8.61078413e-03)
-9.01803607e-02 (-5.19362688e-03,-1.89265367e-02) (1.96607510e-03,-2.66687671e-03) (9.28273545e-02,2.34983180e-02)
-7.01402806e-02 (-5.26801093e-03,-1.81584236e-02) (1.66482877e-03,-2.58429409e-03) (2.34721083e-01,6.01335062e-02)
-5.01002004e-02 (-5.84915343e-03,-1.59299325e-02) (1.38384108e-03,-2.49796253e-03) (5.36164197e-01,1.32851637e-01)
-3.00601202e-02 (-7.23103123e-03,-1.14108076e-02) (1.15404937e-03,-2.39674608e-03) (1.01329136e+00,2.30925415e-01)
-1.00200401e-02 (-9.40228023e-03,-4.50428615e-03) (1.01796348e-03,-2.26610582e-03) (1.44114424e+00,2.92337495e-01)
1.00200401e-02 (-1.19413501e-02,3.48958049e-03) (1.00962336e-03,-2.09527016e-03) (1.45354511e+00,2.61765408e-01)
3.00601202e-02 (-1.42830815e-02,1.04711708e-02) (1.12985384e-03,-1.88321684e-03) (1.03910447e+00,1.71717572e-01)
5.01002004e-02 (-1.60839465e-02,1.50663202e-02) (1.34537232e-03,-1.63729560e-03) (5.57925568e-01,9.01568302e-02)
7.01402806e-02 (-1.72968056e-02,1.73111217e-02) (1.61294226e-03,-1.36749911e-03) (2.46969732e-01,4.17102723e-02)
9.01803607e-02 (-1.80166513e-02,1.80403193e-02) (1.90043835e-03,-1.08268861e-03) (9.83846940e-02,1.80181284e-02)
1.10220441e-01 (-1.83521258e-02,1.80803217e-02) (2.19138937e-03,-7.89810897e-04) (3.74909796e-02,7.42993486e-03)
1.30260521e-01 (-1.83896972e-02,1.79297060e-02) (2.48016810e-03,-4.94243694e-04) (1.41243400e-02,2.95913841e-03)
1.50300601e-01 (-1.81970209e-02,1.77984782e-02) (2.76628976e-03,-2.00161287e-04) (5.33373464e-03,1.15200819e-03)
1.70340681e-01 (-1.78277454e-02,1.77372879e-02) (3.05086079e-03,8.92279164e-05) (2.02814302e-03,4.42426539e-04)
1.90380762e-01 (-1.73219380e-02,1.77338397e-02) (3.33502044e-03,3.71469827e-04) (7.77647542e-04,1.68111185e-04)
2.10420842e-01 (-1.67062888e-02,1.77604789e-02) (3.61948090e-03,6.44640758e-04) (3.00842783e-04,6.29784754e-05)
2.30460922e-01 (-1.59965168e-02,1.77905974e-02) (3.90449471e-03,9.07142412e-04) (1.17462149e-04,2.30364366e-05)
2.50501002e-01 (-1.52014856e-02,1.78013781e-02) (4.18992090e-03,1.15755512e-03) (4.62823495e-05,8.07817402e-06)
2.70541082e-01 (-1.43275436e-02,1.77727373e-02) (4.47528038e-03,1.39456480e-03) (1.83877909e-05,2.61807161e-06)
2.90581162e-01 (-1.33819841e-02,1.76863749e-02) (4.75978823e-03,1.61695532e-03) (7.35118008e-06,7.15269029e-07)
3.10621242e-01 (-1.23751952e-02,1.75258246e-02) (5.04237858e-03,1.82364645e-03) (2.94626923e-06,1.08860965e-07)
3.30661323e-01 (-1.13215202e-02,1.72772938e-02) (5.32173852e-03,2.01375517e-03) (1.17681875e-06,-4.83303973e-08)
3.50701403e-01 (-1.02390342e-02,1.69308307e-02) (5.59635994e-03,2.18666113e-03) (4.64553344e-07,-6.48121664e-08)
3.70741483e-01 (-9.14850022e-03,1.64813950e-02) (5.86461084e-03,2.34206087e-03) (1.79277165e-07,-4.70278565e-08)
3.90781563e-01 (-8.07178994e-03,1.59295158e-02) (6.12482150e-03,2.47999981e-03) (6.67430708e-08,-2.77753470e-08)
4.10821643e-01 (-7.03007371e-03,1.52813500e-02) (6.37537688e-03,2.60087578e-03) (2.35979429e-08,-1.44763255e-08)
4.30861723e-01 (-6.04208842e-03,1.45480972e-02) (6.61480467e-03,2.70541300e-03) (7.77800486e-09,-6.83561042e-09)
4.50901804e-01 (-5.12275216e-03,1.37448591e-02) (6.84184893e-03,2.79461008e-03) (2.33469796e-09,-2.95326992e-09)
4.70941884e-01 (-4.28231267e-03,1.28891377e-02) (7.05552159e-03,2.86966958e-03) (6.16932918e-10,-1.17254668e-09)
4.90981964e-01 (-3.52610472e-03,1.19992203e-02) (7.25512790e-03,2.93191870e-03) (1.34789969e-10,-4.29397614e-10)
5.11022044e-01 (-2.85487581e-03,1.10926921e-02) (7.44026613e-03,2.98273105e-03) (2.03860599e-11,-1.45976077e-10)
5.31062124e-01 (-2.26554765e-03,1.01852647e-02) (7.61080540e-03,3.02345780e-03) (3.88137121e-14,-4.66543570e-11)
5.51102204e-01 (-1.75222969e-03,9.29002355e-03) (7.76684776e-03,3.05537386e-03) (-1.37314394e-12,-1.43337523e-11)
5.71142285e-01 (-1.30729579e-03,8.41710639e-03) (7.90868190e-03,3.07964152e-03) (-6.12616855e-13,-4.37142355e-12)
5.91182365e-01 (-9.22366753e-04,7.57375503e-03) (8.03673494e-03,3.09729116e-03) (-1.81733100e-13,-1.36842033e-12)
6.11222445e-01 (-5.89096450e-04,6.76463443e-03) (8.15152776e-03,3.10921641e-03) (-4.27342529e-14,-4.47938962e-13)
6.31262525e-01 (-2.99717832e-04,5.99230242e-03) (8.25363705e-03,3.11618003e-03) (-8.89554391e-15,-1.52481243e-13)
6.51302605e-01 (-4.73557953e-05,5.25772397e-03) (8.34366571e-03,3.11882660e-03) (-1.99760120e-15,-5.29869659e-14)
6.71342685e-01 (1.73853004e-04,4.56075191e-03) (8.42222139e-03,3.11769845e-03) (-4.97217423e-16,-1.86144371e-14)
6.91382766e-01 (3.68778093e-04,3.90052808e-03) (8.48990224e-03,3.11325215e-03) (-1.38905564e-16,-6.55751416e-15)
7.11422846e-01 (5.41395665e-04,3.27578775e-03) (8.54728842e-03,3.10587390e-03) (-7.92640395e-17,-2.25073914e-15)
7.31462926e-01 (6.94925965e-04,2.68507117e-03) (8.59493752e-03,3.09589277e-03) (-5.75798743e-17,-7.35188046e-16)
7.51503006e-01 (8.31975617e-04,2.12685786e-03) (8.63338288e-03,3.08359170e-03) (-6.11725813e-18,-2.65710601e-16)
7.71543086e-01 (9.54666229e-04,1.59964366e-03) (8.66313337e-03,3.06921620e-03) (1.58036212e-17,-1.12938480e-16)
7.91583166e-01 (1.06474121e-03,1.10197922e-03) (8.68467406e-03,3.05298116e-03) (-1.53888215e-17,-1.33417534e-17)
8.11623246e-01 (1.16364971e-03,6.32485347e-04) (8.69846737e-03,3.03507620e-03) (-3.23995023e-18,7.34706545e-19)
8.31663327e-01 (1.25261042e-03,1.89855595e-04) (8.70495415e-03,3.01566975e-03) (-2.16650222e-19,4.76349799e-19)
8.51703407e-01 (1.33265928e-03,-2.27146855e-04) (8.70455492e-03,2.99491234e-03) (3.84596438e-20,7.10146123e-20)
8.71743487e-01 (1.40468514e-03,-6.19694488e-04) (8.69767089e-03,2.97293919e-03) (1.21182242e-20,1.72200779e-21)
8.91783567e-01 (1.46945682e-03,-9.88900953e-04) (8.68468496e-03,2.94987234e-03) (1.25808430e-21,-1.31055507e-21)
9.11823647e-01 (1.52764396e-03,-1.33582611e-03) (8.66596264e-03,2.92582234e-03) (-5.24505599e-23,-2.54104344e-22)
9.31863727e-01 (1.57983341e-03,-1.66148043e-03) (8.64185286e-03,2.90088976e-03) (-3.11527960e-23,-9.07210607e-24)
9.51903808e-01 (1.62654249e-03,-1.96682875e-03) (8.61268872e-03,2.87516636e-03) (2.72004505e-24,4.96348576e-24)
9.71943888e-01 (1.66822963e-03,-2.25279360e-03) (8.57878821e-03,2.84873610e-03) (6.40224392e-24,-3.60866204e-24)
9.91983968e-01 (1.70530320e-03,-2.52025805e-03) (8.54045486e-03,2.82167603e-03) (-1.30355532e-26,-6.53461877e-24)
1.01202405e+00 (1.73812876e-03,-2.77006821e-03) (8.49797833e-03,2.79405704e-03) (-3.59009070e-24,-2.22264190e-24)
1.03206413e+00 (1.76703510e-03,-3.00303552e-03) (8.45163503e-03,2.76594445e-03) (-1.66428980e-24,6.23913730e-25)
1.05210421e+00 (1.79231921e-03,-3.21993865e-03) (8.40168862e-03,2.73739860e-03) (-4.42763003e-25,1.43910038e-25)
1.07214429e+00 (1.81425053e-03,-3.42152527e-03) (8.34839051e-03,2.70847529e-03) (-5.34646002e-25,3.60934004e-25)
1.09218437e+00 (1.83307441e-03,-3.60851362e-03) (8.29198039e-03,2.67922623e-03) (4.39620940e-25,6.10960227e-25)
1.11222445e+00 (1.84901511e-03,-3.78159386e-03) (8.23268667e-03,2.64969936e-03) (1.03000785e-24,-4.40170224e-25)
1.13226453e+00 (1.86227829e-03,-3.94142928e-03) (8.17072688e-03,2.61993918e-03) (3.74507467e-25,-1.23995928e-24)
1.15230461e+00 (1.87305315e-03,-4.08865745e-03) (8.10630817e-03,2.58998703e-03) (-3.79635242e-25,-1.21419592e-24)
1.17234469e+00 (1.88151425e-03,-4.22389122e-03) (8.03962765e-03,2.55988136e-03) (-7.79245299e-25,-8.57950881e-25)
1.19238477e+00 (1.88782304e-03,-4.34771960e-03) (7.97087278e-03,2.52965792e-03) (-9.25259719e-25,-6.69050490e-25)
1.21242485e+00 (1.89212922e-03,-4.46070862e-03) (7.90022181e-03,2.49934996e-03) (-1.42043693e-24,-5.44807667e-25)
1.23246493e+00 (1.89457190e-03,-4.56340213e-03) (7.82784405e-03,2.46898844e-03) (-2.08665354e-24,4.49658048e-25)
1.25250501e+00 (1.89528061e-03,-4.65632251e-03) (7.75390029e-03,2.43860216e-03) (-1.29835183e-24,2.12629530e-24)
1.27254509e+00 (1.89437613e-03,-4.73997137e-03) (7.67854313e-03,2.40821792e-03) (8.54900659e-25,2.19145613e-24)
1.29258517e+00 (1.89197131e-03,-4.81483020e-03) (7.60191724e-03,2.37786064e-03) (1.77641808e-24,3.63907667e-25)
1.31262525e+00 (1.88817171e-03,-4.88136102e-03) (7.52415979e-03,2.34755351e-03) (6.81095625e-25,-9.14142672e-25)
1.33266533e+00 (1.88307618e-03,-4.94000695e-03) (7.44540066e-03,2.31731807e-03) (-5.09777503e-25,-5.26601858e-25)
1.35270541e+00 (1.87677743e-03,-4.99119283e-03) (7.36576278e-03,2.28717432e-03) (-6.47182030e-25,4.22655628e-25)
1.37274549e+00 (1.86936244e-03,-5.03532578e-03) (7.28536241e-03,2.25714083e-03) (-2.22573934e-26,1.03098043e-24)
1.39278557e+00 (1.86091295e-03,-5.07279572e-03) (7.20430945e-03,2.22723484e-03) (9.60122736e-25,9.37535673e-25)
1.41282565e+00 (1.85150573e-03,-5.10397598e-03) (7.12270764e-03,2.19747228e-03) (1.63965130e-24,-6.50637802e-26)
1.43286573e+00 (1.84121302e-03,-5.12922378e-03) (7.04065490e-03,2.16786792e-03) (1.19242298e-24,-1.39939043e-24)
1.45290581e+00 (1.83010278e-03,-5.14888074e-03) (6.95824355e-03,2.13843539e-03) (-2.21758971e-25,-1.88073295e-24)
1.47294589e+00 (1.81823898e-03,-5.16327344e-03) (6.87556053e-03,2.10918727e-03) (-1.46367781e-24,-1.06870416e-24)
1.49298597e+00 (1.80568183e-03,-5.17271392e-03) (6.79268769e-03,2.08013514e-03) (-1.58703330e-24,3.04018318e-25)
1.51302605e+00 (1.79248806e-03,-5.17750010e-03) (6.70970197e-03,2.05128966e-03) (-7.38931808e-25,1.11319320e-24)
1.53306613e+00 (1.77871109e-03,-5.17791637e-03) (6.62667566e-03,2.02266058e-03) (1.80265642e-25,1.05763869e-24)
1.55310621e+00 (1.76440124e-03,-5.17423398e-03) (6.54367660e-03,1.99425684e-03) (6.76052144e-25,5.34878143e-25)
1.57314629e+00 (1.74960590e-03,-5.16671158e-03) (6.46076836e-03,1.96608659e-03) (7.08012398e-25,-5.45680251e-26)
1.59318637e+00 (1.73436971e-03,-5.15559561e-03) (6.37801049e-03,1.93815725e-03) (3.82158720e-25,-4.61284699e-25)
1.61322645e+00 (1.71873473e-03,-5.14112080e-03) (6.29545868e-03,1.91047554e-03) (-8.59395641e-26,-5.00321318e-25)
1.63326653e+00 (1.70274055e-03,-5.12351059e-03) (6.21316494e-03,1.88304752e-03) (-3.81319778e-25,-2.17961410e-25)
1.65330661e+00 (1.68642443e-03,-5.10297758e-03) (6.13117778e-03,1.85587864e-03) (-3.55053607e-25,1.60698118e-25)
1.67334669e+00 (1.66982146e-03,-5.07972390e-03) (6.04954241e-03,1.82897379e-03) (-6.64786147e-26,3.36641360e-25)
1.69338677e+00 (1.65296466e-03,-5.05394171e-03) (5.96830086e-03,1.80233727e-03) (2.21102111e-25,2.17010228e-25)
1.71342685e+00 (1.63588506e-03,-5.02581350e-03) (5.88749217e-03,1.77597292e-03) (2.71169835e-25,-5.82814897e-26)
1.73346693e+00 (1.61861188e-03,-4.99551256e-03) (5.80715253e-03,1.74988405e-03) (9.45354294e-26,-2.27462932e-25)
1.75350701e+00 (1.60117253e-03,-4.96320332e-03) (5.72731542e-03,1.72407354e-03) (-1.01878986e-25,-1.85360417e-25)
1.77354709e+00 (1.58359281e-03,-4.92904172e-03) (5.64801174e-03,1.69854384e-03) (-1.73707854e-25,-4.32070218e-26)
1.79358717e+00 (1.56589690e-03,-4.89317560e-03) (5.56926999e-03,1.67329702e-03) (-1.18300679e-25,8.57131508e-26)
1.81362725e+00 (1.54810752e-03,-4.85574500e-03) (5.49111633e-03,1.64833473e-03) (-9.88985458e-27,1.15851571e-25)
1.83366733e+00 (1.53024597e-03,-4.81688253e-03) (5.41357476e-03,1.62365830e-03) (6.03247543e-26,5.89361981e-26)
1.85370741e+00 (1.51233221e-03,-4.77671371e-03) (5.33666719e-03,1.59926872e-03) (6.08746230e-26,-1.98539230e-26)
1.87374749e+00 (1.49438493e-03,-4.73535723e-03) (5.26041360e-03,1.57516668e-03) (1.28714751e-26,-4.51391897e-26)
1.89378758e+00 (1.47642162e-03,-4.69292533e-03) (5.18483209e-03,1.55135257e-03) (-2.41757866e-26,-2.70909025e-26)
1.91382766e+00 (1.45845865e-03,-4.64952402e-03) (5.10993904e-03,1.52782651e-03) (-3.34634405e-26,5.78143064e-27)
1.93386774e+00 (1.44051130e-03,-4.60525342e-03) (5.03574916e-03,1.50458837e-03) (-1.65319700e-26,2.85901897e-26)
1.95390782e+00 (1.42259384e-03,-4.56020800e-03) (4.96227560e-03,1.48163777e-03) (3.88726424e-27,1.77277652e-26)
1.97394790e+00 (1.40471957e-03,-4.51447687e-03) (4.88953006e-03,1.45897414e-03) (2.52776506e-28,5.15583158e-27)
1.99398798e+00 (1.38690090e-03,-4.46814402e-03) (4.81752284e-03,1.43659666e-03) (-8.72108220e-27,1.54206599e-26)
2.01402806e+00 (1.36914935e-03,-4.42128856e-03) (4.74626292e-03,1.41450437e-03) (-3.91595857e-27,3.75820887e-26)
2.03406814e+00 (1.35147565e-03,-4.37398495e-03) (4.67575808e-03,1.39269608e-03) (1.93473367e-26,4.33439265e-26)
2.05410822e+00 (1.33388975e-03,-4.32630325e-03) (4.60601491e-03,1.37117048e-03) (3.75294426e-26,2.41050177e-26)
2.07414830e+00 (1.31640087e-03,-4.27830932e-03) (4.53703893e-03,1.34992607e-03) (4.04645189e-26,-2.83682311e-27)
2.09418838e+00 (1.29901753e-03,-4.23006503e-03) (4.46883465e-03,1.32896123e-03) (2.25022586e-26,-2.40009530e-26)
2.11422846e+00 (1.28174764e-03,-4.18162845e-03) (4.40140559e-03,1.30827421e-03) (2.11397155e-27,-2.17646037e-26)
2.13426854e+00 (1.26459845e-03,-4.13305406e-03) (4.33475438e-03,1.28786311e-03) (-5.54963796e-27,-7.67257549e-27)
2.15430862e+00 (1.24757666e-03,-4.08439289e-03) (4.26888281e-03,1.26772596e-03) (-3.22680488e-27,-2.43646927e-27)
2.17434870e+00 (1.23068842e-03,-4.03569276e-03) (4.20379188e-03,1.24786065e-03) (-5.23905604e-27,-4.72906936e-27)
2.19438878e+00 (1.21393935e-03,-3.98699841e-03) (4.13948184e-03,1.22826501e-03) (-1.11927046e-26,-3.55347584e-27)
2.21442886e+00 (1.19733461e-03,-3.93835162e-03) (4.07595225e-03,1.20893675e-03) (-8.78249390e-27,2.47062932e-27)
2.23446894e+00 (1.18087886e-03,-3.88979145e-03) (4.01320203e-03,1.18987352e-03) (1.76752963e-28,7.66861516e-27)
2.25450902e+00 (1.16457638e-03,-3.84135432e-03) (3.95122948e-03,1.17107290e-03) (1.05913738e-26,9.50845852e-28)
2.27454910e+00 (1.14843101e-03,-3.79307415e-03) (3.89003235e-03,1.15253239e-03) (8.95101623e-27,-7.75885753e-27)
2.29458918e+00 (1.13244621e-03,-3.74498254e-03) (3.82960786e-03,1.13424946e-03) (1.95159114e-27,-1.41345059e-26)
2.31462926e+00 (1.11662508e-03,-3.69710883e-03) (3.76995275e-03,1.11622149e-03) (-6.73651367e-27,-1.25762104e-26)
2.33466934e+00 (1.10097040e-03,-3.64948029e-03) (3.71106329e-03,1.09844585e-03) (-1.08278115e-26,-7.59063017e-27)
2.35470942e+00 (1.08548462e-03,-3.60212218e-03) (3.65293535e-03,1.08091983e-03) (-9.18768871e-27,2.41327020e-27)
2.37474950e+00 (1.07016987e-03,-3.55505788e-03) (3.59556438e-03,1.06364073e-03) (-1.45065886e-27,6.10136254e-27)
2.39478958e+00 (1.05502803e-03,-3.50830899e-03) (3.53894551e-03,1.04660577e-03) (4.39396626e-27,3.90307052e-27)
2.41482966e+00 (1.04006071e-03,-3.46189543e-03) (3.48307351e-03,1.02981217e-03) (6.06103619e-27,-1.50573038e-27)
2.43486974e+00 (1.02526927e-03,-3.41583556e-03) (3.42794286e-03,1.01325713e-03) (1.20451476e-27,-7.13432062e-27)
2.45490982e+00 (1.01065482e-03,-3.37014621e-03) (3.37354773e-03,9.96937810e-04) (-9.32502586e-28,-9.04015916e-27)
2.47494990e+00 (9.96218285e-04,-3.32484281e-03) (3.31988206e-03,9.80851365e-04) (-8.05674817e-27,-7.77797778e-27)
2.49498998e+00 (9.81960367e-04,-3.27993948e-03) (3.26693954e-03,9.64994939e-04) (-6.94116135e-27,-5.22866957e-27)
2.51503006e+00 (9.67881586e-04,-3.23544905e-03) (3.21471365e-03,9.49365662e-04) (-7.57051066e-27,2.53637031e-27)
2.53507014e+00 (9.53982281e-04,-3.19138321e-03) (3.16319769e-03,9.33960659e-04) (-4.26830997e-27,1.22819168e-27)
2.55511022e+00 (9.40262627e-04,-3.14775251e-03) (3.11238473e-03,9.18777052e-04) (-9.12983596e-29,5.02811256e-27)
2.57515030e+00 (9.26722647e-04,-3.10456645e-03) (3.06226775e-03,9.03811958e-04) (-2.61795449e-27,1.26016814e-27)
2.59519038e+00 (9.13362217e-04,-3.06183357e-03) (3.01283952e-03,8.89062498e-04) (1.56583800e-27,8.54926224e-28)
2.61523046e+00 (9.00181081e-04,-3.01956148e-03) (2.96409272e-03,8.74525795e-04) (-1.55189230e-27,3.60698599e-27)
2.63527054e+00 (8.87178859e-04,-2.97775690e-03) (2.91601991e-03,8.60198976e-04) (1.61310701e-27,1.05384768e-27)
2.65531062e+00 (8.74355055e-04,-2.93642576e-03) (2.86861354e-03,8.46079178e-04) (5.36919223e-27,4.42133992e-27)
2.67535070e+00 (8.61709066e-04,-2.89557320e-03) (2.82186598e-03,8.32163544e-04) (5.87818770e-27,1.56641622e-27)
2.69539078e+00 (8.49240190e-04,-2.85520367e-03) (2.77576951e-03,8.18449228e-04) (1.02580012e-26,-9.06499691e-28)
2.71543086e+00 (8.36947635e-04,-2.81532092e-03) (2.73031636e-03,8.04933397e-04) (8.53096644e-27,-1.06684302e-27)
2.73547094e+00 (8.24830521e-04,-2.77592809e-03) (2.68549870e-03,7.91613232e-04) (7.26969381e-27,-3.76162698e-27)
2.75551102e+00 (8.12887895e-04,-2.73702772e-03) (2.64130865e-03,7.78485926e-04) (6.25221613e-27,-9.20950907e-28)
2.77555110e+00 (8.01118729e-04,-2.69862180e-03) (2.59773829e-03,7.65548690e-04) (3.40551159e-27,-2.63273259e-28)
2.79559118e+00 (7.89521929e-04,-2.66071181e-03) (2.55477969e-03,7.52798752e-04) (5.50991913e-27,1.39574949e-27)
2.81563126e+00 (7.78096345e-04,-2.62329873e-03) (2.51242489e-03,7.40233358e-04) (3.47717127e-27,2.95879799e-27)
2.83567134e+00 (7.66840768e-04,-2.58638312e-03) (2.47066591e-03,7.27849771e-04) (5.43713489e-27,3.94339626e-28)
2.85571142e+00 (7.55753942e-04,-2.54996511e-03) (2.42949477e-03,7.15645277e-04) (5.34962644e-27,3.00231871e-27)
2.87575150e+00 (7.44834564e-04,-2.51404442e-03) (2.38890350e-03,7.03617180e-04) (1.94561835e-27,-6.41045039e-28)
2.89579158e+00 (7.34081292e-04,-2.47862045e-03) (2.34888412e-03,6.91762806e-04) (5.57306502e-27,-1.84110598e-27)
2.91583166e+00 (7.23492746e-04,-2.44369222e-03) (2.30942869e-03,6.80079503e-04) (2.40466444e-27,1.29539163e-27)
2.93587174e+00 (7.13067515e-04,-2.40925847e-03) (2.27052926e-03,6.68564642e-04) (9.13792349e-28,-3.51434376e-27)
2.95591182e+00 (7.02804158e-04,-2.37531764e-03) (2.23217792e-03,6.57215615e-04) (5.51208701e-27,-1.36150760e-27)
2.97595190e+00 (6.92701209e-04,-2.34186789e-03) (2.19436677e-03,6.46029839e-04) (1.73986740e-27,1.27001913e-27)
2.99599198e+00 (6.82757178e-04,-2.30890717e-03) (2.15708797e-03,6.35004754e-04) (2.81422868e-27,-3.43224160e-27)
3.01603206e+00 (6.72970557e-04,-2.27643317e-03) (2.12033368e-03,6.24137825e-04) (6.37521278e-27,-2.04892928e-27)
3.03607214e+00 (6.63339823e-04,-2.24444337e-03) (2.08409612e-03,6.13426540e-04) (3.60874913e-27,-1.65735276e-27)
3.05611222e+00 (6.53863437e-04,-2.21293509e-03) (2.04836756e-03,6.02868412e-04) (2.02690040e-27,-4.93771356e-27)
3.07615230e+00 (6.44539849e-04,-2.18190544e-03) (2.01314029e-03,5.92460979e-04) (2.30285252e-27,-5.12368473e-27)
3.09619238e+00 (6.35367501e-04,-2.15135139e-03) (1.97840666e-03,5.82201804e-04) (-1.04412913e-28,-2.94617719e-27)
3.11623246e+00 (6.26344829e-04,-2.12126975e-03) (1.94415908e-03,5.72088474e-04) (-2.78469786e-27,-2.23720454e-27)
3.13627255e+00 (6.17470261e-04,-2.09165722e-03) (1.91039000e-03,5.62118603e-04) (-3.43946772e-27,-1.15373051e-27)
3.15631263e+00 (6.08742226e-04,-2.06251037e-03) (1.87709192e-03,5.52289828e-04) (-2.78068830e-27,2.37574815e-28)
3.17635271e+00 (6.00159151e-04,-2.03382565e-03) (1.84425740e-03,5.42599814e-04) (-1.84528626e-27,3.12448522e-27)
3.19639279e+00 (5.91719462e-04,-2.00559942e-03) (1.81187907e-03,5.33046248e-04) (-3.36370858e-27,3.16857070e-27)
3.21643287e+00 (5.83421589e-04,-1.97782797e-03) (1.77994960e-03,5.23626845e-04) (-7.50980111e-28,8.41567823e-28)
3.23647295e+00 (5.75263966e-04,-1.95050750e-03) (1.74846174e-03,5.14339344e-04) (1.35597581e-27,2.59170076e-27)
3.25651303e+00 (5.67245032e-04,-1.92363415e-03) (1.71740828e-03,5.05181508e-04) (-3.07881652e-28,2.34196825e-27)
3.27655311e+00 (5.59363230e-04,-1.89720399e-03) (1.68678209e-03,4.96151126e-04) (1.23119080e-28,1.83543732e-28)
3.29659319e+00 (5.51617014e-04,-1.87121307e-03) (1.65657609e-03,4.87246013e-04) (1.26986693e-27,-5.19740908e-30)
3.31663327e+00 (5.44004846e-04,-1.84565736e-03) (1.62678327e-03,4.78464007e-04) (9.80289703e-28,7.82020192e-28)
3.33667335e+00 (5.36525196e-04,-1.82053283e-03) (1.59739669e-03,4.69802972e-04) (-1.97108840e-28,7.31062641e-28)
3.35671343e+00 (5.29176545e-04,-1.79583540e-03) (1.56840947e-03,4.61260795e-04) (-9.74815982e-28,9.46500443e-29)
3.37675351e+00 (5.21957388e-04,-1.77156099e-03) (1.53981480e-03,4.52835387e-04) (-1.10924784e-27,-8.04805889e-28)
3.39679359e+00 (5.14866230e-04,-1.74770549e-03) (1.51160592e-03,4.44524686e-04) (-2.26176176e-28,-6.47885705e-28)
3.41683367e+00 (5.07901589e-04,-1.72426479e-03) (1.48377614e-03,4.36326651e-04) (-1.06693676e-27,9.24234408e-28)
3.43687375e+00 (5.01061999e-04,-1.70123476e-03) (1.45631887e-03,4.28239264e-04) (-3.10833349e-27,4.00004210e-29)
3.45691383e+00 (4.94346006e-04,-1.67861129e-03) (1.42922754e-03,4.20260534e-04) (-1.95271776e-27,-1.76712075e-27)
3.47695391e+00 (4.87752172e-04,-1.65639027e-03) (1.40249566e-03,4.12388491e-04) (-1.95499996e-28,-2.96301142e-28)
3.49699399e+00 (4.81279076e-04,-1.63456760e-03) (1.37611683e-03,4.04621186e-04) (-1.37788216e-27,1.62924963e-27)
3.51703407e+00 (4.74925310e-04,-1.61313919e-03) (1.35008468e-03,3.96956697e-04) (-2.61654689e-27,7.42772854e-28)
3.53707415e+00 (4.68689485e-04,-1.59210097e-03) (1.32439292e-03,3.89393120e-04) (-1.30374377e-27,-7.59052278e-29)
3.55711423e+00 (4.62570229e-04,-1.57144889e-03) (1.29903535e-03,3.81928577e-04) (-2.57721605e-28,1.24081951e-27)
3.57715431e+00 (4.56566186e-04,-1.55117894e-03) (1.27400578e-03,3.74561209e-04) (-9.48632125e-28,2.11614212e-27)
3.59719439e+00 (4.50676018e-04,-1.53128712e-03) (1.24929815e-03,3.67289180e-04) (-1.33752947e-27,1.49456560e-27)
3.61723447e+00 (4.44898405e-04,-1.51176946e-03) (1.22490640e-03,3.60110675e-04) (-6.90306926e-28,1.15057025e-27)
3.63727455e+00 (4.39232047e-04,-1.49262202e-03) (1.20082458e-03,3.53023901e-04) (-4.38891110e-28,1.30864292e-27)
3.65731463e+00 (4.33675659e-04,-1.47384093e-03) (1.17704677e-03,3.46027083e-04) (-4.55016760e-28,8.65132477e-28)
3.67735471e+00 (4.28227978e-04,-1.45542231e-03) (1.15356715e-03,3.39118469e-04) (2.94087582e-28,4.79286843e-28)
3.69739479e+00 (4.22887758e-04,-1.43736234e-03) (1.13037993e-03,3.32296326e-04) (9.11409396e-28,8.34129942e-28)
3.71743487e+00 (4.17653772e-04,-1.41965726e-03) (1.10747938e-03,3.25558941e-04) (7.16331696e-28,1.24681277e-27)
3.73747495e+00 (4.12524815e-04,-1.40230333e-03) (1.08485985e-03,3.18904622e-04) (3.21656216e-28,8.54231081e-28)
3.75751503e+00 (4.07499697e-04,-1.38529686e-03) (1.06251575e-03,3.12331693e-04) (7.49153267e-28,3.21181403e-28)
3.77755511e+00 (4.02577252e-04,-1.36863420e-03) (1.04044152e-03,3.05838499e-04) (1.25690773e-27,5.80177539e-28)
3.79759519e+00 (3.97756329e-04,-1.35231178e-03) (1.01863168e-03,2.99423404e-04) (1.09969799e-27,1.07709633e-27)
3.81763527e+00 (3.93035800e-04,-1.33632603e-03) (9.97080820e-04,2.93084789e-04) (5.95371109e-28,1.05038532e-27)
3.83767535e+00 (3.88414557e-04,-1.32067347e-03) (9.75783555e-04,2.86821054e-04) (3.72638348e-28,6.92472081e-28)
3.85771543e+00 (3.83891508e-04,-1.30535066e-03) (9.54734576e-04,2.80630615e-04) (5.05199120e-28,4.41783855e-28)
3.87775551e+00 (3.79465586e-04,-1.29035421e-03) (9.33928624e-04,2.74511907e-04) (6.14148682e-28,4.51989805e-28)
3.89779559e+00 (3.75135739e-04,-1.27568078e-03) (9.13360493e-04,2.68463382e-04) (5.94738888e-28,4.68522286e-28)
3.91783567e+00 (3.70900937e-04,-1.26132709e-03) (8.93025032e-04,2.62483507e-04) (5.70276832e-28,4.48905641e-28)
3.93787575e+00 (3.66760171e-04,-1.24728992e-03) (8.72917139e-04,2.56570767e-04) (5.70573015e-28,4.60238427e-28)
3.95791583e+00 (3.62712451e-04,-1.23356609e-03) (8.53031768e-04,2.50723662e-04) (5.12601811e-28,5.49766652e-28)
3.97795591e+00 (3.58756804e-04,-1.22015250e-03) (8.33363918e-04,2.44940708e-04) (3.81522304e-28,5.90894588e-28)
3.99799599e+00 (3.54892281e-04,-1.20704607e-03) (8.13908642e-04,2.39220438e-04) (2.47992944e-28,6.07409293e-28)
4.01803607e+00 (3.51117951e-04,-1.19424382e-03) (7.94661038e-04,2.33561396e-04) (1.62922997e-28,5.43862013e-28)
4.03807615e+00 (3.47432902e-04,-1.18174280e-03) (7.75616255e-04,2.27962146e-04) (8.93708732e-29,5.22118984e-28)
4.05811623e+00 (3.43836243e-04,-1.16954012e-03) (7.56769485e-04,2.22421263e-04) (-1.57490939e-29,5.25805586e-28)
4.07815631e+00 (3.40327101e-04,-1.15763296e-03) (7.38115970e-04,2.16937337e-04) (-1.45062854e-28,4.55573736e-28)
4.09819639e+00 (3.36904624e-04,-1.14601856e-03) (7.19650994e-04,2.11508972e-04) (-2.24244481e-28,3.32968971e-28)
4.11823647e+00 (3.33567980e-04,-1.13469420e-03) (7.01369884e-04,2.06134784e-04) (-2.77489827e-28,2.39804122e-28)
4.13827655e+00 (3.30316354e-04,-1.12365723e-03) (6.83268013e-04,2.00813405e-04) (-2.78085530e-28,1.24450433e-28)
4.15831663e+00 (3.27148953e-04,-1.11290507e-03) (6.65340794e-04,1.95543478e-04) (-2.61512214e-28,3.54932126e-29)
4.17835671e+00 (3.24065001e-04,-1.10243518e-03) (6.47583682e-04,1.90323659e-04) (-2.19660059e-28,-4.09109800e-29)
4.19839679e+00 (3.21063744e-04,-1.09224509e-03) (6.29992171e-04,1.85152616e-04) (-1.63337925e-28,-9.22546005e-29)
4.21843687e+00 (3.18144445e-04,-1.08233240e-03) (6.12561795e-04,1.80029030e-04) (-1.13891162e-28,-1.17307643e-28)
4.23847695e+00 (3.15306386e-04,-1.07269474e-03) (5.95288127e-04,1.74951592e-04) (-5.19934676e-29,-1.32670740e-28)
4.25851703e+00 (3.12548870e-04,-1.06332983e-03) (5.78166774e-04,1.69919006e-04) (-4.33413674e-30,-1.33052368e-28)
4.27855711e+00 (3.09871217e-04,-1.05423543e-03) (5.61193382e-04,1.64929985e-04) (2.80237981e-29,-1.23221199e-28)
4.29859719e+00 (3.07272766e-04,-1.04540938e-03) (5.44363634e-04,1.59983255e-04) (7.12155551e-29,-9.84527909e-29)
4.31863727e+00 (3.04752876e-04,-1.03684955e-03) (5.27673242e-04,1.55077552e-04) (1.07278143e-28,-7.47181337e-29)
4.33867735e+00 (3.02310925e-04,-1.02855389e-03) (5.11117957e-04,1.50211620e-04) (1.39176088e-28,-1.64146428e-29)
4.35871743e+00 (2.99946307e-04,-1.02052042e-03) (4.94693558e-04,1.45384215e-04) (1.17215279e-28,4.48089674e-29)
4.37875752e+00 (2.97658437e-04,-1.01274719e-03) (4.78395859e-04,1.40594103e-04) (7.92264810e-29,8.43959507e-29)
4.39879760e+00 (2.95446748e-04,-1.00523234e-03) (4.62220702e-04,1.35840057e-04) (2.83671266e-29,1.00798730e-28)
4.41883768e+00 (2.93310691e-04,-9.97974037e-04) (4.46163961e-04,1.31120861e-04) (-2.31943126e-29,8.18739828e-29)
4.43887776e+00 (2.91249736e-04,-9.90970537e-04) (4.30221535e-04,1.26435305e-04) (-4.01280712e-29,5.81128826e-29)
4.45891784e+00 (2.89263369e-04,-9.84220140e-04) (4.14389354e-04,1.21782192e-04) (-6.14640723e-29,2.88158039e-29)
4.47895792e+00 (2.87351097e-04,-9.77721210e-04) (3.98663374e-04,1.17160328e-04) (-4.65765211e-29,-1.02557866e-29)
4.49899800e+00 (2.85512445e-04,-9.71472167e-04) (3.83039576e-04,1.12568529e-04) (-3.35037380e-29,-1.44267943e-29)
4.51903808e+00 (2.83746953e-04,-9.65471491e-04) (3.67513966e-04,1.08005620e-04) (-2.53352322e-29,-2.42829790e-29)
4.53907816e+00 (2.82054183e-04,-9.59717723e-04) (3.52082574e-04,1.03470431e-04) (-1.21063810e-29,-3.08132580e-29)
4.55911824e+00 (2.80433711e-04,-9.54209461e-04) (3.36741454e-04,9.89617985e-05) (8.88608847e-30,-1.34015047e-29)
4.57915832e+00 (2.78885134e-04,-9.48945360e-04) (3.21486680e-04,9.44785681e-05) (3.86811351e-30,-6.62981726e-30)
4.59919840e+00 (2.77408066e-04,-9.43924137e-04) (3.06314348e-04,9.00195898e-05) (6.37638379e-30,-2.86543667e-30)
4.61923848e+00 (2.76002136e-04,-9.39144566e-04) (2.91220575e-04,8.55837203e-05) (1.67389839e-30,-1.89019392e-30)
4.63927856e+00 (2.74666996e-04,-9.34605479e-04) (2.76201496e-04,8.11698219e-05) (2.12218098e-30,-8.35549683e-30)
4.65931864e+00 (2.73402310e-04,-9.30305766e-04) (2.61253265e-04,7.67767625e-05) (1.38662002e-29,-7.29020717e-31)
4.67935872e+00 (2.72207762e-04,-9.26244377e-04) (2.46372053e-04,7.24034152e-05) (3.96416084e-30,9.67165075e-30)
4.69939880e+00 (2.71083056e-04,-9.22420318e-04) (2.31554047e-04,6.80486579e-05) (1.54892800e-30,3.32775577e-30)
4.71943888e+00 (2.70027908e-04,-9.18832654e-04) (2.16795449e-04,6.37113733e-05) (1.28369455e-30,7.43188988e-31)
4.73947896e+00 (2.69042057e-04,-9.15480509e-04) (2.02092478e-04,5.93904484e-05) (2.30757011e-30,7.94012628e-30)
4.75951904e+00 (2.68125255e-04,-9.12363062e-04) (1.87441365e-04,5.50847743e-05) (-4.96869194e-30,1.31110379e-29)
4.77955912e+00 (2.67277274e-04,-9.09479554e-04) (1.72838352e-04,5.07932459e-05) (-8.39528448e-30,4.81041514e-30)
4.79959920e+00 (2.66497902e-04,-9.06829279e-04) (1.58279696e-04,4.65147615e-05) (-7.62450960e-30,-8.13526060e-30)
4.81963928e+00 (2.65786944e-04,-9.04411593e-04) (1.43761662e-04,4.22482230e-05) (1.25758893e-30,-7.92506030e-31)
4.83967936e+00 (2.65144224e-04,-9.02225908e-04) (1.29280527e-04,3.79925349e-05) (-2.71797755e-30,1.52898385e-31)
4.85971944e+00 (2.64569582e-04,-9.00271692e-04) (1.14832575e-04,3.37466046e-05) (6.32993162e-30,-5.98932319e-30)
4.87975952e+00 (2.64062875e-04,-8.98548474e-04) (1.00414099e-04,2.95093419e-05) (2.85443420e-30,-2.27611482e-30)
4.89979960e+00 (2.63623977e-04,-8.97055837e-04) (8.60214012e-05,2.52796587e-05) (3.53848632e-30,6.73069238e-31)
4.91983968e+00 (2.63252780e-04,-8.95793425e-04) (7.16507861e-05,2.10564689e-05) (-5.59639878e-30,1.42251593e-30)
4.93987976e+00 (2.62949192e-04,-8.94760938e-04) (5.72985659e-05,1.68386878e-05) (-2.38873949e-30,-3.74091340e-30)
4.95991984e+00 (2.62713140e-04,-8.93958133e-04) (4.29610566e-05,1.26252322e-05) (2.52180294e-30,-6.06452847e-30)
4.97995992e+00 (2.62544567e-04,-8.93384826e-04) (2.86345777e-05,8.41501999e-06) (4.19945132e-30,1.32370390e-31)
5.00000000e+00 (2.62409722e-04,-8.92926230e-04) (1.43154510e-05,4.20696957e-06) (-4.31019792e-30,2.28609681e-30)
