1.06 	 500
Z	 ux	 uz 	 rho
-5.00000000e+00 (-1.62606876e-04,-8.19937642e-04) (-1.74175146e-05,3.45417449e-06) (1.13920826e-13,1.33122604e-13)
-4.97995992e+00 (-1.62753760e-04,-8.20677343e-04) (-3.48428842e-05,6.90990870e-06) (9.78535110e-14,9.02840009e-14)
-4.95991984e+00 (-1.62937407e-04,-8.21602165e-04) (-5.22839669e-05,1.03687631e-05) (-2.82158105e-14,-1.64349634e-14)
-4.93987976e+00 (-1.63194636e-04,-8.22897466e-04) (-6.97486275e-05,1.38322996e-05) (1.48540342e-13,-9.10710031e-15)
-4.91983968e+00 (-1.63525566e-04,-8.24563811e-04) (-8.72447410e-05,1.73020823e-05) (7.26207709e-14,-3.55578308e-14)
-4.89979960e+00 (-1.63930351e-04,-8.26601930e-04) (-1.04780196e-04,2.07796783e-05) (1.01326725e-13,2.62609895e-13)
-4.87975952e+00 (-1.64409180e-04,-8.29012719e-04) (-1.22362899e-04,2.42666583e-05) (-6.59823801e-14,5.61497147e-14)
-4.85971944e+00 (-1.64962274e-04,-8.31797239e-04) (-1.40000777e-04,2.77645974e-05) (-4.10091766e-14,4.43323448e-14)
-4.83967936e+00 (-1.65589888e-04,-8.34956722e-04) (-1.57701780e-04,3.12750756e-05) (-1.15873688e-13,1.54300759e-13)
-4.81963928e+00 (-1.66292312e-04,-8.38492564e-04) (-1.75473888e-04,3.47996788e-05) (1.51713184e-15,6.38475907e-14)
-4.79959920e+00 (-1.67069869e-04,-8.42406329e-04) (-1.93325111e-04,3.83399994e-05) (-1.55371199e-13,5.42464648e-14)
-4.77955912e+00 (-1.67922917e-04,-8.46699752e-04) (-2.11263495e-04,4.18976371e-05) (-4.67865498e-14,-8.19138843e-14)
-4.75951904e+00 (-1.68851849e-04,-8.51374734e-04) (-2.29297125e-04,4.54741995e-05) (-2.53569862e-14,2.14601304e-13)
-4.73947896e+00 (-1.69857093e-04,-8.56433349e-04) (-2.47434125e-04,4.90713029e-05) (-7.32550813e-14,1.69294774e-13)
-4.71943888e+00 (-1.70939110e-04,-8.61877839e-04) (-2.65682670e-04,5.26905730e-05) (-1.75240124e-13,2.54471342e-13)
-4.69939880e+00 (-1.72098397e-04,-8.67710619e-04) (-2.84050980e-04,5.63336458e-05) (4.68581930e-14,1.18227045e-13)
-4.67935872e+00 (-1.73335488e-04,-8.73934276e-04) (-3.02547329e-04,6.00021682e-05) (1.25466766e-13,-2.88425895e-14)
-4.65931864e+00 (-1.74650951e-04,-8.80551570e-04) (-3.21180051e-04,6.36977988e-05) (4.78648330e-14,5.99573335e-15)
-4.63927856e+00 (-1.76045391e-04,-8.87565436e-04) (-3.39957536e-04,6.74222086e-05) (-8.88008864e-15,2.05294588e-14)
-4.61923848e+00 (-1.77519449e-04,-8.94978985e-04) (-3.58888242e-04,7.11770820e-05) (4.26990199e-15,1.72071126e-13)
-4.59919840e+00 (-1.79073803e-04,-9.02795503e-04) (-3.77980692e-04,7.49641171e-05) (2.75571866e-14,-4.72929362e-14)
-4.57915832e+00 (-1.80709166e-04,-9.11018457e-04) (-3.97243482e-04,7.87850271e-05) (1.79355625e-14,-1.03310482e-14)
-4.55911824e+00 (-1.82426292e-04,-9.19651490e-04) (-4.16685283e-04,8.26415406e-05) (1.36655458e-13,-5.12130015e-14)
-4.53907816e+00 (-1.84225971e-04,-9.28698428e-04) (-4.36314848e-04,8.65354026e-05) (2.70050340e-14,1.36019052e-13)
-4.51903808e+00 (-1.86109030e-04,-9.38163279e-04) (-4.56141008e-04,9.04683754e-05) (1.30570647e-13,2.76369862e-14)
-4.49899800e+00 (-1.88076335e-04,-9.48050235e-04) (-4.76172686e-04,9.44422392e-05) (5.16759017e-14,3.45877101e-14)
-4.47895792e+00 (-1.90128794e-04,-9.58363671e-04) (-4.96418894e-04,9.84587929e-05) (7.41085172e-14,-4.65707074e-14)
-4.45891784e+00 (-1.92267352e-04,-9.69108152e-04) (-5.16888738e-04,1.02519855e-04) (-5.73176649e-14,-9.92973198e-14)
-4.43887776e+00 (-1.94492994e-04,-9.80288430e-04) (-5.37591425e-04,1.06627266e-04) (-1.29796396e-13,4.05167569e-14)
-4.41883768e+00 (-1.96806747e-04,-9.91909449e-04) (-5.58536263e-04,1.10782884e-04) (3.23626825e-14,1.96154254e-13)
-4.39879760e+00 (-1.99209678e-04,-1.00397634e-03) (-5.79732668e-04,1.14988594e-04) (-6.72060942e-14,-1.52350197e-13)
-4.37875752e+00 (-2.01702896e-04,-1.01649444e-03) (-6.01190167e-04,1.19246301e-04) (-1.17948172e-13,1.53694195e-13)
-4.35871743e+00 (-2.04287552e-04,-1.02946927e-03) (-6.22918403e-04,1.23557936e-04) (-5.44680190e-14,-1.38947819e-13)
-4.33867735e+00 (-2.06964842e-04,-1.04290655e-03) (-6.44927138e-04,1.27925452e-04) (-9.72729835e-14,1.75001359e-13)
-4.31863727e+00 (-2.09736003e-04,-1.05681221e-03) (-6.67226257e-04,1.32350831e-04) (5.86266252e-14,-9.00087956e-14)
-4.29859719e+00 (-2.12602318e-04,-1.07119238e-03) (-6.89825773e-04,1.36836080e-04) (-1.22476606e-14,1.92514575e-13)
-4.27855711e+00 (-2.15565114e-04,-1.08605338e-03) (-7.12735833e-04,1.41383234e-04) (2.06101245e-14,-5.89732675e-14)
-4.25851703e+00 (-2.18625765e-04,-1.10140175e-03) (-7.35966718e-04,1.45994357e-04) (-5.29180932e-15,2.64749722e-13)
-4.23847695e+00 (-2.21785690e-04,-1.11724424e-03) (-7.59528853e-04,1.50671543e-04) (2.04737381e-13,-1.48612409e-14)
-4.21843687e+00 (-2.25046356e-04,-1.13358782e-03) (-7.83432806e-04,1.55416916e-04) (1.01975388e-13,8.60424945e-14)
-4.19839679e+00 (-2.28409278e-04,-1.15043964e-03) (-8.07689297e-04,1.60232631e-04) (2.48747608e-13,-1.14384926e-13)
-4.17835671e+00 (-2.31876020e-04,-1.16780711e-03) (-8.32309200e-04,1.65120877e-04) (6.26509988e-14,-7.68065942e-14)
-4.15831663e+00 (-2.35448196e-04,-1.18569782e-03) (-8.57303547e-04,1.70083876e-04) (1.17671158e-13,-1.41361037e-13)
-4.13827655e+00 (-2.39127471e-04,-1.20411961e-03) (-8.82683536e-04,1.75123886e-04) (-8.93560423e-14,-6.10831505e-14)
-4.11823647e+00 (-2.42915560e-04,-1.22308053e-03) (-9.08460533e-04,1.80243200e-04) (9.88941985e-14,2.74125868e-15)
-4.09819639e+00 (-2.46814234e-04,-1.24258886e-03) (-9.34646076e-04,1.85444147e-04) (1.54199709e-14,-6.26669049e-14)
-4.07815631e+00 (-2.50825314e-04,-1.26265311e-03) (-9.61251883e-04,1.90729095e-04) (8.35530959e-14,-7.97679389e-14)
-4.05811623e+00 (-2.54950678e-04,-1.28328202e-03) (-9.88289855e-04,1.96100453e-04) (3.85873041e-14,-1.81911530e-14)
-4.03807615e+00 (-2.59192260e-04,-1.30448457e-03) (-1.01577208e-03,2.01560667e-04) (1.16413985e-13,-1.98848949e-13)
-4.01803607e+00 (-2.63552048e-04,-1.32626998e-03) (-1.04371084e-03,2.07112228e-04) (-7.66964788e-14,-1.21528453e-13)
-3.99799599e+00 (-2.68032093e-04,-1.34864768e-03) (-1.07211862e-03,2.12757668e-04) (-1.40639824e-13,-2.22797066e-13)
-3.97795591e+00 (-2.72634502e-04,-1.37162739e-03) (-1.10100810e-03,2.18499563e-04) (-1.98414662e-13,9.74409840e-14)
-3.95791583e+00 (-2.77361444e-04,-1.39521905e-03) (-1.13039217e-03,2.24340536e-04) (-3.20250546e-14,-9.98027237e-14)
-3.93787575e+00 (-2.82215148e-04,-1.41943285e-03) (-1.16028394e-03,2.30283256e-04) (-8.02310786e-14,-7.42315502e-14)
-3.91783567e+00 (-2.87197910e-04,-1.44427924e-03) (-1.19069673e-03,2.36330439e-04) (-2.64747313e-13,-1.94598467e-13)
-3.89779559e+00 (-2.92312089e-04,-1.46976891e-03) (-1.22164410e-03,2.42484851e-04) (-1.92036332e-13,8.48975116e-14)
-3.87775551e+00 (-2.97560109e-04,-1.49591282e-03) (-1.25313982e-03,2.48749309e-04) (-1.32119064e-13,-4.33246997e-14)
-3.85771543e+00 (-3.02944463e-04,-1.52272220e-03) (-1.28519791e-03,2.55126683e-04) (-9.30793121e-14,-5.84090739e-14)
-3.83767535e+00 (-3.08467715e-04,-1.55020852e-03) (-1.31783263e-03,2.61619895e-04) (-1.87289149e-13,-7.40873258e-15)
-3.81763527e+00 (-3.14132497e-04,-1.57838353e-03) (-1.35105847e-03,2.68231924e-04) (3.72271958e-14,-1.63430126e-14)
-3.79759519e+00 (-3.19941517e-04,-1.60725925e-03) (-1.38489020e-03,2.74965805e-04) (-7.22167949e-14,-1.46958355e-13)
-3.77755511e+00 (-3.25897554e-04,-1.63684796e-03) (-1.41934283e-03,2.81824630e-04) (-6.66296143e-14,-5.12018406e-14)
-3.75751503e+00 (-3.32003468e-04,-1.66716224e-03) (-1.45443164e-03,2.88811553e-04) (-5.40892677e-14,-1.31162390e-13)
-3.73747495e+00 (-3.38262194e-04,-1.69821492e-03) (-1.49017217e-03,2.95929788e-04) (-1.45955511e-13,8.55802800e-14)
-3.71743487e+00 (-3.44676749e-04,-1.73001912e-03) (-1.52658025e-03,3.03182612e-04) (1.18017773e-13,-5.98094454e-14)
-3.69739479e+00 (-3.51250231e-04,-1.76258825e-03) (-1.56367198e-03,3.10573369e-04) (-1.75625955e-13,8.62925104e-14)
-3.67735471e+00 (-3.57985824e-04,-1.79593600e-03) (-1.60146376e-03,3.18105467e-04) (2.12134629e-13,3.08733602e-14)
-3.65731463e+00 (-3.64886799e-04,-1.83007635e-03) (-1.63997227e-03,3.25782386e-04) (-1.49382547e-13,-8.98758181e-14)
-3.63727455e+00 (-3.71956515e-04,-1.86502355e-03) (-1.67921450e-03,3.33607672e-04) (-1.56762443e-13,1.12635449e-13)
-3.61723447e+00 (-3.79198425e-04,-1.90079218e-03) (-1.71920774e-03,3.41584947e-04) (-4.85109232e-14,2.91573238e-13)
-3.59719439e+00 (-3.86616073e-04,-1.93739707e-03) (-1.75996960e-03,3.49717906e-04) (3.53956168e-14,3.97464587e-14)
-3.57715431e+00 (-3.94213104e-04,-1.97485339e-03) (-1.80151799e-03,3.58010319e-04) (-1.75018528e-13,1.99122619e-13)
-3.55711423e+00 (-4.01993258e-04,-2.01317657e-03) (-1.84387118e-03,3.66466038e-04) (6.57665515e-14,2.66661634e-13)
-3.53707415e+00 (-4.09960382e-04,-2.05238237e-03) (-1.88704774e-03,3.75088991e-04) (6.59853685e-14,-8.09396482e-14)
-3.51703407e+00 (-4.18118426e-04,-2.09248682e-03) (-1.93106659e-03,3.83883192e-04) (-2.72789351e-13,1.52460108e-13)
-3.49699399e+00 (-4.26471448e-04,-2.13350627e-03) (-1.97594698e-03,3.92852740e-04) (1.78133579e-13,1.23626961e-13)
-3.47695391e+00 (-4.35023621e-04,-2.17545737e-03) (-2.02170854e-03,4.02001819e-04) (-8.56714718e-14,-9.20230116e-14)
-3.45691383e+00 (-4.43779229e-04,-2.21835708e-03) (-2.06837122e-03,4.11334705e-04) (9.08484058e-14,-5.56791970e-14)
-3.43687375e+00 (-4.52742679e-04,-2.26222265e-03) (-2.11595537e-03,4.20855766e-04) (-1.50286855e-13,-2.73529124e-13)
-3.41683367e+00 (-4.61918498e-04,-2.30707163e-03) (-2.16448168e-03,4.30569464e-04) (-1.26616790e-13,5.50890815e-14)
-3.39679359e+00 (-4.71311340e-04,-2.35292189e-03) (-2.21397124e-03,4.40480360e-04) (9.46214050e-14,-1.98920692e-13)
-3.37675351e+00 (-4.80925989e-04,-2.39979159e-03) (-2.26444550e-03,4.50593112e-04) (-1.29603000e-13,-4.60493190e-14)
-3.35671343e+00 (-4.90767365e-04,-2.44769918e-03) (-2.31592631e-03,4.60912486e-04) (2.47823141e-13,-1.66503533e-13)
-3.33667335e+00 (-5.00840524e-04,-2.49666344e-03) (-2.36843592e-03,4.71443349e-04) (-6.25092577e-14,-2.22602990e-13)
-3.31663327e+00 (-5.11150669e-04,-2.54670342e-03) (-2.42199698e-03,4.82190680e-04) (1.54995824e-13,-2.19858837e-13)
-3.29659319e+00 (-5.21703150e-04,-2.59783847e-03) (-2.47663254e-03,4.93159570e-04) (-1.27297054e-13,-2.02154366e-13)
-3.27655311e+00 (-5.32503470e-04,-2.65008823e-03) (-2.53236607e-03,5.04355223e-04) (1.16632028e-14,-1.07629398e-13)
-3.25651303e+00 (-5.43557289e-04,-2.70347264e-03) (-2.58922146e-03,5.15782964e-04) (-1.30136561e-13,5.23830004e-14)
-3.23647295e+00 (-5.54870436e-04,-2.75801189e-03) (-2.64722303e-03,5.27448238e-04) (1.38302172e-13,1.03419593e-13)
-3.21643287e+00 (-5.66448904e-04,-2.81372649e-03) (-2.70639551e-03,5.39356618e-04) (4.66471271e-14,1.16512461e-13)
-3.19639279e+00 (-5.78298867e-04,-2.87063718e-03) (-2.76676411e-03,5.51513803e-04) (2.98560230e-13,1.63432625e-13)
-3.17635271e+00 (-5.90426678e-04,-2.92876500e-03) (-2.82835445e-03,5.63925628e-04) (2.27461028e-13,-1.10773516e-13)
-3.15631263e+00 (-6.02838880e-04,-2.98813121e-03) (-2.89119260e-03,5.76598062e-04) (1.00254724e-13,1.65699792e-14)
-3.13627255e+00 (-6.15542211e-04,-3.04875735e-03) (-2.95530511e-03,5.89537219e-04) (1.76504866e-13,-1.32990405e-13)
-3.11623246e+00 (-6.28543613e-04,-3.11066517e-03) (-3.02071897e-03,6.02749355e-04) (-1.47826469e-13,-1.05932792e-13)
-3.09619238e+00 (-6.41850238e-04,-3.17387667e-03) (-3.08746163e-03,6.16240876e-04) (-7.51053675e-14,1.78385275e-13)
-3.07615230e+00 (-6.55469459e-04,-3.23841405e-03) (-3.15556102e-03,6.30018343e-04) (1.76405146e-13,5.71486887e-14)
-3.05611222e+00 (-6.69408871e-04,-3.30429971e-03) (-3.22504555e-03,6.44088476e-04) (-8.77281271e-14,-1.97241322e-13)
-3.03607214e+00 (-6.83676310e-04,-3.37155625e-03) (-3.29594410e-03,6.58458159e-04) (-2.07091152e-13,1.30391570e-13)
-3.01603206e+00 (-6.98279854e-04,-3.44020641e-03) (-3.36828602e-03,6.73134443e-04) (-5.03402098e-16,1.08175726e-13)
-2.99599198e+00 (-7.13227838e-04,-3.51027313e-03) (-3.44210116e-03,6.88124557e-04) (-1.69594702e-14,-2.34905282e-14)
-2.97595190e+00 (-7.28528861e-04,-3.58177945e-03) (-3.51741987e-03,7.03435907e-04) (-1.98538228e-13,1.92133884e-14)
-2.95591182e+00 (-7.44191797e-04,-3.65474852e-03) (-3.59427296e-03,7.19076084e-04) (-6.69714957e-14,1.34179156e-13)
-2.93587174e+00 (-7.60225808e-04,-3.72920359e-03) (-3.67269175e-03,7.35052873e-04) (-1.43512881e-13,7.81781736e-14)
-2.91583166e+00 (-7.76640356e-04,-3.80516797e-03) (-3.75270806e-03,7.51374255e-04) (-5.28325639e-14,2.12511212e-13)
-2.89579158e+00 (-7.93445214e-04,-3.88266502e-03) (-3.83435420e-03,7.68048415e-04) (8.03400784e-15,1.75959479e-13)
-2.87575150e+00 (-8.10650478e-04,-3.96171808e-03) (-3.91766297e-03,7.85083751e-04) (9.40735730e-14,1.26421457e-13)
-2.85571142e+00 (-8.28266583e-04,-4.04235050e-03) (-4.00266767e-03,8.02488876e-04) (1.31199391e-14,8.86846114e-14)
-2.83567134e+00 (-8.46304319e-04,-4.12458553e-03) (-4.08940210e-03,8.20272632e-04) (3.96581484e-14,1.79072235e-13)
-2.81563126e+00 (-8.64774842e-04,-4.20844635e-03) (-4.17790056e-03,8.38444090e-04) (2.27388777e-13,2.45061916e-13)
-2.79559118e+00 (-8.83689694e-04,-4.29395600e-03) (-4.26819782e-03,8.57012565e-04) (3.60683844e-13,-1.04501638e-13)
-2.77555110e+00 (-9.03060816e-04,-4.38113734e-03) (-4.36032915e-03,8.75987620e-04) (3.14605689e-14,-1.53746306e-13)
-2.75551102e+00 (-9.22900572e-04,-4.47001299e-03) (-4.45433031e-03,8.95379076e-04) (3.49444730e-14,-3.86576041e-14)
-2.73547094e+00 (-9.43221760e-04,-4.56060531e-03) (-4.55023752e-03,9.15197023e-04) (4.82472795e-14,1.66444631e-14)
-2.71543086e+00 (-9.64037638e-04,-4.65293630e-03) (-4.64808749e-03,9.35451825e-04) (8.99104755e-14,-9.93700391e-14)
-2.69539078e+00 (-9.85361944e-04,-4.74702761e-03) (-4.74791738e-03,9.56154133e-04) (-8.62346639e-14,-1.77483192e-14)
-2.67535070e+00 (-1.00720891e-03,-4.84290039e-03) (-4.84976481e-03,9.77314897e-04) (2.52127061e-14,9.74140172e-14)
-2.65531062e+00 (-1.02959331e-03,-4.94057530e-03) (-4.95366786e-03,9.98945373e-04) (1.62021100e-13,8.06704582e-14)
-2.63527054e+00 (-1.05253045e-03,-5.04007240e-03) (-5.05966501e-03,1.02105714e-03) (1.62505746e-13,-1.79783973e-13)
-2.61523046e+00 (-1.07603620e-03,-5.14141108e-03) (-5.16779518e-03,1.04366210e-03) (-9.21728610e-14,-8.89581412e-14)
-2.59519038e+00 (-1.10012706e-03,-5.24460997e-03) (-5.27809770e-03,1.06677250e-03) (1.75744584e-14,1.12427998e-14)
-2.57515030e+00 (-1.12482015e-03,-5.34968687e-03) (-5.39061228e-03,1.09040096e-03) (5.02956236e-14,-1.92453998e-14)
-2.55511022e+00 (-1.15013324e-03,-5.45665861e-03) (-5.50537899e-03,1.11456045e-03) (6.09677323e-14,-1.33770395e-13)
-2.53507014e+00 (-1.17608481e-03,-5.56554104e-03) (-5.62243826e-03,1.13926434e-03) (-1.27772838e-13,-1.43540122e-13)
-2.51503006e+00 (-1.20269404e-03,-5.67634880e-03) (-5.74183083e-03,1.16452638e-03) (-1.76136998e-13,4.81399844e-14)
-2.49498998e+00 (-1.22998090e-03,-5.78909530e-03) (-5.86359776e-03,1.19036076e-03) (-2.12146284e-14,1.35304333e-13)
-2.47494990e+00 (-1.25796615e-03,-5.90379258e-03) (-5.98778037e-03,1.21678208e-03) (7.90884830e-14,7.43139279e-14)
-2.45490982e+00 (-1.28667139e-03,-6.02045111e-03) (-6.11442021e-03,1.24380541e-03) (1.02970155e-13,-9.41718984e-14)
-2.43486974e+00 (-1.31611908e-03,-6.13907974e-03) (-6.24355906e-03,1.27144628e-03) (-1.28602579e-13,-4.31283745e-14)
-2.41482966e+00 (-1.34633265e-03,-6.25968550e-03) (-6.37523883e-03,1.29972069e-03) (7.07389564e-14,5.45358164e-14)
-2.39478958e+00 (-1.37733646e-03,-6.38227344e-03) (-6.50950161e-03,1.32864518e-03) (-7.00496040e-14,-8.32304745e-14)
-2.37474950e+00 (-1.40915591e-03,-6.50684648e-03) (-6.64638953e-03,1.35823679e-03) (4.12333574e-14,4.94824688e-14)
-2.35470942e+00 (-1.44181748e-03,-6.63340521e-03) (-6.78594478e-03,1.38851313e-03) (-1.09452371e-13,-1.32913939e-13)
-2.33466934e+00 (-1.47534875e-03,-6.76194770e-03) (-6.92820955e-03,1.41949236e-03) (-6.33764316e-14,1.80516508e-13)
-2.31462926e+00 (-1.50977851e-03,-6.89246930e-03) (-7.07322593e-03,1.45119327e-03) (7.93815471e-14,-7.98846546e-14)
-2.29458918e+00 (-1.54513679e-03,-7.02496243e-03) (-7.22103590e-03,1.48363526e-03) (-1.36604359e-13,2.15147299e-14)
-2.27454910e+00 (-1.58145494e-03,-7.15941631e-03) (-7.37168125e-03,1.51683836e-03) (-6.54653056e-15,6.27165052e-14)
-2.25450902e+00 (-1.61876566e-03,-7.29581676e-03) (-7.52520349e-03,1.55082332e-03) (-7.65710308e-14,5.64053041e-14)
-2.23446894e+00 (-1.65710314e-03,-7.43414590e-03) (-7.68164380e-03,1.58561158e-03) (-1.92381640e-14,1.88509253e-13)
-2.21442886e+00 (-1.69650307e-03,-7.57438189e-03) (-7.84104295e-03,1.62122530e-03) (1.86657342e-13,1.68993233e-13)
-2.19438878e+00 (-1.73700274e-03,-7.71649862e-03) (-8.00344119e-03,1.65768746e-03) (2.00444449e-13,-4.74059244e-14)
-2.17434870e+00 (-1.77864116e-03,-7.86046540e-03) (-8.16887816e-03,1.69502181e-03) (1.24270000e-13,-3.47012525e-14)
-2.15430862e+00 (-1.82145910e-03,-8.00624665e-03) (-8.33739282e-03,1.73325297e-03) (1.72682390e-13,-1.81897931e-13)
-2.13426854e+00 (-1.86549919e-03,-8.15380150e-03) (-8.50902331e-03,1.77240644e-03) (-1.28659198e-13,-2.10051055e-13)
-2.11422846e+00 (-1.91080607e-03,-8.30308344e-03) (-8.68380684e-03,1.81250865e-03) (-7.30544940e-14,1.05239805e-13)
-2.09418838e+00 (-1.95742642e-03,-8.45403992e-03) (-8.86177956e-03,1.85358698e-03) (1.49794237e-13,-4.48527744e-14)
-2.07414830e+00 (-2.00540913e-03,-8.60661194e-03) (-9.04297647e-03,1.89566985e-03) (-2.39555446e-14,-1.37368411e-13)
-2.05410822e+00 (-2.05480538e-03,-8.76073355e-03) (-9.22743121e-03,1.93878673e-03) (-2.78952714e-14,-4.64576202e-14)
-2.03406814e+00 (-2.10566877e-03,-8.91633145e-03) (-9.41517597e-03,1.98296820e-03) (-4.27690663e-14,-2.46067655e-14)
-2.01402806e+00 (-2.15805548e-03,-9.07332443e-03) (-9.60624128e-03,2.02824600e-03) (6.03919103e-14,-1.38431778e-14)
-1.99398798e+00 (-2.21202435e-03,-9.23162286e-03) (-9.80065589e-03,2.07465312e-03) (-2.49008100e-14,-1.18885960e-13)
-1.97394790e+00 (-2.26763706e-03,-9.39112815e-03) (-9.99844650e-03,2.12222379e-03) (-1.39675378e-14,-2.49545952e-14)
-1.95390782e+00 (-2.32495830e-03,-9.55173210e-03) (-1.01996377e-02,2.17099361e-03) (-5.69175811e-14,-1.15846603e-13)
-1.93386774e+00 (-2.38405587e-03,-9.71331632e-03) (-1.04042516e-02,2.22099958e-03) (-7.80033963e-14,1.55802081e-14)
-1.91382766e+00 (-2.44500089e-03,-9.87575155e-03) (-1.06123076e-02,2.27228015e-03) (-4.92539718e-14,-6.67858843e-14)
-1.89378758e+00 (-2.50786796e-03,-1.00388969e-02) (-1.08238226e-02,2.32487536e-03) (-1.29440859e-13,4.35831551e-14)
-1.87374749e+00 (-2.57273537e-03,-1.02025993e-02) (-1.10388099e-02,2.37882685e-03) (-3.59262788e-14,9.72639828e-14)
-1.85370741e+00 (-2.63968526e-03,-1.03666924e-02) (-1.12572797e-02,2.43417795e-03) (1.07578965e-13,9.43202424e-14)
-1.83366733e+00 (-2.70880385e-03,-1.05309961e-02) (-1.14792385e-02,2.49097380e-03) (9.64083585e-14,-1.91389536e-13)
-1.81362725e+00 (-2.78018162e-03,-1.06953152e-02) (-1.17046887e-02,2.54926140e-03) (-2.28717252e-13,-1.20334155e-13)
-1.79358717e+00 (-2.85391360e-03,-1.08594391e-02) (-1.19336286e-02,2.60908973e-03) (-1.79292462e-13,1.43110011e-13)
-1.77354709e+00 (-2.93009955e-03,-1.10231403e-02) (-1.21660517e-02,2.67050983e-03) (8.10349267e-16,1.41148088e-13)
-1.75350701e+00 (-3.00884421e-03,-1.11861736e-02) (-1.24019464e-02,2.73357492e-03) (-3.66450294e-14,9.33467544e-14)
-1.73346693e+00 (-3.09025762e-03,-1.13482748e-02) (-1.26412959e-02,2.79834049e-03) (1.10455072e-13,1.63860979e-13)
-1.71342685e+00 (-3.17445531e-03,-1.15091601e-02) (-1.28840775e-02,2.86486442e-03) (7.60294298e-14,-7.14254575e-14)
-1.69338677e+00 (-3.26155867e-03,-1.16685240e-02) (-1.31302623e-02,2.93320713e-03) (8.58020655e-15,1.22488578e-13)
-1.67334669e+00 (-3.35169519e-03,-1.18260388e-02) (-1.33798144e-02,3.00343165e-03) (2.41084800e-13,-7.22921091e-14)
-1.65330661e+00 (-3.44499879e-03,-1.19813530e-02) (-1.36326912e-02,3.07560380e-03) (-9.64988317e-15,-2.22727690e-13)
-1.63326653e+00 (-3.54161018e-03,-1.21340896e-02) (-1.38888418e-02,3.14979232e-03) (-6.96555373e-14,-1.60540371e-13)
-1.61322645e+00 (-3.64167715e-03,-1.22838448e-02) (-1.41482076e-02,3.22606900e-03) (-1.97683119e-13,-1.85446446e-13)
-1.59318637e+00 (-3.74535497e-03,-1.24301866e-02) (-1.44107206e-02,3.30450886e-03) (-3.49280236e-13,-3.78191833e-14)
-1.57314629e+00 (-3.85280675e-03,-1.25726526e-02) (-1.46763037e-02,3.38519029e-03) (-2.81835716e-13,2.34775127e-13)
-1.55310621e+00 (-3.96420382e-03,-1.27107486e-02) (-1.49448694e-02,3.46819524e-03) (-2.72882979e-14,2.22673833e-13)
-1.53306613e+00 (-4.07972613e-03,-1.28439466e-02) (-1.52163195e-02,3.55360937e-03) (-2.02234814e-15,2.16420072e-13)
-1.51302605e+00 (-4.19956269e-03,-1.29716826e-02) (-1.54905441e-02,3.64152228e-03) (3.70911275e-13,1.18787979e-13)
-1.49298597e+00 (-4.32391197e-03,-1.30933545e-02) (-1.57674210e-02,3.73202767e-03) (2.16095812e-13,-4.21086522e-13)
-1.47294589e+00 (-4.45298237e-03,-1.32083201e-02) (-1.60468148e-02,3.82522355e-03) (-2.54425675e-14,-2.71783952e-13)
-1.45290581e+00 (-4.58699265e-03,-1.33158940e-02) (-1.63285761e-02,3.92121249e-03) (1.53307168e-13,-4.55639742e-13)
-1.43286573e+00 (-4.72617243e-03,-1.34153457e-02) (-1.66125402e-02,4.02010180e-03) (2.71413695e-14,-6.78399244e-13)
-1.41282565e+00 (-4.87076261e-03,-1.35058962e-02) (-1.68985266e-02,4.12200378e-03) (1.78340097e-14,-8.52350147e-13)
-1.39278557e+00 (-5.02101592e-03,-1.35867152e-02) (-1.71863378e-02,4.22703600e-03) (2.24734260e-13,-1.11211803e-12)
-1.37274549e+00 (-5.17719734e-03,-1.36569179e-02) (-1.74757578e-02,4.33532149e-03) (4.14339644e-13,-1.89420696e-12)
-1.35270541e+00 (-5.33958460e-03,-1.37155612e-02) (-1.77665515e-02,4.44698907e-03) (7.12568804e-13,-2.59936928e-12)
-1.33266533e+00 (-5.50846866e-03,-1.37616403e-02) (-1.80584630e-02,4.56217358e-03) (1.44364003e-12,-4.53592084e-12)
-1.31262525e+00 (-5.68415412e-03,-1.37940841e-02) (-1.83512144e-02,4.68101620e-03) (1.47462778e-12,-6.82410408e-12)
-1.29258517e+00 (-5.86695970e-03,-1.38117509e-02) (-1.86445043e-02,4.80366470e-03) (2.80858361e-12,-1.00847458e-11)
-1.27254509e+00 (-6.05721855e-03,-1.38134234e-02) (-1.89380062e-02,4.93027381e-03) (4.33114564e-12,-1.57899819e-11)
-1.25250501e+00 (-6.25527860e-03,-1.37978028e-02) (-1.92313672e-02,5.06100545e-03) (6.89287467e-12,-2.43748043e-11)
-1.23246493e+00 (-6.46150280e-03,-1.37635034e-02) (-1.95242055e-02,5.19602913e-03) (1.03052193e-11,-3.78629072e-11)
-1.21242485e+00 (-6.67626923e-03,-1.37090451e-02) (-1.98161092e-02,5.33552220e-03) (1.56147126e-11,-5.79879016e-11)
-1.19238477e+00 (-6.89997103e-03,-1.36328462e-02) (-2.01066338e-02,5.47967023e-03) (2.43905182e-11,-8.90728481e-11)
-1.17234469e+00 (-7.13301624e-03,-1.35332149e-02) (-2.03953003e-02,5.62866726e-03) (3.76801577e-11,-1.37548415e-10)
-1.15230461e+00 (-7.37582725e-03,-1.34083392e-02) (-2.06815921e-02,5.78271621e-03) (5.82968985e-11,-2.11961402e-10)
-1.13226453e+00 (-7.62883994e-03,-1.32562762e-02) (-2.09649531e-02,5.94202906e-03) (8.99874956e-11,-3.27307268e-10)
-1.11222445e+00 (-7.89250242e-03,-1.30749395e-02) (-2.12447846e-02,6.10682724e-03) (1.39466473e-10,-5.05073555e-10)
-1.09218437e+00 (-8.16727309e-03,-1.28620844e-02) (-2.15204416e-02,6.27734179e-03) (2.16200069e-10,-7.80932326e-10)
-1.07214429e+00 (-8.45361793e-03,-1.26152916e-02) (-2.17912298e-02,6.45381359e-03) (3.35239540e-10,-1.20803765e-09)
-1.05210421e+00 (-8.75200677e-03,-1.23319469e-02) (-2.20564018e-02,6.63649349e-03) (5.20092059e-10,-1.87057772e-09)
-1.03206413e+00 (-9.06290808e-03,-1.20092188e-02) (-2.23151522e-02,6.82564234e-03) (8.07845521e-10,-2.89894277e-09)
-1.01202405e+00 (-9.38678201e-03,-1.16440312e-02) (-2.25666131e-02,7.02153087e-03) (1.25602162e-09,-4.49837139e-09)
-9.91983968e-01 (-9.72407088e-03,-1.12330315e-02) (-2.28098485e-02,7.22443949e-03) (1.95404749e-09,-6.98810439e-09)
-9.71943888e-01 (-1.00751863e-02,-1.07725519e-02) (-2.30438481e-02,7.43465773e-03) (3.04357230e-09,-1.08709036e-08)
-9.51903808e-01 (-1.04404918e-02,-1.02585638e-02) (-2.32675201e-02,7.65248348e-03) (4.74446269e-09,-1.69359832e-08)
-9.31863727e-01 (-1.08202794e-02,-9.68662225e-03) (-2.34796829e-02,7.87822171e-03) (7.40363849e-09,-2.64271759e-08)
-9.11823647e-01 (-1.12147370e-02,-9.05179850e-03) (-2.36790559e-02,8.11218272e-03) (1.15663174e-08,-4.13124971e-08)
-8.91783567e-01 (-1.16239050e-02,-8.34859783e-03) (-2.38642483e-02,8.35467948e-03) (1.80879989e-08,-6.47140496e-08)
-8.71743487e-01 (-1.20476149e-02,-7.57085849e-03) (-2.40337459e-02,8.60602397e-03) (2.83138631e-08,-1.01603189e-07)
-8.51703407e-01 (-1.24854055e-02,-6.71162718e-03) (-2.41858960e-02,8.86652203e-03) (4.43576797e-08,-1.59930125e-07)
-8.31663327e-01 (-1.29364036e-02,-5.76300448e-03) (-2.43188892e-02,9.13646605e-03) (6.95337395e-08,-2.52445588e-07)
-8.11623246e-01 (-1.33991563e-02,-4.71595236e-03) (-2.44307371e-02,9.41612475e-03) (1.09094903e-07,-3.99670071e-07)
-7.91583166e-01 (-1.38713888e-02,-3.56005233e-03) (-2.45192462e-02,9.70572881e-03) (1.71586208e-07,-6.34837379e-07)
-7.71543086e-01 (-1.43496476e-02,-2.28319943e-03) (-2.45819858e-02,1.00054503e-02) (2.71464155e-07,-1.01261232e-06)
-7.51503006e-01 (-1.48287555e-02,-8.71216246e-04) (-2.46162479e-02,1.03153732e-02) (4.33643276e-07,-1.62570561e-06)
-7.31462926e-01 (-1.53009421e-02,6.92610166e-04) (-2.46189994e-02,1.06354495e-02) (6.98776963e-07,-2.63800418e-06)
-7.11422846e-01 (-1.57544213e-02,2.42798624e-03) (-2.45868224e-02,1.09654332e-02) (1.12071795e-06,-4.34903880e-06)
-6.91382766e-01 (-1.61711042e-02,4.35777699e-03) (-2.45158465e-02,1.13047756e-02) (1.73005437e-06,-7.30728776e-06)
-6.71342685e-01 (-1.65231921e-02,6.50720787e-03) (-2.44016824e-02,1.16524621e-02) (2.41005867e-06,-1.24765332e-05)
-6.51302605e-01 (-1.67688244e-02,8.90095357e-03) (-2.42393879e-02,1.20067630e-02) (2.60859429e-06,-2.14148327e-05)
-6.31262525e-01 (-1.68479602e-02,1.15567390e-02) (-2.40235256e-02,1.23648851e-02) (8.27281772e-07,-3.63492551e-05)
-6.11222445e-01 (-1.66810906e-02,1.44747297e-02) (-2.37484002e-02,1.27225480e-02) (-6.07298706e-06,-5.99626066e-05)
-5.91182365e-01 (-1.61744049e-02,1.76240328e-02) (-2.34085672e-02,1.30735807e-02) (-2.35392896e-05,-9.47384471e-05)
-5.71142285e-01 (-1.52342823e-02,2.09307434e-02) (-2.29996437e-02,1.34097171e-02) (-5.96122644e-05,-1.41916470e-04)
-5.51102204e-01 (-1.37904580e-02,2.42744391e-02) (-2.25193252e-02,1.37208088e-02) (-1.24538387e-04,-2.00454828e-04)
-5.31062124e-01 (-1.18217321e-02,2.74993283e-02) (-2.19683449e-02,1.39956043e-02) (-2.29800276e-04,-2.66662989e-04)
-5.11022044e-01 (-9.37373665e-03,3.04409918e-02) (-2.13510170e-02,1.42230547e-02) (-3.87233152e-04,-3.35071423e-04)
-4.90981964e-01 (-6.55889790e-03,3.29616047e-02) (-2.06750603e-02,1.43938473e-02) (-6.09289044e-04,-4.00552357e-04)
-4.70941884e-01 (-3.53562718e-03,3.49805071e-02) (-1.99506442e-02,1.45017093e-02) (-9.11365254e-04,-4.60999293e-04)
-4.50901804e-01 (-4.73692869e-04,3.64876691e-02) (-1.91889145e-02,1.45440583e-02) (-1.31646815e-03,-5.19553031e-04)
-4.30861723e-01 (2.48052879e-03,3.75354172e-02) (-1.84004667e-02,1.45218341e-02) (-1.86184941e-03,-5.85757403e-04)
-4.10821643e-01 (5.22608621e-03,3.82140319e-02) (-1.75942234e-02,1.44386731e-02) (-2.60723583e-03,-6.75923026e-04)
-3.90781563e-01 (7.71147129e-03,3.86230449e-02) (-1.67769447e-02,1.42998040e-02) (-3.64506875e-03,-8.13774616e-04)
-3.70741483e-01 (9.92416435e-03,3.88491142e-02) (-1.59533245e-02,1.41110515e-02) (-5.11443523e-03,-1.03270948e-03)
-3.50701403e-01 (1.18740437e-02,3.89553101e-02) (-1.51264413e-02,1.38781762e-02) (-7.22162253e-03,-1.38077163e-03)
-3.30661323e-01 (1.35782635e-02,3.89802890e-02) (-1.42983093e-02,1.36065831e-02) (-1.02712975e-02,-1.92920029e-03)
-3.10621242e-01 (1.50512841e-02,3.89426627e-02) (-1.34703649e-02,1.33013040e-02) (-1.47134627e-02,-2.78554757e-03)
-2.90581162e-01 (1.62999926e-02,3.88461902e-02) (-1.26438315e-02,1.29671297e-02) (-2.12129326e-02,-4.11295309e-03)
-2.70541082e-01 (1.73220938e-02,3.86834003e-02) (-1.18199856e-02,1.26087993e-02) (-3.07501313e-02,-6.15798836e-03)
-2.50501002e-01 (1.81060335e-02,3.84370503e-02) (-1.10003684e-02,1.22312011e-02) (-4.47638288e-02,-9.29013946e-03)
-2.30460922e-01 (1.86316339e-02,3.80796916e-02) (-1.01869887e-02,1.18395650e-02) (-6.53459334e-02,-1.40557894e-02)
-2.10420842e-01 (1.88715941e-02,3.75717430e-02) (-9.38255383e-03,1.14396367e-02) (-9.54909089e-02,-2.12469838e-02)
-1.90380762e-01 (1.87948450e-02,3.68583566e-02) (-8.59075433e-03,1.10378059e-02) (-1.39377897e-01,-3.19770217e-02)
-1.70340681e-01 (1.83735256e-02,3.58653723e-02) (-7.81662765e-03,1.06411383e-02) (-2.02604065e-01,-4.77347816e-02)
-1.50300601e-01 (1.75960501e-02,3.44950596e-02) (-7.06701507e-03,1.02572073e-02) (-2.92166551e-01,-7.03489183e-02)
-1.30260521e-01 (1.64887652e-02,3.26234008e-02) (-6.35110608e-03,9.89357059e-03) (-4.15788349e-01,-1.01728195e-01)
-1.10220441e-01 (1.51465279e-02,3.01027013e-02) (-5.68101087e-03,9.55668256e-03) (-5.79948645e-01,-1.43184368e-01)
-9.01803607e-02 (1.37659335e-02,2.67762564e-02) (-5.07219372e-03,9.25007081e-03) (-7.85958520e-01,-1.94200543e-01)
-7.01402806e-02 (1.26634599e-02,2.25139082e-02) (-4.54342242e-03,8.97183729e-03) (-1.02419058e+00,-2.50880575e-01)
-5.01002004e-02 (1.22508617e-02,1.72732796e-02) (-4.11569101e-03,8.71206410e-03) (-1.26871964e+00,-3.05065767e-01)
-3.00601202e-02 (1.29469749e-02,1.11739126e-02) (-3.80956765e-03,8.45135980e-03) (-1.47744995e+00,-3.45643481e-01)
-1.00200401e-02 (1.50399862e-02,4.54299739e-03) (-3.64096767e-03,8.16201226e-03) (-1.60280593e+00,-3.62642680e-01)
1.00200401e-02 (1.85606863e-02,-2.12079830e-03) (-3.61655855e-03,7.81238644e-03) (-1.61137561e+00,-3.52099984e-01)
3.00601202e-02 (2.32411913e-02,-8.27971503e-03) (-3.73106972e-03,7.37346206e-03) (-1.50088075e+00,-3.18012231e-01)
5.01002004e-02 (2.85894923e-02,-1.35239893e-02) (-3.96832199e-03,6.82498513e-03) (-1.30136235e+00,-2.69788294e-01)
7.01402806e-02 (3.40398662e-02,-1.76758409e-02) (-4.30563600e-03,6.15883834e-03) (-1.05962841e+00,-2.17539742e-01)
9.01803607e-02 (3.91014472e-02,-2.07818736e-02) (-4.71927956e-03,5.37880244e-03) (-8.19209617e-01,-1.68670781e-01)
1.10220441e-01 (4.34452678e-02,-2.30272930e-02) (-5.18855327e-03,4.49761453e-03) (-6.08282221e-01,-1.27024716e-01)
1.30260521e-01 (4.69171504e-02,-2.46395361e-02) (-5.69759341e-03,3.53303154e-03) (-4.38398092e-01,-9.36710372e-02)
1.50300601e-01 (4.95006687e-02,-2.58248158e-02) (-6.23536322e-03,2.50434081e-03) (-3.09420910e-01,-6.80718094e-02)
1.70340681e-01 (5.12637376e-02,-2.67431529e-02) (-6.79475994e-03,1.42999712e-03) (-2.15383325e-01,-4.89937774e-02)
1.90380762e-01 (5.23119801e-02,-2.75080220e-02) (-7.37154527e-03,3.26402454e-04) (-1.48660548e-01,-3.50575367e-02)
2.10420842e-01 (5.27573903e-02,-2.81959487e-02) (-7.96343743e-03,-7.92475784e-04) (-1.02155173e-01,-2.50090325e-02)
2.30460922e-01 (5.27012607e-02,-2.88574236e-02) (-8.56944930e-03,-1.91499369e-03) (-7.01035090e-02,-1.78196635e-02)
2.50501002e-01 (5.22269132e-02,-2.95257665e-02) (-9.18944420e-03,-3.03148726e-03) (-4.81590103e-02,-1.26954007e-02)
2.70541082e-01 (5.13979054e-02,-3.02233370e-02) (-9.82385060e-03,-4.13385253e-03) (-3.31845528e-02,-9.04611127e-03)
2.90581162e-01 (5.02586403e-02,-3.09654628e-02) (-1.04734818e-02,-5.21512573e-03) (-2.29761453e-02,-6.44352336e-03)
3.10621242e-01 (4.88355061e-02,-3.17625134e-02) (-1.11394174e-02,-6.26908935e-03) (-1.60109960e-02,-4.58127330e-03)
3.30661323e-01 (4.71375468e-02,-3.26201902e-02) (-1.18229112e-02,-7.28990074e-03) (-1.12475128e-02,-3.24193493e-03)
3.50701403e-01 (4.51564618e-02,-3.35375664e-02) (-1.25252852e-02,-8.27172661e-03) (-7.97714247e-03,-2.27178909e-03)
3.70741483e-01 (4.28668174e-02,-3.45020568e-02) (-1.32477537e-02,-9.20837166e-03) (-5.71882470e-03,-1.56245445e-03)
3.90781563e-01 (4.02287795e-02,-3.54809600e-02) (-1.39911040e-02,-1.00929221e-02) (-4.14566853e-03,-1.03804747e-03)
4.10821643e-01 (3.71967238e-02,-3.64111379e-02) (-1.47551612e-02,-1.09174901e-02) (-3.03507542e-03,-6.46468908e-04)
4.30861723e-01 (3.37362406e-02,-3.71915355e-02) (-1.55380301e-02,-1.16732237e-02) (-2.23559480e-03,-3.53382487e-04)
4.50901804e-01 (2.98481410e-02,-3.76856584e-02) (-1.63352425e-02,-1.23507733e-02) (-1.64537537e-03,-1.37494463e-04)
4.70941884e-01 (2.55920511e-02,-3.77398443e-02) (-1.71391042e-02,-1.29413211e-02) (-1.19806107e-03,1.38989552e-05)
4.90981964e-01 (2.10978821e-02,-3.72166665e-02) (-1.79386186e-02,-1.34380508e-02) (-8.52777437e-04,1.09357045e-04)
5.11022044e-01 (1.65553388e-02,-3.60335903e-02) (-1.87202531e-02,-1.38376640e-02) (-5.85935416e-04,1.57117573e-04)
5.31062124e-01 (1.21807137e-02,-3.41911050e-02) (-1.94695046e-02,-1.41414039e-02) (-3.83993488e-04,1.67294126e-04)
5.51102204e-01 (8.17183419e-03,-3.17771624e-02) (-2.01728612e-02,-1.43551613e-02) (-2.37556769e-04,1.51895863e-04)
5.71142285e-01 (4.66860358e-03,-2.89454092e-02) (-2.08195564e-02,-1.44885840e-02) (-1.37624561e-04,1.23114248e-04)
5.91182365e-01 (1.73355725e-03,-2.58769216e-02) (-2.14026060e-02,-1.45535067e-02) (-7.42992068e-05,9.11097803e-05)
6.11222445e-01 (-6.43556602e-04,-2.27413501e-02) (-2.19189367e-02,-1.45622342e-02) (-3.73734848e-05,6.25454486e-05)
6.31262525e-01 (-2.52397509e-03,-1.96706398e-02) (-2.23687716e-02,-1.45261653e-02) (-1.76554454e-05,4.04294163e-05)
6.51302605e-01 (-3.99280873e-03,-1.67500781e-02) (-2.27546432e-02,-1.44550032e-02) (-8.00579469e-06,2.50150898e-05)
6.71342685e-01 (-5.13670671e-03,-1.40233069e-02) (-2.30803982e-02,-1.43565309e-02) (-3.63156805e-06,1.50846965e-05)
6.91382766e-01 (-6.03080632e-03,-1.15041495e-02) (-2.33504230e-02,-1.42367703e-02) (-1.74020406e-06,9.02287750e-06)
7.11422846e-01 (-6.73428942e-03,-9.18885350e-03) (-2.35691516e-02,-1.41003123e-02) (-9.14128797e-07,5.42725065e-06)
7.31462926e-01 (-7.29133659e-03,-7.06531580e-03) (-2.37408111e-02,-1.39506642e-02) (-5.22089262e-07,3.30609995e-06)
7.51503006e-01 (-7.73425511e-03,-5.11864489e-03) (-2.38693213e-02,-1.37905401e-02) (-3.12441425e-07,2.04093903e-06)
7.71543086e-01 (-8.08674449e-03,-3.33390591e-03) (-2.39582766e-02,-1.36220747e-02) (-1.89927001e-07,1.27298024e-06)
7.91583166e-01 (-8.36647537e-03,-1.69720177e-03) (-2.40109622e-02,-1.34469750e-02) (-1.15745552e-07,7.99389913e-07)
8.11623246e-01 (-8.58688932e-03,-1.95959283e-04) (-2.40303822e-02,-1.32666252e-02) (-7.06454334e-08,5.04178953e-07)
8.31663327e-01 (-8.75840038e-03,1.18109478e-03) (-2.40192876e-02,-1.30821612e-02) (-4.33096091e-08,3.18993700e-07)
8.51703407e-01 (-8.88920178e-03,2.44405245e-03) (-2.39802034e-02,-1.28945248e-02) (-2.67272733e-08,2.02372947e-07)
8.71743487e-01 (-8.98582350e-03,3.60196037e-03) (-2.39154521e-02,-1.27045038e-02) (-1.66100096e-08,1.28708573e-07)
8.91783567e-01 (-9.05352978e-03,4.66294890e-03) (-2.38271742e-02,-1.25127624e-02) (-1.03876825e-08,8.20478179e-08)
9.11823647e-01 (-9.09660912e-03,5.63434847e-03) (-2.37173468e-02,-1.23198648e-02) (-6.53090374e-09,5.24130181e-08)
9.31863727e-01 (-9.11858932e-03,6.52279185e-03) (-2.35877991e-02,-1.21262932e-02) (-4.12451086e-09,3.35452137e-08)
9.51903808e-01 (-9.12239893e-03,7.33430280e-03) (-2.34402262e-02,-1.19324618e-02) (-2.61485033e-09,2.15058660e-08)
9.71943888e-01 (-9.11048984e-03,8.07437208e-03) (-2.32762015e-02,-1.17387284e-02) (-1.66336829e-09,1.38084839e-08)
9.91983968e-01 (-9.08493121e-03,8.74802239e-03) (-2.30971868e-02,-1.15454029e-02) (-1.06126415e-09,8.87842675e-09)
1.01202405e+00 (-9.04748231e-03,9.35986367e-03) (-2.29045420e-02,-1.13527553e-02) (-6.78891675e-10,5.71575340e-09)
1.03206413e+00 (-8.99964940e-03,9.91414020e-03) (-2.26995332e-02,-1.11610209e-02) (-4.35297273e-10,3.68392970e-09)
1.05210421e+00 (-8.94273052e-03,1.04147708e-02) (-2.24833400e-02,-1.09704055e-02) (-2.79681658e-10,2.37688356e-09)
1.07214429e+00 (-8.87785117e-03,1.08653833e-02) (-2.22570620e-02,-1.07810893e-02) (-1.80025260e-10,1.53506257e-09)
1.09218437e+00 (-8.80599280e-03,1.12693438e-02) (-2.20217246e-02,-1.05932303e-02) (-1.16066290e-10,9.92276431e-10)
1.11222445e+00 (-8.72801577e-03,1.16297826e-02) (-2.17782843e-02,-1.04069670e-02) (-7.49387294e-11,6.41945350e-10)
1.13226453e+00 (-8.64467804e-03,1.19496158e-02) (-2.15276336e-02,-1.02224208e-02) (-4.84469477e-11,4.15619023e-10)
1.15230461e+00 (-8.55665038e-03,1.22315643e-02) (-2.12706052e-02,-1.00396981e-02) (-3.13564674e-11,2.69277808e-10)
1.17234469e+00 (-8.46452889e-03,1.24781712e-02) (-2.10079759e-02,-9.85889174e-03) (-2.03160851e-11,1.74578997e-10)
1.19238477e+00 (-8.36884538e-03,1.26918156e-02) (-2.07404705e-02,-9.68008281e-03) (-1.31752236e-11,1.13252987e-10)
1.21242485e+00 (-8.27007592e-03,1.28747263e-02) (-2.04687645e-02,-9.50334160e-03) (-8.55139708e-12,7.35114426e-11)
1.23246493e+00 (-8.16864805e-03,1.30289927e-02) (-2.01934881e-02,-9.32872888e-03) (-5.55454474e-12,4.77410761e-11)
1.25250501e+00 (-8.06494685e-03,1.31565754e-02) (-1.99152282e-02,-9.15629683e-03) (-3.61047716e-12,3.10203840e-11)
1.27254509e+00 (-7.95932002e-03,1.32593150e-02) (-1.96345314e-02,-8.98608986e-03) (-2.34827007e-12,2.01653085e-11)
1.29258517e+00 (-7.85208220e-03,1.33389406e-02) (-1.93519066e-02,-8.81814536e-03) (-1.52819397e-12,1.31145162e-11)
1.31262525e+00 (-7.74351871e-03,1.33970774e-02) (-1.90678269e-02,-8.65249438e-03) (-9.95005107e-13,8.53250637e-12)
1.33266533e+00 (-7.63388869e-03,1.34352527e-02) (-1.87827322e-02,-8.48916220e-03) (-6.48155089e-13,5.55353211e-12)
1.35270541e+00 (-7.52342786e-03,1.34549031e-02) (-1.84970306e-02,-8.32816885e-03) (-4.22439856e-13,3.61596922e-12)
1.37274549e+00 (-7.41235087e-03,1.34573794e-02) (-1.82111010e-02,-8.16952960e-03) (-2.75398583e-13,2.35514498e-12)
1.39278557e+00 (-7.30085337e-03,1.34439519e-02) (-1.79252942e-02,-8.01325535e-03) (-1.79566330e-13,1.53439089e-12)
1.41282565e+00 (-7.18911382e-03,1.34158155e-02) (-1.76399351e-02,-7.85935306e-03) (-1.17187205e-13,1.00003924e-12)
1.43286573e+00 (-7.07729506e-03,1.33740938e-02) (-1.73553237e-02,-7.70782606e-03) (-7.64748670e-14,6.51945480e-13)
1.45290581e+00 (-6.96554572e-03,1.33198434e-02) (-1.70717371e-02,-7.55867439e-03) (-4.99064750e-14,4.25115029e-13)
1.47294589e+00 (-6.85400147e-03,1.32540579e-02) (-1.67894306e-02,-7.41189506e-03) (-3.25986207e-14,2.77308493e-13)
1.49298597e+00 (-6.74278607e-03,1.31776710e-02) (-1.65086389e-02,-7.26748235e-03) (-2.12988504e-14,1.80951725e-13)
1.51302605e+00 (-6.63201242e-03,1.30915602e-02) (-1.62295776e-02,-7.12542800e-03) (-1.39332167e-14,1.18107221e-13)
1.53306613e+00 (-6.52178341e-03,1.29965500e-02) (-1.59524443e-02,-6.98572150e-03) (-9.06219914e-15,7.70470384e-14)
1.55310621e+00 (-6.41219270e-03,1.28934146e-02) (-1.56774196e-02,-6.84835023e-03) (-5.94489994e-15,5.03318329e-14)
1.57314629e+00 (-6.30332547e-03,1.27828810e-02) (-1.54046680e-02,-6.71329968e-03) (-3.91240973e-15,3.29022527e-14)
1.59318637e+00 (-6.19525907e-03,1.26656312e-02) (-1.51343393e-02,-6.58055363e-03) (-2.52409206e-15,2.14446232e-14)
1.61322645e+00 (-6.08806359e-03,1.25423050e-02) (-1.48665691e-02,-6.45009429e-03) (-1.66062045e-15,1.39927583e-14)
1.63326653e+00 (-5.98180242e-03,1.24135024e-02) (-1.46014798e-02,-6.32190244e-03) (-1.06973012e-15,9.10536590e-15)
1.65330661e+00 (-5.87653273e-03,1.22797854e-02) (-1.43391818e-02,-6.19595759e-03) (-6.83058945e-16,5.93675614e-15)
1.67334669e+00 (-5.77230594e-03,1.21416806e-02) (-1.40797735e-02,-6.07223812e-03) (-4.99817054e-16,3.95006999e-15)
1.69338677e+00 (-5.66916813e-03,1.19996807e-02) (-1.38233428e-02,-5.95072135e-03) (-3.02653646e-16,2.55839227e-15)
1.71342685e+00 (-5.56716043e-03,1.18542466e-02) (-1.35699674e-02,-5.83138368e-03) (-1.80880361e-16,1.64137016e-15)
1.73346693e+00 (-5.46631936e-03,1.17058093e-02) (-1.33197155e-02,-5.71420070e-03) (-1.30532325e-16,1.08909085e-15)
1.75350701e+00 (-5.36667718e-03,1.15547713e-02) (-1.30726465e-02,-5.59914727e-03) (-9.45671924e-17,7.33517021e-16)
1.77354709e+00 (-5.26826218e-03,1.14015083e-02) (-1.28288114e-02,-5.48619759e-03) (-5.72701657e-17,4.80596704e-16)
1.79358717e+00 (-5.17109898e-03,1.12463710e-02) (-1.25882537e-02,-5.37532531e-03) (-3.38462088e-17,3.15774907e-16)
1.81362725e+00 (-5.07520877e-03,1.10896859e-02) (-1.23510097e-02,-5.26650360e-03) (-3.35307459e-17,2.25560594e-16)
1.83366733e+00 (-4.98060956e-03,1.09317573e-02) (-1.21171088e-02,-5.15970522e-03) (-2.29822708e-17,1.47007885e-16)
1.85370741e+00 (-4.88731643e-03,1.07728681e-02) (-1.18865743e-02,-5.05490255e-03) (-7.10777006e-18,7.03440743e-17)
1.87374749e+00 (-4.79534173e-03,1.06132814e-02) (-1.16594238e-02,-4.95206772e-03) (2.06959735e-17,1.41472106e-17)
1.89378758e+00 (-4.70469525e-03,1.04532413e-02) (-1.14356694e-02,-4.85117260e-03) (-2.02321606e-17,6.09961297e-17)
1.91382766e+00 (-4.61538447e-03,1.02929744e-02) (-1.12153182e-02,-4.75218889e-03) (-2.13530169e-17,6.09244734e-17)
1.93386774e+00 (-4.52741467e-03,1.01326903e-02) (-1.09983727e-02,-4.65508813e-03) (8.89696479e-18,7.46708538e-18)
1.95390782e+00 (-4.44078912e-03,9.97258314e-03) (-1.07848311e-02,-4.55984181e-03) (1.82523901e-18,-8.41204866e-19)
1.97394790e+00 (-4.35550924e-03,9.81283219e-03) (-1.05746878e-02,-4.46642134e-03) (1.31752613e-20,-3.52215238e-19)
1.99398798e+00 (-4.27157472e-03,9.65360279e-03) (-1.03679332e-02,-4.37479813e-03) (-4.97829606e-20,-2.29867653e-20)
2.01402806e+00 (-4.18898366e-03,9.49504726e-03) (-1.01645547e-02,-4.28494362e-03) (-1.26246842e-20,1.22094455e-21)
2.03406814e+00 (-4.10773272e-03,9.33730560e-03) (-9.96453643e-03,-4.19682929e-03) (4.43934812e-21,2.94758353e-21)
2.05410822e+00 (-4.02781720e-03,9.18050630e-03) (-9.76785959e-03,-4.11042672e-03) (-2.71262247e-21,7.36533034e-22)
2.07414830e+00 (-3.94923117e-03,9.02476700e-03) (-9.57450290e-03,-4.02570759e-03) (1.46267209e-21,-1.28734231e-21)
2.09418838e+00 (-3.87196755e-03,8.87019520e-03) (-9.38444264e-03,-3.94264375e-03) (-8.53139387e-22,1.27826077e-21)
2.11422846e+00 (-3.79601824e-03,8.71688886e-03) (-9.19765292e-03,-3.86120717e-03) (-5.63451523e-23,-1.12035517e-21)
2.13426854e+00 (-3.72137418e-03,8.56493699e-03) (-9.01410587e-03,-3.78137003e-03) (7.08480685e-22,5.94007974e-22)
2.15430862e+00 (-3.64802547e-03,8.41442026e-03) (-8.83377183e-03,-3.70310470e-03) (-7.92385838e-22,3.07418836e-22)
2.17434870e+00 (-3.57596138e-03,8.26541148e-03) (-8.65661948e-03,-3.62638378e-03) (-1.78449809e-24,-6.36778789e-22)
2.19438878e+00 (-3.50517050e-03,8.11797613e-03) (-8.48261607e-03,-3.55118009e-03) (4.64302866e-22,2.02216332e-22)
2.21442886e+00 (-3.43564076e-03,7.97217282e-03) (-8.31172751e-03,-3.47746671e-03) (-2.17148750e-22,2.14707747e-22)
2.23446894e+00 (-3.36735953e-03,7.82805377e-03) (-8.14391855e-03,-3.40521699e-03) (-7.48024791e-23,-1.86762029e-22)
2.25450902e+00 (-3.30031363e-03,7.68566517e-03) (-7.97915288e-03,-3.33440454e-03) (8.78736257e-23,-3.99496558e-24)
2.27454910e+00 (-3.23448944e-03,7.54504765e-03) (-7.81739329e-03,-3.26500327e-03) (-9.90678740e-24,2.96797113e-23)
2.29458918e+00 (-3.16987291e-03,7.40623660e-03) (-7.65860176e-03,-3.19698736e-03) (-4.88517984e-24,1.36113124e-24)
2.31462926e+00 (-3.10644964e-03,7.26926256e-03) (-7.50273955e-03,-3.13033131e-03) (-8.61464449e-24,2.31143371e-25)
2.33466934e+00 (-3.04420490e-03,7.13415153e-03) (-7.34976736e-03,-3.06500994e-03) (3.54136181e-24,-7.32808388e-24)
2.35470942e+00 (-2.98312370e-03,7.00092528e-03) (-7.19964534e-03,-3.00099836e-03) (7.47175979e-24,2.77635774e-24)
2.37474950e+00 (-2.92319081e-03,6.86960168e-03) (-7.05233326e-03,-2.93827202e-03) (-4.25132345e-24,2.76675655e-24)
2.39478958e+00 (-2.86439078e-03,6.74019495e-03) (-6.90779052e-03,-2.87680669e-03) (-7.47746637e-25,-2.41489594e-24)
2.41482966e+00 (-2.80670802e-03,6.61271592e-03) (-6.76597628e-03,-2.81657846e-03) (2.08227259e-24,2.08001480e-25)
2.43486974e+00 (-2.75012681e-03,6.48717229e-03) (-6.62684948e-03,-2.75756378e-03) (-4.81928273e-25,3.37227354e-25)
2.45490982e+00 (-2.69463130e-03,6.36356883e-03) (-6.49036896e-03,-2.69973941e-03) (-1.85774689e-25,-3.20446794e-25)
2.47494990e+00 (-2.64020558e-03,6.24190767e-03) (-6.35649345e-03,-2.64308245e-03) (-2.72403044e-26,-3.80088264e-25)
2.49498998e+00 (-2.58683370e-03,6.12218842e-03) (-6.22518170e-03,-2.58757035e-03) (-6.64357926e-25,4.34157025e-25)
2.51503006e+00 (-2.53449967e-03,6.00440841e-03) (-6.09639246e-03,-2.53318090e-03) (1.82799367e-25,5.34150931e-25)
2.53507014e+00 (-2.48318750e-03,5.88856286e-03) (-5.97008459e-03,-2.47989221e-03) (2.69319540e-25,7.26224497e-26)
2.55511022e+00 (-2.43288120e-03,5.77464503e-03) (-5.84621705e-03,-2.42768275e-03) (3.01552043e-25,1.23529428e-25)
2.57515030e+00 (-2.38356484e-03,5.66264642e-03) (-5.72474897e-03,-2.37653132e-03) (2.20896652e-25,-1.70783761e-25)
2.59519038e+00 (-2.33522253e-03,5.55255689e-03) (-5.60563968e-03,-2.32641707e-03) (6.54104267e-26,-1.31860109e-25)
2.61523046e+00 (-2.28783843e-03,5.44436480e-03) (-5.48884875e-03,-2.27731947e-03) (-4.38101056e-26,-2.02890456e-25)
2.63527054e+00 (-2.24139681e-03,5.33805714e-03) (-5.37433601e-03,-2.22921832e-03) (-1.58757161e-25,3.69202281e-27)
2.65531062e+00 (-2.19588202e-03,5.23361966e-03) (-5.26206156e-03,-2.18209379e-03) (-8.08763676e-26,-5.48184552e-27)
2.67535070e+00 (-2.15127852e-03,5.13103699e-03) (-5.15198583e-03,-2.13592634e-03) (-2.08625253e-25,1.84408678e-25)
2.69539078e+00 (-2.10757087e-03,5.03029273e-03) (-5.04406960e-03,-2.09069679e-03) (1.54913343e-25,2.67309771e-25)
2.71543086e+00 (-2.06474379e-03,4.93136956e-03) (-4.93827400e-03,-2.04638626e-03) (1.08239485e-25,2.63348965e-26)
2.73547094e+00 (-2.02278211e-03,4.83424934e-03) (-4.83456052e-03,-2.00297621e-03) (1.99389431e-25,1.06523216e-25)
2.75551102e+00 (-1.98167082e-03,4.73891318e-03) (-4.73289106e-03,-1.96044842e-03) (1.45476358e-25,-2.46315262e-25)
2.77555110e+00 (-1.94139507e-03,4.64534154e-03) (-4.63322793e-03,-1.91878498e-03) (-1.59362945e-25,-4.84462287e-26)
2.79559118e+00 (-1.90194014e-03,4.55351428e-03) (-4.53553386e-03,-1.87796831e-03) (-1.31942726e-26,-4.96268798e-26)
2.81563126e+00 (-1.86329151e-03,4.46341079e-03) (-4.43977202e-03,-1.83798111e-03) (-2.93193623e-25,4.44520204e-26)
2.83567134e+00 (-1.82543480e-03,4.37500996e-03) (-4.34590599e-03,-1.79880643e-03) (-5.22432601e-27,3.35694141e-25)
2.85571142e+00 (-1.78835585e-03,4.28829035e-03) (-4.25389985e-03,-1.76042757e-03) (6.02581263e-26,8.18907486e-26)
2.87575150e+00 (-1.75204062e-03,4.20323016e-03) (-4.16371810e-03,-1.72282818e-03) (4.95518257e-27,2.17369711e-25)
2.89579158e+00 (-1.71647531e-03,4.11980734e-03) (-4.07532574e-03,-1.68599218e-03) (1.01915478e-25,1.32639622e-25)
2.91583166e+00 (-1.68164628e-03,4.03799959e-03) (-3.98868821e-03,-1.64990378e-03) (6.59483754e-26,2.58635130e-25)
2.93587174e+00 (-1.64754008e-03,3.95778446e-03) (-3.90377145e-03,-1.61454749e-03) (3.54318588e-25,1.28025347e-25)
2.95591182e+00 (-1.61414346e-03,3.87913935e-03) (-3.82054186e-03,-1.57990809e-03) (1.26061591e-25,-9.85497535e-26)
2.97595190e+00 (-1.58144335e-03,3.80204159e-03) (-3.73896633e-03,-1.54597065e-03) (1.08970052e-25,2.43081464e-26)
2.99599198e+00 (-1.54942689e-03,3.72646843e-03) (-3.65901224e-03,-1.51272051e-03) (-2.45395518e-26,-1.00731683e-25)
3.01603206e+00 (-1.51808142e-03,3.65239709e-03) (-3.58064743e-03,-1.48014330e-03) (-1.15670279e-25,2.13069239e-25)
3.03607214e+00 (-1.48739446e-03,3.57980484e-03) (-3.50384026e-03,-1.44822487e-03) (1.26565687e-25,1.94461561e-25)
3.05611222e+00 (-1.45735374e-03,3.50866893e-03) (-3.42855953e-03,-1.41695139e-03) (9.34538447e-26,2.04428399e-25)
3.07615230e+00 (-1.42794719e-03,3.43896673e-03) (-3.35477456e-03,-1.38630924e-03) (2.70878885e-25,1.31344239e-25)
3.09619238e+00 (-1.39916294e-03,3.37067566e-03) (-3.28245513e-03,-1.35628509e-03) (1.05410475e-25,3.35342727e-26)
3.11623246e+00 (-1.37098930e-03,3.30377326e-03) (-3.21157151e-03,-1.32686585e-03) (2.31325853e-25,1.82523742e-25)
3.13627255e+00 (-1.34341480e-03,3.23823722e-03) (-3.14209443e-03,-1.29803865e-03) (2.99433735e-25,-6.47063778e-26)
3.15631263e+00 (-1.31642815e-03,3.17404536e-03) (-3.07399510e-03,-1.26979091e-03) (1.52379569e-25,-6.25972790e-26)
3.17635271e+00 (-1.29001828e-03,3.11117569e-03) (-3.00724520e-03,-1.24211024e-03) (2.12615827e-25,-1.20816324e-25)
3.19639279e+00 (-1.26417429e-03,3.04960637e-03) (-2.94181689e-03,-1.21498452e-03) (4.49510520e-26,-2.20629548e-25)
3.21643287e+00 (-1.23888548e-03,2.98931580e-03) (-2.87768277e-03,-1.18840184e-03) (-1.43655663e-26,-1.00737584e-25)
3.23647295e+00 (-1.21414136e-03,2.93028256e-03) (-2.81481590e-03,-1.16235051e-03) (3.31434317e-27,-1.71174803e-25)
3.25651303e+00 (-1.18993160e-03,2.87248547e-03) (-2.75318980e-03,-1.13681908e-03) (-1.72287245e-25,-1.38309686e-25)
3.27655311e+00 (-1.16624611e-03,2.81590358e-03) (-2.69277844e-03,-1.11179630e-03) (-1.53466388e-25,1.62684972e-26)
3.29659319e+00 (-1.14307494e-03,2.76051619e-03) (-2.63355622e-03,-1.08727115e-03) (-1.15750215e-25,5.41486124e-26)
3.31663327e+00 (-1.12040834e-03,2.70630285e-03) (-2.57549799e-03,-1.06323280e-03) (1.14067015e-26,1.11728711e-25)
3.33667335e+00 (-1.09823677e-03,2.65324336e-03) (-2.51857903e-03,-1.03967063e-03) (6.60778769e-26,-9.82719201e-26)
3.35671343e+00 (-1.07655084e-03,2.60131779e-03) (-2.46277503e-03,-1.01657424e-03) (-1.35394377e-25,-6.99460170e-26)
3.37675351e+00 (-1.05534137e-03,2.55050650e-03) (-2.40806212e-03,-9.93933402e-04) (-5.47831280e-26,-1.14629365e-26)
3.39679359e+00 (-1.03459934e-03,2.50079012e-03) (-2.35441684e-03,-9.71738093e-04) (-2.01558692e-25,-1.20836172e-26)
3.41683367e+00 (-1.01431591e-03,2.45214956e-03) (-2.30181613e-03,-9.49978480e-04) (-5.20997101e-26,2.37394881e-25)
3.43687375e+00 (-9.94482426e-04,2.40456600e-03) (-2.25023734e-03,-9.28644913e-04) (1.27843064e-25,6.25006818e-26)
3.45691383e+00 (-9.75090403e-04,2.35802095e-03) (-2.19965821e-03,-9.07727924e-04) (1.11902722e-25,-9.79376169e-27)
3.47695391e+00 (-9.56131525e-04,2.31249617e-03) (-2.15005689e-03,-8.87218226e-04) (5.20788247e-27,-1.42217628e-25)
3.49699399e+00 (-9.37597648e-04,2.26797376e-03) (-2.10141188e-03,-8.67106705e-04) (-6.69365734e-26,6.30541877e-26)
3.51703407e+00 (-9.19480795e-04,2.22443607e-03) (-2.05370209e-03,-8.47384418e-04) (3.69477107e-26,-4.42715858e-26)
3.53707415e+00 (-9.01773152e-04,2.18186577e-03) (-2.00690678e-03,-8.28042591e-04) (-9.71191962e-26,1.53962460e-25)
3.55711423e+00 (-8.84467073e-04,2.14024584e-03) (-1.96100559e-03,-8.09072613e-04) (2.48826404e-25,6.98345901e-26)
3.57715431e+00 (-8.67555067e-04,2.09955955e-03) (-1.91597850e-03,-7.90466034e-04) (-5.92170003e-26,-5.06133566e-26)
3.59719439e+00 (-8.51029806e-04,2.05979046e-03) (-1.87180587e-03,-7.72214562e-04) (1.43346995e-25,1.81816254e-25)
3.61723447e+00 (-8.34884117e-04,2.02092244e-03) (-1.82846837e-03,-7.54310058e-04) (4.86797720e-26,-3.62925242e-26)
3.63727455e+00 (-8.19110981e-04,1.98293965e-03) (-1.78594704e-03,-7.36744535e-04) (1.15815714e-25,2.37566906e-25)
3.65731463e+00 (-8.03703533e-04,1.94582656e-03) (-1.74422324e-03,-7.19510153e-04) (1.73727028e-25,-2.39878617e-26)
3.67735471e+00 (-7.88655055e-04,1.90956792e-03) (-1.70327865e-03,-7.02599215e-04) (6.26341184e-26,2.43503039e-25)
3.69739479e+00 (-7.73958979e-04,1.87414880e-03) (-1.66309530e-03,-6.86004167e-04) (3.31107191e-25,7.59151236e-26)
3.71743487e+00 (-7.59608884e-04,1.83955454e-03) (-1.62365550e-03,-6.69717591e-04) (1.32541159e-25,8.23351921e-26)
3.73747495e+00 (-7.45598489e-04,1.80577079e-03) (-1.58494188e-03,-6.53732206e-04) (2.78494977e-25,7.09944143e-26)
3.75751503e+00 (-7.31921658e-04,1.77278349e-03) (-1.54693738e-03,-6.38040862e-04) (1.91065335e-25,3.97016538e-26)
3.77755511e+00 (-7.18572393e-04,1.74057885e-03) (-1.50962523e-03,-6.22636536e-04) (2.46521571e-25,-6.92036717e-26)
3.79759519e+00 (-7.05544833e-04,1.70914338e-03) (-1.47298894e-03,-6.07512335e-04) (-3.05261866e-26,-2.79588864e-26)
3.81763527e+00 (-6.92833254e-04,1.67846389e-03) (-1.43701232e-03,-5.92661485e-04) (1.21036186e-25,1.80713200e-25)
3.83767535e+00 (-6.80432064e-04,1.64852744e-03) (-1.40167945e-03,-5.78077335e-04) (1.96647270e-25,5.88855447e-26)
3.85771543e+00 (-6.68335802e-04,1.61932140e-03) (-1.36697468e-03,-5.63753350e-04) (1.99853808e-25,1.33774413e-26)
3.87775551e+00 (-6.56539139e-04,1.59083341e-03) (-1.33288263e-03,-5.49683109e-04) (1.45513484e-25,-1.06160464e-25)
3.89779559e+00 (-6.45036871e-04,1.56305137e-03) (-1.29938817e-03,-5.35860304e-04) (2.07943565e-26,-5.60466201e-26)
3.91783567e+00 (-6.33823920e-04,1.53596348e-03) (-1.26647644e-03,-5.22278737e-04) (6.39537155e-26,-8.10594488e-26)
3.93787575e+00 (-6.22895333e-04,1.50955817e-03) (-1.23413281e-03,-5.08932314e-04) (-1.11013844e-25,-4.87544919e-26)
3.95791583e+00 (-6.12246279e-04,1.48382418e-03) (-1.20234291e-03,-4.95815047e-04) (4.07287311e-26,7.82237956e-26)
3.97795591e+00 (-6.01872046e-04,1.45875050e-03) (-1.17109259e-03,-4.82921049e-04) (4.48905556e-26,-5.62372218e-26)
3.99799599e+00 (-5.91768041e-04,1.43432637e-03) (-1.14036794e-03,-4.70244531e-04) (3.51101803e-26,-1.20181727e-25)
4.01803607e+00 (-5.81929788e-04,1.41054129e-03) (-1.11015527e-03,-4.57779802e-04) (-1.48383276e-25,-9.43887205e-26)
4.03807615e+00 (-5.72352924e-04,1.38738504e-03) (-1.08044113e-03,-4.45521262e-04) (-2.49537583e-26,-2.61470255e-26)
4.05811623e+00 (-5.63033203e-04,1.36484764e-03) (-1.05121226e-03,-4.33463405e-04) (-1.50327806e-25,-4.59277739e-26)
4.07815631e+00 (-5.53966486e-04,1.34291935e-03) (-1.02245562e-03,-4.21600813e-04) (-5.00101248e-27,-6.99466698e-27)
4.09819639e+00 (-5.45148749e-04,1.32159069e-03) (-9.94158373e-04,-4.09928155e-04) (-1.56984897e-25,-1.43975414e-26)
4.11823647e+00 (-5.36576073e-04,1.30085242e-03) (-9.66307880e-04,-3.98440185e-04) (8.03878922e-26,2.10019235e-26)
4.13827655e+00 (-5.28244646e-04,1.28069557e-03) (-9.38891697e-04,-3.87131737e-04) (-1.21109780e-25,-1.07871986e-25)
4.15831663e+00 (-5.20150764e-04,1.26111136e-03) (-9.11897567e-04,-3.75997727e-04) (2.50083351e-26,-1.63931892e-26)
4.17835671e+00 (-5.12290823e-04,1.24209129e-03) (-8.85313419e-04,-3.65033147e-04) (-1.59586896e-25,-9.20758124e-26)
4.19839679e+00 (-5.04661326e-04,1.22362709e-03) (-8.59127356e-04,-3.54233067e-04) (1.54665571e-26,1.84729296e-26)
4.21843687e+00 (-4.97258875e-04,1.20571069e-03) (-8.33327659e-04,-3.43592626e-04) (-1.36585563e-25,-7.57845023e-26)
4.23847695e+00 (-4.90080170e-04,1.18833429e-03) (-8.07902774e-04,-3.33107038e-04) (1.37816979e-26,7.26906316e-27)
4.25851703e+00 (-4.83122012e-04,1.17149030e-03) (-7.82841312e-04,-3.22771585e-04) (-1.40350707e-25,-5.35400556e-26)
4.27855711e+00 (-4.76381298e-04,1.15517135e-03) (-7.58132044e-04,-3.12581614e-04) (2.91554730e-26,-4.66921032e-27)
4.29859719e+00 (-4.69855021e-04,1.13937030e-03) (-7.33763892e-04,-3.02532540e-04) (-1.64617093e-25,-5.91295417e-26)
4.31863727e+00 (-4.63540270e-04,1.12408023e-03) (-7.09725931e-04,-2.92619838e-04) (1.77668228e-27,3.70746109e-27)
4.33867735e+00 (-4.57434226e-04,1.10929444e-03) (-6.86007377e-04,-2.82839045e-04) (-1.89664849e-25,-6.52641674e-27)
4.35871743e+00 (-4.51534161e-04,1.09500645e-03) (-6.62597590e-04,-2.73185758e-04) (5.59078309e-26,4.38115688e-26)
4.37875752e+00 (-4.45837442e-04,1.08120996e-03) (-6.39486061e-04,-2.63655630e-04) (-1.64345939e-25,-4.27417284e-26)
4.39879760e+00 (-4.40341523e-04,1.06789894e-03) (-6.16662417e-04,-2.54244368e-04) (3.60754867e-26,4.10305367e-26)
4.41883768e+00 (-4.35043947e-04,1.05506751e-03) (-5.94116407e-04,-2.44947734e-04) (-1.69592583e-25,-3.69790786e-26)
4.43887776e+00 (-4.29942348e-04,1.04271004e-03) (-5.71837905e-04,-2.35761539e-04) (4.26580522e-26,8.02949425e-26)
4.45891784e+00 (-4.25034444e-04,1.03082109e-03) (-5.49816902e-04,-2.26681646e-04) (-1.19748505e-25,-5.37070678e-26)
4.47895792e+00 (-4.20318040e-04,1.01939541e-03) (-5.28043502e-04,-2.17703963e-04) (2.23361976e-26,9.02313450e-26)
4.49899800e+00 (-4.15791027e-04,1.00842797e-03) (-5.06507919e-04,-2.08824447e-04) (-5.37034741e-26,-5.28080235e-26)
4.51903808e+00 (-4.11451380e-04,9.97913934e-04) (-4.85200470e-04,-2.00039094e-04) (-1.90359551e-27,7.13886277e-26)
4.53907816e+00 (-4.07297156e-04,9.87848662e-04) (-4.64111575e-04,-1.91343947e-04) (-1.78621390e-27,-3.54443441e-26)
4.55911824e+00 (-4.03326497e-04,9.78227712e-04) (-4.43231750e-04,-1.82735087e-04) (-4.08172015e-26,6.37830582e-26)
4.57915832e+00 (-3.99537626e-04,9.69046834e-04) (-4.22551600e-04,-1.74208633e-04) (9.87381541e-26,2.40301064e-26)
4.59919840e+00 (-3.95928847e-04,9.60301973e-04) (-4.02061824e-04,-1.65760743e-04) (-4.59859415e-26,-2.70120675e-26)
4.61923848e+00 (-3.92498543e-04,9.51989266e-04) (-3.81753200e-04,-1.57387608e-04) (1.06281317e-25,6.55794188e-26)
4.63927856e+00 (-3.89245180e-04,9.44105037e-04) (-3.61616589e-04,-1.49085454e-04) (-8.32814287e-26,-5.28896253e-26)
4.65931864e+00 (-3.86167300e-04,9.36645801e-04) (-3.41642926e-04,-1.40850538e-04) (1.49314363e-25,1.62827014e-25)
4.67935872e+00 (-3.83263525e-04,9.29608260e-04) (-3.21823220e-04,-1.32679148e-04) (-3.56585890e-26,-1.13241251e-25)
4.69939880e+00 (-3.80532555e-04,9.22989302e-04) (-3.02148547e-04,-1.24567599e-04) (1.23045803e-25,1.70064326e-25)
4.71943888e+00 (-3.77973166e-04,9.16786001e-04) (-2.82610047e-04,-1.16512234e-04) (-3.99433999e-26,-1.12955168e-25)
4.73947896e+00 (-3.75584214e-04,9.10995612e-04) (-2.63198921e-04,-1.08509420e-04) (9.13010665e-26,1.98460422e-25)
4.75951904e+00 (-3.73364627e-04,9.05615576e-04) (-2.43906426e-04,-1.00555550e-04) (1.50132083e-26,-6.28474369e-26)
4.77955912e+00 (-3.71313412e-04,9.00643514e-04) (-2.24723871e-04,-9.26470352e-05) (6.41003846e-26,1.36324241e-25)
4.79959920e+00 (-3.69429651e-04,8.96077229e-04) (-2.05642613e-04,-8.47803105e-05) (3.28320253e-26,-2.94486291e-27)
4.81963928e+00 (-3.67712500e-04,8.91914704e-04) (-1.86654057e-04,-7.69518276e-05) (2.56766450e-26,6.31844040e-26)
4.83967936e+00 (-3.66161191e-04,8.88154101e-04) (-1.67749644e-04,-6.91580560e-05) (3.60033055e-26,9.56371819e-26)
4.85971944e+00 (-3.64775031e-04,8.84793762e-04) (-1.48920856e-04,-6.13954804e-05) (2.14204734e-26,1.10187952e-27)
4.87975952e+00 (-3.63553398e-04,8.81832206e-04) (-1.30159208e-04,-5.36605997e-05) (4.77542881e-26,1.49697731e-25)
4.89979960e+00 (-3.62495747e-04,8.79268130e-04) (-1.11456242e-04,-4.59499252e-05) (1.84540739e-26,-5.35525950e-26)
4.91983968e+00 (-3.61601607e-04,8.77100409e-04) (-9.28035275e-05,-3.82599788e-05) (2.61130483e-26,1.58845503e-25)
4.93987976e+00 (-3.60870577e-04,8.75328095e-04) (-7.41926570e-05,-3.05872918e-05) (1.61142217e-26,-4.07168749e-26)
4.95991984e+00 (-3.60302332e-04,8.73950414e-04) (-5.56152397e-05,-2.29284032e-05) (2.91810282e-26,1.35447961e-25)
4.97995992e+00 (-3.59896621e-04,8.72966772e-04) (-3.70628999e-05,-1.52798581e-05) (2.61516016e-26,1.14134612e-26)
5.00000000e+00 (-3.59572122e-04,8.72180022e-04) (-1.85272727e-05,-7.63820610e-06) (2.15546197e-26,5.59030535e-26)
