0.73 	 500
Z	 ux	 uz 	 rho
-5.00000000e+00 (-9.41605734e-04,1.32655655e-04) (1.94065388e-06,1.37749940e-05) (-1.16135189e-12,-2.05100155e-13)
-4.97995992e+00 (-9.42008343e-04,1.32712458e-04) (3.88172325e-06,2.75529326e-05) (-1.18323143e-12,-2.03001690e-13)
-4.95991984e+00 (-9.42511650e-04,1.32783466e-04) (5.82362361e-06,4.13367611e-05) (-9.28192673e-13,4.41483099e-14)
-4.93987976e+00 (-9.43216406e-04,1.32882889e-04) (7.76677056e-06,5.51294258e-05) (-1.22699075e-12,-4.30290693e-15)
-4.91983968e+00 (-9.44122742e-04,1.33010745e-04) (9.71157988e-06,6.89338744e-05) (-8.04554808e-13,2.92579393e-13)
-4.89979960e+00 (-9.45230828e-04,1.33167057e-04) (1.16584677e-05,8.27530571e-05) (-1.26662235e-12,1.35652278e-13)
-4.87975952e+00 (-9.46540878e-04,1.33351859e-04) (1.36078505e-05,9.65899267e-05) (-9.34651443e-13,3.95020664e-13)
-4.85971944e+00 (-9.48053145e-04,1.33565188e-04) (1.55601453e-05,1.10447439e-04) (-1.35443315e-12,2.41719914e-13)
-4.83967936e+00 (-9.49767927e-04,1.33807089e-04) (1.75157698e-05,1.24328556e-04) (-1.13415293e-12,3.31116772e-13)
-4.81963928e+00 (-9.51685563e-04,1.34077612e-04) (1.94751423e-05,1.38236241e-04) (-1.28275327e-12,1.36068264e-13)
-4.79959920e+00 (-9.53806431e-04,1.34376816e-04) (2.14386819e-05,1.52173464e-04) (-1.13995476e-12,7.69914617e-14)
-4.77955912e+00 (-9.56130954e-04,1.34704762e-04) (2.34068087e-05,1.66143202e-04) (-1.10973470e-12,-7.99011543e-14)
-4.75951904e+00 (-9.58659596e-04,1.35061521e-04) (2.53799435e-05,1.80148438e-04) (-1.15458751e-12,-2.55851915e-13)
-4.73947896e+00 (-9.61392862e-04,1.35447167e-04) (2.73585085e-05,1.94192160e-04) (-9.34488543e-13,-4.41519944e-13)
-4.71943888e+00 (-9.64331298e-04,1.35861780e-04) (2.93429267e-05,2.08277367e-04) (-1.21219605e-12,-5.02028777e-13)
-4.69939880e+00 (-9.67475492e-04,1.36305449e-04) (3.13336227e-05,2.22407064e-04) (-8.19714931e-13,-5.70755427e-13)
-4.67935872e+00 (-9.70826074e-04,1.36778268e-04) (3.33310220e-05,2.36584265e-04) (-1.28515245e-12,-7.18840166e-13)
-4.65931864e+00 (-9.74383716e-04,1.37280334e-04) (3.53355520e-05,2.50811995e-04) (-8.43449100e-13,-4.32248459e-13)
-4.63927856e+00 (-9.78149131e-04,1.37811755e-04) (3.73476410e-05,2.65093288e-04) (-1.33631640e-12,-6.21408393e-13)
-4.61923848e+00 (-9.82123072e-04,1.38372641e-04) (3.93677195e-05,2.79431188e-04) (-1.07830625e-12,-8.77221466e-14)
-4.59919840e+00 (-9.86306335e-04,1.38963113e-04) (4.13962193e-05,2.93828753e-04) (-1.32223844e-12,-2.77545623e-13)
-4.57915832e+00 (-9.90699758e-04,1.39583293e-04) (4.34335741e-05,3.08289049e-04) (-1.40525104e-12,-2.03248998e-14)
-4.55911824e+00 (-9.95304220e-04,1.40233312e-04) (4.54802195e-05,3.22815158e-04) (-1.41972655e-12,3.15569894e-13)
-4.53907816e+00 (-1.00012064e-03,1.40913307e-04) (4.75365929e-05,3.37410175e-04) (-1.32457711e-12,2.05203239e-13)
-4.51903808e+00 (-1.00514998e-03,1.41623421e-04) (4.96031339e-05,3.52077205e-04) (-1.66523741e-12,5.96448704e-13)
-4.49899800e+00 (-1.01039325e-03,1.42363803e-04) (5.16802841e-05,3.66819372e-04) (-1.22413501e-12,8.33801278e-13)
-4.47895792e+00 (-1.01585148e-03,1.43134610e-04) (5.37684876e-05,3.81639813e-04) (-1.35710974e-12,5.75727253e-13)
-4.45891784e+00 (-1.02152577e-03,1.43936003e-04) (5.58681905e-05,3.96541680e-04) (-1.24510748e-12,1.16278864e-12)
-4.43887776e+00 (-1.02741724e-03,1.44768150e-04) (5.79798416e-05,4.11528142e-04) (-4.59067544e-13,8.43374328e-13)
-4.41883768e+00 (-1.03352706e-03,1.45631226e-04) (6.01038919e-05,4.26602385e-04) (-8.94435718e-13,6.95667011e-13)
-4.39879760e+00 (-1.03985644e-03,1.46525413e-04) (6.22407953e-05,4.41767611e-04) (-1.87275924e-13,1.05617599e-12)
-4.37875752e+00 (-1.04640663e-03,1.47450899e-04) (6.43910082e-05,4.57027042e-04) (-1.90176117e-13,3.01870168e-13)
-4.35871743e+00 (-1.05317892e-03,1.48407876e-04) (6.65549899e-05,4.72383917e-04) (-1.19469115e-13,4.64427583e-13)
-4.33867735e+00 (-1.06017465e-03,1.49396547e-04) (6.87332026e-05,4.87841496e-04) (-2.76809222e-13,1.55481591e-13)
-4.31863727e+00 (-1.06739519e-03,1.50417118e-04) (7.09261113e-05,5.03403056e-04) (-1.08446603e-13,4.29281665e-13)
-4.29859719e+00 (-1.07484196e-03,1.51469803e-04) (7.31341844e-05,5.19071896e-04) (-3.23197476e-13,-8.27071395e-14)
-4.27855711e+00 (-1.08251641e-03,1.52554822e-04) (7.53578931e-05,5.34851337e-04) (-4.99368544e-13,5.81503891e-13)
-4.25851703e+00 (-1.09042004e-03,1.53672402e-04) (7.75977122e-05,5.50744721e-04) (-2.64899580e-14,2.08156165e-13)
-4.23847695e+00 (-1.09855438e-03,1.54822777e-04) (7.98541197e-05,5.66755411e-04) (-4.67832805e-13,3.10845401e-13)
-4.21843687e+00 (-1.10692101e-03,1.56006187e-04) (8.21275971e-05,5.82886793e-04) (1.42976749e-13,4.49982589e-13)
-4.19839679e+00 (-1.11552156e-03,1.57222880e-04) (8.44186294e-05,5.99142278e-04) (1.09373127e-13,-1.80900099e-13)
-4.17835671e+00 (-1.12435767e-03,1.58473109e-04) (8.67277054e-05,6.15525299e-04) (4.37556659e-14,-4.09030219e-14)
-4.15831663e+00 (-1.13343105e-03,1.59757134e-04) (8.90553176e-05,6.32039316e-04) (-3.37968394e-14,-2.48721748e-13)
-4.13827655e+00 (-1.14274342e-03,1.61075224e-04) (9.14019622e-05,6.48687811e-04) (-2.51376823e-14,7.77437995e-14)
-4.11823647e+00 (-1.15229658e-03,1.62427653e-04) (9.37681398e-05,6.65474294e-04) (2.62533448e-13,-4.37817320e-13)
-4.09819639e+00 (-1.16209232e-03,1.63814700e-04) (9.61543545e-05,6.82402300e-04) (-3.26599241e-13,-1.92982351e-13)
-4.07815631e+00 (-1.17213251e-03,1.65236656e-04) (9.85611150e-05,6.99475392e-04) (3.23072486e-13,-1.08750343e-13)
-4.05811623e+00 (-1.18241904e-03,1.66693815e-04) (1.00988934e-04,7.16697159e-04) (-3.10814890e-13,-5.53983524e-13)
-4.03807615e+00 (-1.19295383e-03,1.68186478e-04) (1.03438329e-04,7.34071219e-04) (1.36272522e-13,3.61936064e-13)
-4.01803607e+00 (-1.20373885e-03,1.69714955e-04) (1.05909821e-04,7.51601219e-04) (7.94686312e-13,-1.03084653e-12)
-3.99799599e+00 (-1.21477611e-03,1.71279563e-04) (1.08403937e-04,7.69290833e-04) (-1.24273621e-12,-1.08911907e-12)
-3.97795591e+00 (-1.22606764e-03,1.72880624e-04) (1.10921207e-04,7.87143766e-04) (-6.29322174e-13,9.44430813e-13)
-3.95791583e+00 (-1.23761553e-03,1.74518469e-04) (1.13462167e-04,8.05163754e-04) (7.06845214e-13,-1.45685655e-13)
-3.93787575e+00 (-1.24942188e-03,1.76193435e-04) (1.16027359e-04,8.23354561e-04) (-2.75573175e-13,-3.70938568e-13)
-3.91783567e+00 (-1.26148884e-03,1.77905867e-04) (1.18617326e-04,8.41719985e-04) (4.49178998e-13,-7.41742537e-14)
-3.89779559e+00 (-1.27381858e-03,1.79656116e-04) (1.21232620e-04,8.60263854e-04) (-5.80772617e-15,-8.36155125e-13)
-3.87775551e+00 (-1.28641333e-03,1.81444543e-04) (1.23873798e-04,8.78990028e-04) (-1.19135987e-13,-4.49282477e-14)
-3.85771543e+00 (-1.29927532e-03,1.83271513e-04) (1.26541419e-04,8.97902400e-04) (4.31619770e-13,-6.76071921e-13)
-3.83767535e+00 (-1.31240683e-03,1.85137401e-04) (1.29236050e-04,9.17004897e-04) (-6.29812736e-13,-8.73652185e-13)
-3.81763527e+00 (-1.32581017e-03,1.87042587e-04) (1.31958264e-04,9.36301478e-04) (-5.26097359e-13,1.82512954e-13)
-3.79759519e+00 (-1.33948767e-03,1.88987460e-04) (1.34708639e-04,9.55796136e-04) (3.31564528e-13,-2.27843880e-13)
-3.77755511e+00 (-1.35344170e-03,1.90972416e-04) (1.37487757e-04,9.75492901e-04) (-3.88265263e-13,-5.88045867e-13)
-3.75751503e+00 (-1.36767464e-03,1.92997857e-04) (1.40296209e-04,9.95395833e-04) (-9.57455872e-14,1.93877616e-14)
-3.73747495e+00 (-1.38218892e-03,1.95064195e-04) (1.43134588e-04,1.01550903e-03) (-1.38279369e-13,-8.64013500e-13)
-3.71743487e+00 (-1.39698698e-03,1.97171848e-04) (1.46003498e-04,1.03583663e-03) (-1.25799004e-12,-2.35480258e-14)
-3.69739479e+00 (-1.41207127e-03,1.99321241e-04) (1.48903544e-04,1.05638280e-03) (-9.35709872e-14,6.70537167e-13)
-3.67735471e+00 (-1.42744429e-03,2.01512807e-04) (1.51835342e-04,1.07715174e-03) (-1.91008013e-13,-2.35160556e-13)
-3.65731463e+00 (-1.44310853e-03,2.03746987e-04) (1.54799510e-04,1.09814770e-03) (-5.77363753e-13,4.46682548e-13)
-3.63727455e+00 (-1.45906651e-03,2.06024229e-04) (1.57796676e-04,1.11937496e-03) (1.58354899e-13,5.18678139e-13)
-3.61723447e+00 (-1.47532078e-03,2.08344988e-04) (1.60827474e-04,1.14083783e-03) (7.60298543e-14,5.33994087e-14)
-3.59719439e+00 (-1.49187389e-03,2.10709727e-04) (1.63892542e-04,1.16254066e-03) (-1.14799726e-13,2.24441765e-13)
-3.57715431e+00 (-1.50872839e-03,2.13118917e-04) (1.66992528e-04,1.18448784e-03) (7.91128477e-14,4.20266620e-13)
-3.55711423e+00 (-1.52588686e-03,2.15573035e-04) (1.70128085e-04,1.20668381e-03) (4.58517571e-13,2.05730439e-13)
-3.53707415e+00 (-1.54335187e-03,2.18072567e-04) (1.73299875e-04,1.22913303e-03) (1.12248034e-13,-1.68824056e-13)
-3.51703407e+00 (-1.56112600e-03,2.20618006e-04) (1.76508565e-04,1.25184000e-03) (-1.77004390e-13,2.30573846e-13)
-3.49699399e+00 (-1.57921183e-03,2.23209851e-04) (1.79754831e-04,1.27480926e-03) (3.34085312e-13,6.14461948e-13)
-3.47695391e+00 (-1.59761194e-03,2.25848610e-04) (1.83039354e-04,1.29804540e-03) (7.63172771e-13,-1.66550547e-13)
-3.45691383e+00 (-1.61632890e-03,2.28534799e-04) (1.86362826e-04,1.32155302e-03) (-3.01107472e-13,-1.27648788e-13)
-3.43687375e+00 (-1.63536527e-03,2.31268939e-04) (1.89725944e-04,1.34533678e-03) (4.01797866e-13,8.87001242e-13)
-3.41683367e+00 (-1.65472360e-03,2.34051561e-04) (1.93129412e-04,1.36940138e-03) (9.26142044e-13,-2.55053611e-14)
-3.39679359e+00 (-1.67440643e-03,2.36883199e-04) (1.96573945e-04,1.39375154e-03) (6.31095314e-13,7.73832152e-14)
-3.37675351e+00 (-1.69441625e-03,2.39764400e-04) (2.00060263e-04,1.41839203e-03) (9.80671648e-13,-5.25649692e-13)
-3.35671343e+00 (-1.71475555e-03,2.42695712e-04) (2.03589096e-04,1.44332765e-03) (5.15168451e-14,-4.88873798e-13)
-3.33667335e+00 (-1.73542679e-03,2.45677694e-04) (2.07161180e-04,1.46856323e-03) (6.06382083e-13,1.72323941e-13)
-3.31663327e+00 (-1.75643239e-03,2.48710911e-04) (2.10777261e-04,1.49410366e-03) (1.05710960e-12,-5.56901695e-13)
-3.29659319e+00 (-1.77777470e-03,2.51795934e-04) (2.14438092e-04,1.51995384e-03) (5.46018355e-13,-1.33868286e-12)
-3.27655311e+00 (-1.79945607e-03,2.54933340e-04) (2.18144437e-04,1.54611871e-03) (-6.76760373e-13,-1.11602071e-12)
-3.25651303e+00 (-1.82147876e-03,2.58123716e-04) (2.21897064e-04,1.57260326e-03) (-4.11444919e-13,6.98807320e-15)
-3.23647295e+00 (-1.84384499e-03,2.61367651e-04) (2.25696754e-04,1.59941248e-03) (5.37341992e-15,-5.24765036e-13)
-3.21643287e+00 (-1.86655689e-03,2.64665743e-04) (2.29544294e-04,1.62655143e-03) (-6.04933732e-13,-2.23341905e-13)
-3.19639279e+00 (-1.88961655e-03,2.68018596e-04) (2.33440481e-04,1.65402517e-03) (-9.59514854e-14,5.83578602e-14)
-3.17635271e+00 (-1.91302596e-03,2.71426818e-04) (2.37386120e-04,1.68183880e-03) (-4.54858976e-13,-2.43442702e-13)
-3.15631263e+00 (-1.93678700e-03,2.74891024e-04) (2.41382027e-04,1.70999747e-03) (-5.18428134e-13,7.75378369e-13)
-3.13627255e+00 (-1.96090148e-03,2.78411835e-04) (2.45429024e-04,1.73850632e-03) (6.83331875e-13,6.81095447e-13)
-3.11623246e+00 (-1.98537108e-03,2.81989876e-04) (2.49527944e-04,1.76737054e-03) (2.86028653e-13,-1.10351420e-13)
-3.09619238e+00 (-2.01019739e-03,2.85625778e-04) (2.53679630e-04,1.79659533e-03) (1.28388367e-13,6.61257880e-13)
-3.07615230e+00 (-2.03538183e-03,2.89320175e-04) (2.57884931e-04,1.82618593e-03) (1.05698669e-12,3.03624622e-13)
-3.05611222e+00 (-2.06092573e-03,2.93073708e-04) (2.62144709e-04,1.85614759e-03) (5.56325543e-13,-3.82762998e-13)
-3.03607214e+00 (-2.08683021e-03,2.96887019e-04) (2.66459833e-04,1.88648556e-03) (3.43458071e-13,-1.19596961e-14)
-3.01603206e+00 (-2.11309628e-03,3.00760756e-04) (2.70831183e-04,1.91720514e-03) (5.85043455e-13,-1.81273236e-13)
-2.99599198e+00 (-2.13972475e-03,3.04695570e-04) (2.75259647e-04,1.94831163e-03) (2.42358153e-13,-3.58047502e-13)
-2.97595190e+00 (-2.16671622e-03,3.08692115e-04) (2.79746123e-04,1.97981032e-03) (2.66904672e-13,-9.44400231e-14)
-2.95591182e+00 (-2.19407112e-03,3.12751045e-04) (2.84291520e-04,2.01170653e-03) (3.29014039e-13,-4.52741706e-13)
-2.93587174e+00 (-2.22178964e-03,3.16873020e-04) (2.88896755e-04,2.04400558e-03) (-2.66866542e-13,-3.83842052e-13)
-2.91583166e+00 (-2.24987174e-03,3.21058699e-04) (2.93562755e-04,2.07671280e-03) (-1.37543636e-13,2.81507654e-13)
-2.89579158e+00 (-2.27831711e-03,3.25308742e-04) (2.98290457e-04,2.10983350e-03) (4.47662151e-13,1.29836183e-13)
-2.87575150e+00 (-2.30712518e-03,3.29623809e-04) (3.03080806e-04,2.14337298e-03) (3.94487369e-13,-3.32496940e-13)
-2.85571142e+00 (-2.33629510e-03,3.34004562e-04) (3.07934760e-04,2.17733656e-03) (-1.27875239e-13,-3.84374056e-13)
-2.83567134e+00 (-2.36582568e-03,3.38451660e-04) (3.12853285e-04,2.21172951e-03) (5.66279836e-15,2.31949079e-13)
-2.81563126e+00 (-2.39571542e-03,3.42965762e-04) (3.17837354e-04,2.24655711e-03) (3.64287278e-13,-2.68340843e-13)
-2.79559118e+00 (-2.42596245e-03,3.47547522e-04) (3.22887954e-04,2.28182459e-03) (-1.65196732e-13,-1.49885406e-13)
-2.77555110e+00 (-2.45656452e-03,3.52197594e-04) (3.28006079e-04,2.31753717e-03) (2.40043983e-13,-2.92891409e-14)
-2.75551102e+00 (-2.48751899e-03,3.56916625e-04) (3.33192733e-04,2.35370003e-03) (-9.15403982e-14,-4.86418229e-13)
-2.73547094e+00 (-2.51882276e-03,3.61705260e-04) (3.38448930e-04,2.39031829e-03) (-5.50797077e-13,5.45875780e-14)
-2.71543086e+00 (-2.55047229e-03,3.66564136e-04) (3.43775693e-04,2.42739704e-03) (-1.91072587e-13,5.77542212e-13)
-2.69539078e+00 (-2.58246356e-03,3.71493882e-04) (3.49174053e-04,2.46494133e-03) (5.59823209e-13,8.03114368e-13)
-2.67535070e+00 (-2.61479200e-03,3.76495121e-04) (3.54645053e-04,2.50295610e-03) (1.34234552e-12,-2.86948262e-13)
-2.65531062e+00 (-2.64745250e-03,3.81568466e-04) (3.60189742e-04,2.54144626e-03) (1.56123686e-13,-1.10599805e-12)
-2.63527054e+00 (-2.68043937e-03,3.86714519e-04) (3.65809181e-04,2.58041663e-03) (-2.84054634e-13,-3.05121052e-13)
-2.61523046e+00 (-2.71374629e-03,3.91933871e-04) (3.71504436e-04,2.61987194e-03) (-9.52678726e-14,-2.38830675e-13)
-2.59519038e+00 (-2.74736627e-03,3.97227097e-04) (3.77276584e-04,2.65981682e-03) (-2.30322220e-13,1.08185111e-14)
-2.57515030e+00 (-2.78129162e-03,4.02594760e-04) (3.83126711e-04,2.70025581e-03) (2.25091481e-13,2.03555163e-13)
-2.55511022e+00 (-2.81551390e-03,4.08037404e-04) (3.89055910e-04,2.74119329e-03) (3.94929296e-13,-3.90564939e-13)
-2.53507014e+00 (-2.85002389e-03,4.13555556e-04) (3.95065281e-04,2.78263357e-03) (-3.23349710e-13,-5.38695137e-13)
-2.51503006e+00 (-2.88481152e-03,4.19149722e-04) (4.01155932e-04,2.82458077e-03) (-4.32200716e-13,2.33203409e-13)
-2.49498998e+00 (-2.91986584e-03,4.24820386e-04) (4.07328980e-04,2.86703887e-03) (3.13332888e-13,2.07629534e-13)
-2.47494990e+00 (-2.95517497e-03,4.30568007e-04) (4.13585547e-04,2.91001171e-03) (1.15857759e-13,-4.99175720e-13)
-2.45490982e+00 (-2.99072600e-03,4.36393018e-04) (4.19926761e-04,2.95350291e-03) (-6.06879000e-13,-2.44606780e-13)
-2.43486974e+00 (-3.02650500e-03,4.42295823e-04) (4.26353759e-04,2.99751592e-03) (-4.55255464e-13,4.76036646e-13)
-2.41482966e+00 (-3.06249693e-03,4.48276793e-04) (4.32867681e-04,3.04205396e-03) (1.10422532e-13,4.91364110e-13)
-2.39478958e+00 (-3.09868556e-03,4.54336266e-04) (4.39469673e-04,3.08712004e-03) (2.72019604e-13,1.91653067e-13)
-2.37474950e+00 (-3.13505342e-03,4.60474542e-04) (4.46160887e-04,3.13271690e-03) (1.56728033e-13,-5.79442111e-14)
-2.35470942e+00 (-3.17158172e-03,4.66691882e-04) (4.52942476e-04,3.17884705e-03) (-1.03904568e-13,8.37233210e-14)
-2.33466934e+00 (-3.20825032e-03,4.72988502e-04) (4.59815599e-04,3.22551268e-03) (2.55409942e-13,3.47544874e-13)
-2.31462926e+00 (-3.24503758e-03,4.79364569e-04) (4.66781418e-04,3.27271570e-03) (5.82993431e-13,-2.88167349e-13)
-2.29458918e+00 (-3.28192033e-03,4.85820204e-04) (4.73841095e-04,3.32045767e-03) (-2.42305486e-13,-6.42171131e-13)
-2.27454910e+00 (-3.31887379e-03,4.92355469e-04) (4.80995797e-04,3.36873982e-03) (-4.61811512e-13,2.11693945e-13)
-2.25450902e+00 (-3.35587145e-03,4.98970369e-04) (4.88246686e-04,3.41756299e-03) (2.23526594e-13,2.07253288e-13)
-2.23446894e+00 (-3.39288499e-03,5.05664845e-04) (4.95594930e-04,3.46692764e-03) (6.55892259e-14,-1.37592123e-13)
-2.21442886e+00 (-3.42988421e-03,5.12438770e-04) (5.03041690e-04,3.51683378e-03) (6.92403447e-14,3.21374914e-14)
-2.19438878e+00 (-3.46683688e-03,5.19291942e-04) (5.10588128e-04,3.56728097e-03) (1.48529203e-13,-1.56129043e-13)
-2.17434870e+00 (-3.50370869e-03,5.26224082e-04) (5.18235402e-04,3.61826828e-03) (-8.56753257e-14,-1.30710873e-13)
-2.15430862e+00 (-3.54046308e-03,5.33234827e-04) (5.25984664e-04,3.66979429e-03) (3.35691221e-14,1.47821288e-13)
-2.13426854e+00 (-3.57706119e-03,5.40323723e-04) (5.33837062e-04,3.72185698e-03) (4.06533409e-13,-1.11635490e-13)
-2.11422846e+00 (-3.61346168e-03,5.47490217e-04) (5.41793735e-04,3.77445379e-03) (4.02434365e-15,-5.56802320e-13)
-2.09418838e+00 (-3.64962065e-03,5.54733653e-04) (5.49855814e-04,3.82758151e-03) (-3.88838069e-13,-1.61128597e-13)
-2.07414830e+00 (-3.68549148e-03,5.62053265e-04) (5.58024419e-04,3.88123628e-03) (-1.62930812e-13,3.24859723e-14)
-2.05410822e+00 (-3.72102472e-03,5.69448165e-04) (5.66300659e-04,3.93541353e-03) (-2.03058205e-13,-1.51852059e-15)
-2.03406814e+00 (-3.75616793e-03,5.76917339e-04) (5.74685628e-04,3.99010794e-03) (-9.51831811e-14,1.29499675e-13)
-2.01402806e+00 (-3.79086553e-03,5.84459635e-04) (5.83180405e-04,4.04531343e-03) (-9.99944275e-14,-8.14551632e-14)
-1.99398798e+00 (-3.82505868e-03,5.92073754e-04) (5.91786050e-04,4.10102305e-03) (-3.52408385e-13,1.66165920e-13)
-1.97394790e+00 (-3.85868508e-03,5.99758241e-04) (6.00503605e-04,4.15722898e-03) (1.62346198e-14,3.86727986e-13)
-1.95390782e+00 (-3.89167883e-03,6.07511472e-04) (6.09334087e-04,4.21392245e-03) (1.79734205e-13,1.01455068e-13)
-1.93386774e+00 (-3.92397026e-03,6.15331645e-04) (6.18278490e-04,4.27109373e-03) (2.40451440e-14,-1.57551792e-14)
-1.91382766e+00 (-3.95548574e-03,6.23216764e-04) (6.27337778e-04,4.32873200e-03) (-6.41825453e-14,1.26780762e-13)
-1.89378758e+00 (-3.98614754e-03,6.31164628e-04) (6.36512888e-04,4.38682537e-03) (1.49801541e-13,2.43863414e-13)
-1.87374749e+00 (-4.01587357e-03,6.39172816e-04) (6.45804719e-04,4.44536077e-03) (3.66279122e-13,-4.89876386e-16)
-1.85370741e+00 (-4.04457724e-03,6.47238669e-04) (6.55214137e-04,4.50432388e-03) (1.82664694e-13,-2.82412644e-13)
-1.83366733e+00 (-4.07216726e-03,6.55359278e-04) (6.64741963e-04,4.56369910e-03) (2.58781432e-15,-2.20615488e-13)
-1.81362725e+00 (-4.09854740e-03,6.63531464e-04) (6.74388977e-04,4.62346945e-03) (-4.69710574e-14,-3.00139579e-13)
-1.79358717e+00 (-4.12361632e-03,6.71751754e-04) (6.84155910e-04,4.68361652e-03) (-3.99068699e-13,-2.26569225e-13)
-1.77354709e+00 (-4.14726731e-03,6.80016370e-04) (6.94043437e-04,4.74412035e-03) (-3.92742567e-13,2.66618188e-13)
-1.75350701e+00 (-4.16938809e-03,6.88321198e-04) (7.04052180e-04,4.80495941e-03) (4.81399321e-14,3.41934964e-13)
-1.73346693e+00 (-4.18986058e-03,6.96661769e-04) (7.14182695e-04,4.86611046e-03) (1.60874575e-13,1.03468480e-13)
-1.71342685e+00 (-4.20856069e-03,7.05033229e-04) (7.24435470e-04,4.92754852e-03) (1.36578820e-13,8.25513545e-16)
-1.69338677e+00 (-4.22535800e-03,7.13430314e-04) (7.34810922e-04,4.98924671e-03) (9.88342645e-14,-6.93219810e-14)
-1.67334669e+00 (-4.24011562e-03,7.21847321e-04) (7.45309383e-04,5.05117623e-03) (6.11663688e-14,-1.51731504e-13)
-1.65330661e+00 (-4.25268987e-03,7.30278070e-04) (7.55931104e-04,5.11330620e-03) (-1.28221635e-13,-1.97874220e-13)
-1.63326653e+00 (-4.26293005e-03,7.38715872e-04) (7.66676237e-04,5.17560363e-03) (-2.69812374e-13,9.66025805e-15)
-1.61322645e+00 (-4.27067819e-03,7.47153490e-04) (7.77544835e-04,5.23803322e-03) (-1.07881078e-13,2.41337981e-13)
-1.59318637e+00 (-4.27576879e-03,7.55583095e-04) (7.88536840e-04,5.30055734e-03) (1.44232468e-13,1.13776159e-13)
-1.57314629e+00 (-4.27802854e-03,7.63996219e-04) (7.99652076e-04,5.36313587e-03) (4.31018602e-14,-4.98143118e-14)
-1.55310621e+00 (-4.27727608e-03,7.72383710e-04) (8.10890236e-04,5.42572611e-03) (-7.12482834e-15,-1.74030813e-14)
-1.53306613e+00 (-4.27332172e-03,7.80735670e-04) (8.22250878e-04,5.48828262e-03) (-6.02673083e-14,6.89378944e-15)
-1.51302605e+00 (-4.26596719e-03,7.89041400e-04) (8.33733404e-04,5.55075716e-03) (6.64633690e-15,8.79316085e-14)
-1.49298597e+00 (-4.25500537e-03,7.97289332e-04) (8.45337059e-04,5.61309850e-03) (5.24760283e-14,1.63553851e-14)
-1.47294589e+00 (-4.24022001e-03,8.05466954e-04) (8.57060908e-04,5.67525231e-03) (4.35351236e-14,1.85265148e-14)
-1.45290581e+00 (-4.22138548e-03,8.13560734e-04) (8.68903827e-04,5.73716105e-03) (9.47659279e-14,-3.08592254e-14)
-1.43286573e+00 (-4.19826652e-03,8.21556029e-04) (8.80864488e-04,5.79876379e-03) (4.78195661e-14,-1.59925576e-13)
-1.41282565e+00 (-4.17061796e-03,8.29436985e-04) (8.92941338e-04,5.85999610e-03) (-1.81983928e-13,-1.62063656e-13)
-1.39278557e+00 (-4.13818448e-03,8.37186433e-04) (9.05132584e-04,5.92078989e-03) (-2.47869485e-13,1.51872384e-13)
-1.37274549e+00 (-4.10070036e-03,8.44785764e-04) (9.17436172e-04,5.98107324e-03) (1.09920942e-13,2.83419819e-13)
-1.35270541e+00 (-4.05788925e-03,8.52214800e-04) (9.29849763e-04,6.04077030e-03) (2.99096963e-13,-7.23729326e-14)
-1.33266533e+00 (-4.00946391e-03,8.59451636e-04) (9.42370713e-04,6.09980106e-03) (3.29821231e-15,-3.08742947e-13)
-1.31262525e+00 (-3.95512597e-03,8.66472481e-04) (9.54996044e-04,6.15808127e-03) (-2.80679296e-13,-1.21959170e-13)
-1.29258517e+00 (-3.89456575e-03,8.73251465e-04) (9.67722413e-04,6.21552218e-03) (-2.02993679e-13,2.07027842e-13)
-1.27254509e+00 (-3.82746200e-03,8.79760426e-04) (9.80546086e-04,6.27203048e-03) (1.36794100e-13,1.93964397e-13)
-1.25250501e+00 (-3.75348169e-03,8.85968677e-04) (9.93462898e-04,6.32750805e-03) (1.52196935e-13,-1.09517337e-13)
-1.23246493e+00 (-3.67227983e-03,8.91842732e-04) (1.00646822e-03,6.38185179e-03) (-9.96799177e-14,-1.51556873e-13)
-1.21242485e+00 (-3.58349926e-03,8.97346004e-04) (1.01955689e-03,6.43495351e-03) (-1.72846902e-13,6.27588739e-14)
-1.19238477e+00 (-3.48677043e-03,9.02438451e-04) (1.03272323e-03,6.48669967e-03) (1.42327134e-15,1.49282753e-13)
-1.17234469e+00 (-3.38171122e-03,9.07076186e-04) (1.04596091e-03,6.53697124e-03) (7.58226405e-14,4.47104708e-14)
-1.15230461e+00 (-3.26792674e-03,9.11211022e-04) (1.05926293e-03,6.58564352e-03) (5.69965342e-14,-1.16669942e-14)
-1.13226453e+00 (-3.14500914e-03,9.14789953e-04) (1.07262159e-03,6.63258593e-03) (5.41639906e-15,-5.31537044e-14)
-1.11222445e+00 (-3.01253740e-03,9.17754561e-04) (1.08602833e-03,6.67766182e-03) (-4.70814371e-14,3.37845001e-15)
-1.09218437e+00 (-2.87007709e-03,9.20040342e-04) (1.09947373e-03,6.72072831e-03) (3.63401515e-15,2.27193324e-14)
-1.07214429e+00 (-2.71718019e-03,9.21575929e-04) (1.11294735e-03,6.76163602e-03) (-3.34693605e-14,2.22051811e-15)
-1.05210421e+00 (-2.55338476e-03,9.22282213e-04) (1.12643767e-03,6.80022897e-03) (-1.01777720e-14,8.95627527e-14)
-1.03206413e+00 (-2.37821467e-03,9.22071340e-04) (1.13993196e-03,6.83634428e-03) (9.56993260e-14,3.96941166e-14)
-1.01202405e+00 (-2.19117919e-03,9.20845568e-04) (1.15341611e-03,6.86981200e-03) (5.85981820e-14,-5.33775546e-14)
-9.91983968e-01 (-1.99177252e-03,9.18495969e-04) (1.16687453e-03,6.90045493e-03) (-1.34304308e-14,-5.63643026e-14)
-9.71943888e-01 (-1.77947307e-03,9.14900927e-04) (1.18028994e-03,6.92808831e-03) (-4.71719840e-14,-7.73454707e-16)
-9.51903808e-01 (-1.55374259e-03,9.09924374e-04) (1.19364318e-03,6.95251967e-03) (-1.45181081e-14,3.24141529e-14)
-9.31863727e-01 (-1.31402484e-03,9.03413675e-04) (1.20691298e-03,6.97354852e-03) (3.73442314e-15,3.98729119e-14)
-9.11823647e-01 (-1.05974387e-03,8.95196993e-04) (1.22007572e-03,6.99096609e-03) (5.81215665e-14,1.63361266e-14)
-8.91783567e-01 (-7.90301710e-04,8.85079894e-04) (1.23310511e-03,7.00455505e-03) (-1.45868310e-15,-7.18625629e-14)
-8.71743487e-01 (-5.05075257e-04,8.72840849e-04) (1.24597185e-03,7.01408915e-03) (-1.00514782e-13,3.08502858e-14)
-8.51703407e-01 (-2.03412548e-04,8.58225128e-04) (1.25864314e-03,7.01933281e-03) (2.51021429e-14,1.23519608e-13)
-8.31663327e-01 (1.15371731e-04,8.40936463e-04) (1.27108224e-03,7.02004070e-03) (1.09141110e-13,1.68833596e-15)
-8.11623246e-01 (4.52001078e-04,8.20625662e-04) (1.28324770e-03,7.01595720e-03) (9.59583671e-15,-8.37500606e-14)
-7.91583166e-01 (8.07241814e-04,7.96875269e-04) (1.29509253e-03,7.00681582e-03) (-8.59434635e-14,-1.54052655e-14)
-7.71543086e-01 (1.18190648e-03,7.69179326e-04) (1.30656309e-03,6.99233850e-03) (-4.80394640e-14,8.58312530e-14)
-7.51503006e-01 (1.57685449e-03,7.36917361e-04) (1.31759758e-03,6.97223498e-03) (4.05467363e-14,6.69477498e-14)
-7.31462926e-01 (1.99298783e-03,6.99322081e-04) (1.32812420e-03,6.94620208e-03) (1.41794098e-14,8.68712759e-15)
-7.11422846e-01 (2.43123910e-03,6.55440786e-04) (1.33805870e-03,6.91392312e-03) (-3.57874336e-14,7.25472259e-14)
-6.91382766e-01 (2.89254869e-03,6.04091450e-04) (1.34730142e-03,6.87506763e-03) (1.38070595e-14,2.05688587e-13)
-6.71342685e-01 (3.37782740e-03,5.43815629e-04) (1.35573352e-03,6.82929143e-03) (2.19831033e-13,4.71758669e-13)
-6.51302605e-01 (3.88790127e-03,4.72831893e-04) (1.36321266e-03,6.77623741e-03) (1.19208292e-12,9.57800296e-13)
-6.31262525e-01 (4.42343577e-03,3.88995182e-04) (1.36956788e-03,6.71553721e-03) (4.44439831e-12,6.26436197e-13)
-6.11222445e-01 (4.98483811e-03,2.89769159e-04) (1.37459408e-03,6.64681424e-03) (1.17815713e-11,-4.96273637e-12)
-5.91182365e-01 (5.57213841e-03,1.72220057e-04) (1.37804610e-03,6.56968823e-03) (2.18303039e-11,-2.82444148e-11)
-5.71142285e-01 (6.18485344e-03,3.30412746e-05) (1.37963299e-03,6.48378173e-03) (1.66876907e-11,-9.66753853e-11)
-5.51102204e-01 (6.82184008e-03,-1.31382143e-04) (1.37901284e-03,6.38872859e-03) (-7.57323412e-11,-2.53859746e-10)
-5.31062124e-01 (7.48114916e-03,-3.24861362e-04) (1.37578894e-03,6.28418480e-03) (-4.65290995e-10,-5.25283052e-10)
-5.11022044e-01 (8.15989371e-03,-5.51238817e-04) (1.36950788e-03,6.16984126e-03) (-1.65136828e-09,-7.70116858e-10)
-4.90981964e-01 (8.85414855e-03,-8.14169277e-04) (1.35966051e-03,6.04543842e-03) (-4.63155204e-09,-2.41496703e-10)
-4.70941884e-01 (9.55889893e-03,-1.11685063e-03) (1.34568649e-03,5.91078201e-03) (-1.10369891e-08,3.49654306e-09)
-4.50901804e-01 (1.02680562e-02,-1.46171357e-03) (1.32698312e-03,5.76575921e-03) (-2.27622846e-08,1.69413860e-08)
-4.30861723e-01 (1.09745561e-02,-1.85008486e-03) (1.30291892e-03,5.61035391e-03) (-3.99835958e-08,5.54649491e-08)
-4.10821643e-01 (1.16705509e-02,-2.28184398e-03) (1.27285238e-03,5.44465997e-03) (-5.50298383e-08,1.52669208e-07)
-3.90781563e-01 (1.23477021e-02,-2.75509740e-03) (1.23615555e-03,5.26889090e-03) (-3.65628897e-08,3.78416487e-07)
-3.70741483e-01 (1.29975705e-02,-3.26589903e-03) (1.19224231e-03,5.08338452e-03) (1.07941044e-07,8.74512590e-07)
-3.50701403e-01 (1.36120907e-02,-3.80804930e-03) (1.14060019e-03,4.88860126e-03) (6.17635096e-07,1.92940180e-06)
-3.30661323e-01 (1.41840995e-02,-4.37301034e-03) (1.08082444e-03,4.68511493e-03) (2.06988280e-06,4.14618988e-06)
-3.10621242e-01 (1.47078617e-02,-4.94997859e-03) (1.01265239e-03,4.47359554e-03) (5.81020853e-06,8.84724961e-06)
-2.90581162e-01 (1.51794954e-02,-5.52615894e-03) (9.35995403e-04,4.25478471e-03) (1.49275532e-05,1.90936553e-05)
-2.70541082e-01 (1.55971369e-02,-6.08727874e-03) (8.50965174e-04,4.02946602e-03) (3.64795972e-05,4.22904332e-05)
-2.50501002e-01 (1.59605993e-02,-6.61836025e-03) (7.57890655e-04,3.79843561e-03) (8.64460894e-05,9.67908795e-05)
-2.30460922e-01 (1.62701668e-02,-7.10472537e-03) (6.57321768e-04,3.56248255e-03) (1.99833678e-04,2.28523131e-04)
-2.10420842e-01 (1.65240469e-02,-7.53312964e-03) (5.50016926e-04,3.32239466e-03) (4.47656758e-04,5.53684935e-04)
-1.90380762e-01 (1.67138983e-02,-7.89281351e-03) (4.36913566e-04,3.07901345e-03) (9.54953786e-04,1.37370137e-03)
-1.70340681e-01 (1.68178430e-02,-8.17612669e-03) (3.19084908e-04,2.83337078e-03) (1.89373060e-03,3.49549902e-03)
-1.50300601e-01 (1.67906162e-02,-8.37824784e-03) (1.97692224e-04,2.58694830e-03) (3.40707784e-03,9.09948396e-03)
-1.30260521e-01 (1.65513705e-02,-8.49542197e-03) (7.39498006e-05,2.34210225e-03) (5.49245811e-03,2.38493108e-02)
-1.10220441e-01 (1.59718558e-02,-8.52117721e-03) (-5.08712246e-05,2.10267975e-03) (8.19962769e-03,6.10693163e-02)
-9.01803607e-02 (1.48722970e-02,-8.44052276e-03) (-1.75367208e-04,1.87478944e-03) (1.30241363e-02,1.47251498e-01)
-7.01402806e-02 (1.30395011e-02,-8.22398385e-03) (-2.97828404e-04,1.66753839e-03) (2.59500218e-02,3.21982453e-01)
-5.01002004e-02 (1.02871108e-02,-7.82715320e-03) (-4.15988779e-04,1.49327297e-03) (5.87997651e-02,6.14317221e-01)
-3.00601202e-02 (6.56651188e-03,-7.20490296e-03) (-5.26839299e-04,1.36655278e-03) (1.20020440e-01,9.80155888e-01)
-1.00200401e-02 (2.08780619e-03,-6.34403609e-03) (-6.26793556e-04,1.30114658e-03) (1.94280203e-01,1.25146989e+00)
1.00200401e-02 (-2.65826423e-03,-5.29738036e-03) (-7.12456387e-04,1.30546667e-03) (2.39728659e-01,1.24054430e+00)
3.00601202e-02 (-7.06315198e-03,-4.18481720e-03) (-7.81787049e-04,1.37892344e-03) (2.25539124e-01,9.54165100e-01)
5.01002004e-02 (-1.06587395e-02,-3.14769711e-03) (-8.34897932e-04,1.51212402e-03) (1.64767253e-01,5.86837492e-01)
7.01402806e-02 (-1.32665126e-02,-2.28930562e-03) (-8.73883998e-04,1.69078235e-03) (9.56005514e-02,3.02227198e-01)
9.01803607e-02 (-1.49603177e-02,-1.64498401e-03) (-9.01879620e-04,1.90028251e-03) (4.46777876e-02,1.36655629e-01)
1.10220441e-01 (-1.59383837e-02,-1.19131804e-03) (-9.22013791e-04,2.12849906e-03) (1.66720424e-02,5.67820643e-02)
1.30260521e-01 (-1.64139960e-02,-8.74034549e-04) (-9.36735819e-04,2.36661598e-03) (4.63458293e-03,2.26625150e-02)
1.50300601e-01 (-1.65604810e-02,-6.33631962e-04) (-9.47586746e-04,2.60874825e-03) (6.35560260e-04,9.01956329e-03)
1.70340681e-01 (-1.64979667e-02,-4.20514876e-04) (-9.55274950e-04,2.85115110e-03) (-2.67896630e-04,3.65466335e-03)
1.90380762e-01 (-1.63005542e-02,-2.00651402e-04) (-9.59890387e-04,3.09145429e-03) (-2.88884816e-04,1.50974909e-03)
2.10420842e-01 (-1.60094879e-02,4.45221661e-05) (-9.61145713e-04,3.32808114e-03) (-1.70206041e-04,6.30941971e-04)
2.30460922e-01 (-1.56455601e-02,3.20857648e-04) (-9.58587735e-04,3.55986816e-03) (-8.28781305e-05,2.65532902e-04)
2.50501002e-01 (-1.52185302e-02,6.25069859e-04) (-9.51757894e-04,3.78584702e-03) (-3.65951648e-05,1.12830163e-04)
2.70541082e-01 (-1.47333925e-02,9.48189228e-04) (-9.40299118e-04,4.00513978e-03) (-1.49429383e-05,4.86758426e-05)
2.90581162e-01 (-1.41940669e-02,1.27846388e-03) (-9.24015283e-04,4.21692424e-03) (-5.49140880e-06,2.13577212e-05)
3.10621242e-01 (-1.36052420e-02,1.60356380e-03) (-9.02893161e-04,4.42043713e-03) (-1.63904683e-06,9.47737801e-06)
3.30661323e-01 (-1.29730240e-02,1.91209736e-03) (-8.77097385e-04,4.61499344e-03) (-2.31042484e-07,4.20077749e-06)
3.50701403e-01 (-1.23048924e-02,2.19453374e-03) (-8.46948027e-04,4.80000857e-03) (1.77733349e-07,1.82912321e-06)
3.70741483e-01 (-1.16093130e-02,2.44365756e-03) (-8.12888582e-04,4.97501635e-03) (2.22839184e-07,7.66992127e-07)
3.90781563e-01 (-1.08952249e-02,2.65468251e-03) (-7.75450231e-04,5.13967986e-03) (1.65385939e-07,3.02009731e-07)
4.10821643e-01 (-1.01715333e-02,2.82513293e-03) (-7.35216508e-04,5.29379447e-03) (1.00103112e-07,1.07455213e-07)
4.30861723e-01 (-9.44667150e-03,2.95457954e-03) (-6.92791031e-04,5.43728384e-03) (5.29429521e-08,3.19234337e-08)
4.50901804e-01 (-8.72826209e-03,3.04429356e-03) (-6.48769893e-04,5.57019007e-03) (2.49218134e-08,6.00597894e-09)
4.70941884e-01 (-8.02288587e-03,3.09686572e-03) (-6.03719516e-04,5.69265984e-03) (1.04035578e-08,-1.00719731e-09)
4.90981964e-01 (-7.33595313e-03,3.11582434e-03) (-5.58160194e-04,5.80492781e-03) (3.75764540e-09,-1.84125848e-09)
5.11022044e-01 (-6.67166683e-03,3.10527693e-03) (-5.12555117e-04,5.90729895e-03) (1.09633144e-09,-1.22406790e-09)
5.31062124e-01 (-6.03306249e-03,3.06959308e-03) (-4.67304396e-04,6.00013089e-03) (1.99051788e-10,-6.00484823e-10)
5.51102204e-01 (-5.42210699e-03,3.01314008e-03) (-4.22743375e-04,6.08381741e-03) (-2.76157882e-11,-2.37147993e-10)
5.71142285e-01 (-4.83983799e-03,2.94007730e-03) (-3.79144386e-04,6.15877370e-03) (-4.82872080e-11,-7.40341097e-11)
5.91182365e-01 (-4.28652577e-03,2.85421016e-03) (-3.36721074e-04,6.22542389e-03) (-2.81395967e-11,-1.55420422e-11)
6.11222445e-01 (-3.76184148e-03,2.75890008e-03) (-2.95634429e-04,6.28419109e-03) (-1.15102556e-11,1.10497772e-13)
6.31262525e-01 (-3.26501832e-03,2.65702336e-03) (-2.55999748e-04,6.33548980e-03) (-3.47219003e-12,2.12233674e-12)
6.51302605e-01 (-2.79499608e-03,2.55096967e-03) (-2.17893866e-04,6.37972068e-03) (-6.33357648e-13,1.27585586e-12)
6.71342685e-01 (-2.35054284e-03,2.44266988e-03) (-1.81362159e-04,6.41726724e-03) (5.88268139e-14,4.91113652e-13)
6.91382766e-01 (-1.93035126e-03,2.33364318e-03) (-1.46424968e-04,6.44849408e-03) (1.11498666e-13,1.28904884e-13)
7.11422846e-01 (-1.53310980e-03,2.22505448e-03) (-1.13083220e-04,6.47374645e-03) (5.62558252e-14,1.46045342e-14)
7.31462926e-01 (-1.15755106e-03,2.11777475e-03) (-8.13231734e-05,6.49335060e-03) (1.82974692e-14,-6.85075926e-15)
7.51503006e-01 (-8.02481028e-04,2.01243905e-03) (-5.11202716e-05,6.50761468e-03) (3.61385871e-15,-5.35080004e-15)
7.71543086e-01 (-4.66793274e-04,1.90949850e-03) (-2.24421913e-05,6.51683000e-03) (-6.75480152e-17,-2.07905409e-15)
7.91583166e-01 (-1.49472313e-04,1.80926464e-03) (4.74882279e-06,6.52127236e-03) (-4.26010457e-16,-5.18194976e-16)
8.11623246e-01 (1.50410188e-04,1.71194538e-03) (3.04942090e-05,6.52120334e-03) (-2.08531000e-16,-4.49167420e-17)
8.31663327e-01 (4.33703344e-04,1.61767306e-03) (5.48378058e-05,6.51687158e-03) (-5.96533422e-17,3.03755647e-17)
8.51703407e-01 (7.01186804e-04,1.52652560e-03) (7.78249239e-05,6.50851383e-03) (-8.18659053e-18,1.90704533e-17)
8.71743487e-01 (9.53580760e-04,1.43854178e-03) (9.95016810e-05,6.49635589e-03) (1.87515002e-18,6.07904545e-18)
8.91783567e-01 (1.19155523e-03,1.35373215e-03) (1.19914523e-04,6.48061347e-03) (1.63775419e-18,1.02012979e-18)
9.11823647e-01 (1.41573810e-03,1.27208650e-03) (1.39109876e-04,6.46149276e-03) (5.71280949e-19,-9.62092527e-20)
9.31863727e-01 (1.62672177e-03,1.19357902e-03) (1.57133888e-04,6.43919107e-03) (1.07112091e-19,-1.34917980e-19)
9.51903808e-01 (1.82506847e-03,1.11817181e-03) (1.74032228e-04,6.41389729e-03) (-3.57972200e-21,-5.06244049e-20)
9.71943888e-01 (2.01131432e-03,1.04581734e-03) (1.89849937e-04,6.38579227e-03) (-1.08408142e-20,-1.01030540e-20)
9.91983968e-01 (2.18597253e-03,9.76460289e-04) (2.04631293e-04,6.35504921e-03) (-4.28991669e-21,3.54116415e-23)
1.01202405e+00 (2.34953571e-03,9.10038943e-04) (2.18419717e-04,6.32183396e-03) (-8.79086597e-22,8.62504943e-22)
1.03206413e+00 (2.50247768e-03,8.46486341e-04) (2.31257683e-04,6.28630528e-03) (-5.55819210e-24,3.50195044e-22)
1.05210421e+00 (2.64525488e-03,7.85731280e-04) (2.43186652e-04,6.24861517e-03) (6.91340213e-23,7.00320394e-23)
1.07214429e+00 (2.77830740e-03,7.27699185e-04) (2.54247015e-04,6.20890905e-03) (2.73541227e-23,-7.05821734e-25)
1.09218437e+00 (2.90205988e-03,6.72312897e-04) (2.64478051e-04,6.16732602e-03) (5.06051798e-24,-6.08466548e-24)
1.11222445e+00 (3.01692221e-03,6.19493371e-04) (2.73917893e-04,6.12399908e-03) (-6.04497468e-25,-2.98901012e-24)
1.13226453e+00 (3.12329016e-03,5.69160294e-04) (2.82603508e-04,6.07905535e-03) (-1.90315742e-24,-8.95530005e-25)
1.15230461e+00 (3.22154586e-03,5.21232628e-04) (2.90570679e-04,6.03261624e-03) (-1.72965707e-24,9.34675987e-25)
1.17234469e+00 (3.31205827e-03,4.75629088e-04) (2.97854002e-04,5.98479769e-03) (-2.41832866e-25,1.80158269e-24)
1.19238477e+00 (3.39518362e-03,4.32268544e-04) (3.04486881e-04,5.93571033e-03) (1.10346483e-24,9.80347687e-25)
1.21242485e+00 (3.47126577e-03,3.91070378e-04) (3.10501538e-04,5.88545966e-03) (9.44282275e-25,-2.97149768e-25)
1.23246493e+00 (3.54063653e-03,3.51954774e-04) (3.15929020e-04,5.83414624e-03) (2.71595034e-26,-5.50921448e-25)
1.25250501e+00 (3.60361598e-03,3.14842971e-04) (3.20799213e-04,5.78186588e-03) (-3.83263235e-25,2.51576023e-26)
1.27254509e+00 (3.66051281e-03,2.79657473e-04) (3.25140859e-04,5.72870978e-03) (-3.31889483e-26,4.73852216e-25)
1.29258517e+00 (3.71162454e-03,2.46322223e-04) (3.28981576e-04,5.67476471e-03) (4.27536475e-25,3.05418811e-25)
1.31262525e+00 (3.75723782e-03,2.14762747e-04) (3.32347882e-04,5.62011315e-03) (4.07513423e-25,-1.16741463e-25)
1.33266533e+00 (3.79762871e-03,1.84906269e-04) (3.35265216e-04,5.56483350e-03) (6.66164565e-26,-1.79281192e-25)
1.35270541e+00 (3.83306290e-03,1.56681811e-04) (3.37757965e-04,5.50900017e-03) (-2.57759641e-26,1.41570508e-25)
1.37274549e+00 (3.86379597e-03,1.30020260e-04) (3.39849493e-04,5.45268376e-03) (3.67858126e-25,3.04759977e-25)
1.39278557e+00 (3.89007365e-03,1.04854429e-04) (3.41562165e-04,5.39595123e-03) (7.37683709e-25,-1.14621495e-25)
1.41282565e+00 (3.91213208e-03,8.11190959e-05) (3.42917378e-04,5.33886598e-03) (5.15530216e-25,-7.67596654e-25)
1.43286573e+00 (3.93019801e-03,5.87510319e-05) (3.43935589e-04,5.28148804e-03) (-2.42258359e-25,-9.72736038e-25)
1.45290581e+00 (3.94448911e-03,3.76890155e-05) (3.44636346e-04,5.22387421e-03) (-8.74210052e-25,-4.85950374e-25)
1.47294589e+00 (3.95521415e-03,1.78738394e-05) (3.45038314e-04,5.16607814e-03) (-9.17991588e-25,2.87296019e-25)
1.49298597e+00 (3.96257330e-03,-7.51694715e-07) (3.45159308e-04,5.10815051e-03) (-4.17593260e-25,7.83984597e-25)
1.51302605e+00 (3.96675834e-03,-1.82427871e-05) (3.45016321e-04,5.05013912e-03) (1.79451413e-25,7.82407672e-25)
1.53306613e+00 (3.96795293e-03,-3.46526591e-05) (3.44625551e-04,4.99208904e-03) (5.58235032e-25,4.40701148e-25)
1.55310621e+00 (3.96633283e-03,-5.00325772e-05) (3.44002435e-04,4.93404270e-03) (6.11491544e-25,2.84334744e-26)
1.57314629e+00 (3.96206617e-03,-6.44318826e-05) (3.43161672e-04,4.87604003e-03) (4.61801253e-25,-2.56972149e-25)
1.59318637e+00 (3.95531367e-03,-7.78980249e-05) (3.42117254e-04,4.81811852e-03) (2.39727231e-25,-4.19553800e-25)
1.61322645e+00 (3.94622888e-03,-9.04765996e-05) (3.40882492e-04,4.76031341e-03) (-1.97980377e-26,-4.50170037e-25)
1.63326653e+00 (3.93495845e-03,-1.02211388e-04) (3.39470043e-04,4.70265772e-03) (-2.60150969e-25,-3.61678927e-25)
1.65330661e+00 (3.92164232e-03,-1.13144402e-04) (3.37891938e-04,4.64518237e-03) (-4.14775487e-25,-1.18007105e-25)
1.67334669e+00 (3.90641397e-03,-1.23315925e-04) (3.36159605e-04,4.58791628e-03) (-3.46744527e-25,1.32824679e-25)
1.69338677e+00 (3.88940067e-03,-1.32764563e-04) (3.34283897e-04,4.53088649e-03) (-1.72713778e-25,2.48639227e-25)
1.71342685e+00 (3.87072367e-03,-1.41527288e-04) (3.32275111e-04,4.47411819e-03) (-1.76672897e-26,1.92431895e-25)
1.73346693e+00 (3.85049845e-03,-1.49639489e-04) (3.30143018e-04,4.41763485e-03) (-2.23451122e-26,1.19472224e-25)
1.75350701e+00 (3.82883492e-03,-1.57135020e-04) (3.27896882e-04,4.36145831e-03) (-6.80500099e-26,1.38381190e-25)
1.77354709e+00 (3.80583763e-03,-1.64046251e-04) (3.25545481e-04,4.30560882e-03) (-3.14853494e-26,2.41890640e-25)
1.79358717e+00 (3.78160600e-03,-1.70404114e-04) (3.23097132e-04,4.25010515e-03) (1.00360768e-25,2.68601287e-25)
1.81362725e+00 (3.75623449e-03,-1.76238154e-04) (3.20559709e-04,4.19496464e-03) (2.29395524e-25,2.08957088e-25)
1.83366733e+00 (3.72981285e-03,-1.81576577e-04) (3.17940665e-04,4.14020329e-03) (2.67204011e-25,7.86301893e-26)
1.85370741e+00 (3.70242624e-03,-1.86446301e-04) (3.15247048e-04,4.08583584e-03) (2.59852833e-25,1.12542067e-26)
1.87374749e+00 (3.67415548e-03,-1.90873000e-04) (3.12485522e-04,4.03187579e-03) (2.51708370e-25,-4.12187027e-26)
1.89378758e+00 (3.64507722e-03,-1.94881151e-04) (3.09662387e-04,3.97833550e-03) (2.94010640e-25,-1.05957874e-25)
1.91382766e+00 (3.61526408e-03,-1.98494084e-04) (3.06783589e-04,3.92522624e-03) (2.82093769e-25,-2.40424450e-25)
1.93386774e+00 (3.58478488e-03,-2.01734022e-04) (3.03854744e-04,3.87255824e-03) (1.98576792e-25,-4.05129019e-25)
1.95390782e+00 (3.55370475e-03,-2.04622127e-04) (3.00881150e-04,3.82034075e-03) (-1.41902630e-26,-4.92222457e-25)
1.97394790e+00 (3.52208533e-03,-2.07178546e-04) (2.97867804e-04,3.76858211e-03) (-2.50424018e-25,-4.57498070e-25)
1.99398798e+00 (3.48998491e-03,-2.09422446e-04) (2.94819413e-04,3.71728976e-03) (-4.30975850e-25,-2.59628626e-25)
2.01402806e+00 (3.45745858e-03,-2.11372062e-04) (2.91740414e-04,3.66647032e-03) (-4.52517417e-25,-3.55384996e-26)
2.03406814e+00 (3.42455840e-03,-2.13044732e-04) (2.88634980e-04,3.61612965e-03) (-3.50375363e-25,1.61129931e-25)
2.05410822e+00 (3.39133348e-03,-2.14456935e-04) (2.85507041e-04,3.56627282e-03) (-1.88332449e-25,2.21506256e-25)
2.07414830e+00 (3.35783019e-03,-2.15624334e-04) (2.82360289e-04,3.51690426e-03) (-7.06250748e-26,2.01194317e-25)
2.09418838e+00 (3.32409223e-03,-2.16561801e-04) (2.79198193e-04,3.46802769e-03) (-5.68252048e-27,1.31109042e-25)
2.11422846e+00 (3.29016078e-03,-2.17283465e-04) (2.76024011e-04,3.41964625e-03) (-7.25424945e-27,1.05479742e-25)
2.13426854e+00 (3.25607462e-03,-2.17802733e-04) (2.72840801e-04,3.37176247e-03) (2.75595275e-27,8.45543731e-26)
2.15430862e+00 (3.22187026e-03,-2.18132332e-04) (2.69651426e-04,3.32437833e-03) (3.65450709e-26,1.03201733e-25)
2.17434870e+00 (3.18758200e-03,-2.18284333e-04) (2.66458572e-04,3.27749532e-03) (6.80918755e-26,6.05239719e-26)
2.19438878e+00 (3.15324209e-03,-2.18270187e-04) (2.63264750e-04,3.23111441e-03) (1.16728220e-25,1.71760452e-26)
2.21442886e+00 (3.11888082e-03,-2.18100749e-04) (2.60072310e-04,3.18523613e-03) (8.26178776e-26,-4.56052551e-26)
2.23446894e+00 (3.08452659e-03,-2.17786307e-04) (2.56883446e-04,3.13986058e-03) (8.29716334e-26,-1.03122598e-25)
2.25450902e+00 (3.05020603e-03,-2.17336611e-04) (2.53700206e-04,3.09498746e-03) (1.37517790e-26,-1.02891674e-25)
2.27454910e+00 (3.01594408e-03,-2.16760895e-04) (2.50524499e-04,3.05061608e-03) (-1.28216353e-26,-1.46514431e-25)
2.29458918e+00 (2.98176408e-03,-2.16067903e-04) (2.47358104e-04,3.00674541e-03) (-4.56443265e-26,-1.03832673e-25)
2.31462926e+00 (2.94768785e-03,-2.15265916e-04) (2.44202673e-04,2.96337408e-03) (-9.98592298e-26,-1.28130502e-25)
2.33466934e+00 (2.91373576e-03,-2.14362766e-04) (2.41059742e-04,2.92050043e-03) (-9.21617096e-26,-8.92054230e-26)
2.35470942e+00 (2.87992682e-03,-2.13365866e-04) (2.37930736e-04,2.87812250e-03) (-1.53445445e-25,-6.36473662e-26)
2.37474950e+00 (2.84627874e-03,-2.12282227e-04) (2.34816973e-04,2.83623805e-03) (-1.29823039e-25,-4.79932881e-26)
2.39478958e+00 (2.81280799e-03,-2.11118476e-04) (2.31719673e-04,2.79484460e-03) (-1.55166776e-25,1.82886928e-26)
2.41482966e+00 (2.77952990e-03,-2.09880880e-04) (2.28639960e-04,2.75393945e-03) (-1.34100027e-25,1.53323707e-26)
2.43486974e+00 (2.74645867e-03,-2.08575357e-04) (2.25578870e-04,2.71351968e-03) (-9.92432730e-26,7.12429140e-26)
2.45490982e+00 (2.71360748e-03,-2.07207501e-04) (2.22537354e-04,2.67358215e-03) (-8.86623477e-26,6.08379122e-26)
2.47494990e+00 (2.68098851e-03,-2.05782591e-04) (2.19516285e-04,2.63412355e-03) (-3.75252592e-26,6.04914577e-26)
2.49498998e+00 (2.64861302e-03,-2.04305611e-04) (2.16516461e-04,2.59514040e-03) (-4.16374232e-26,6.21591201e-26)
2.51503006e+00 (2.61649136e-03,-2.02781267e-04) (2.13538606e-04,2.55662906e-03) (-2.34845169e-26,2.94147419e-26)
2.53507014e+00 (2.58463307e-03,-2.01213993e-04) (2.10583381e-04,2.51858574e-03) (-8.78192433e-27,4.27067365e-26)
2.55511022e+00 (2.55304691e-03,-1.99607976e-04) (2.07651383e-04,2.48100653e-03) (-2.47050660e-26,2.28406630e-26)
2.57515030e+00 (2.52174087e-03,-1.97967157e-04) (2.04743148e-04,2.44388738e-03) (4.93305976e-27,1.18061036e-26)
2.59519038e+00 (2.49072225e-03,-1.96295254e-04) (2.01859158e-04,2.40722413e-03) (-9.19719361e-27,1.74405842e-26)
2.61523046e+00 (2.45999770e-03,-1.94595766e-04) (1.98999840e-04,2.37101254e-03) (-5.44002307e-27,-1.45522448e-26)
2.63527054e+00 (2.42957323e-03,-1.92871989e-04) (1.96165574e-04,2.33524825e-03) (2.95794198e-27,-8.75186077e-27)
2.65531062e+00 (2.39945427e-03,-1.91127025e-04) (1.93356692e-04,2.29992683e-03) (-1.93943121e-26,-2.01937643e-26)
2.67535070e+00 (2.36964569e-03,-1.89363789e-04) (1.90573481e-04,2.26504377e-03) (-1.80732014e-26,-4.29268936e-26)
2.69539078e+00 (2.34015184e-03,-1.87585026e-04) (1.87816188e-04,2.23059451e-03) (-3.04925852e-26,-3.53658044e-26)
2.71543086e+00 (2.31097659e-03,-1.85793312e-04) (1.85085021e-04,2.19657440e-03) (-6.44503067e-26,-4.62844754e-26)
2.73547094e+00 (2.28212333e-03,-1.83991071e-04) (1.82380151e-04,2.16297876e-03) (-7.06147418e-26,-3.68750560e-26)
2.75551102e+00 (2.25359503e-03,-1.82180574e-04) (1.79701715e-04,2.12980285e-03) (-1.02282445e-25,-2.77379195e-27)
2.77555110e+00 (2.22539426e-03,-1.80363956e-04) (1.77049818e-04,2.09704191e-03) (-1.00340834e-25,1.08107614e-26)
2.79559118e+00 (2.19752317e-03,-1.78543217e-04) (1.74424533e-04,2.06469112e-03) (-8.58935532e-26,5.78042665e-26)
2.81563126e+00 (2.16998360e-03,-1.76720231e-04) (1.71825908e-04,2.03274564e-03) (-7.09391210e-26,6.43955139e-26)
2.83567134e+00 (2.14277702e-03,-1.74896756e-04) (1.69253961e-04,2.00120062e-03) (-2.45233343e-26,7.09605561e-26)
2.85571142e+00 (2.11590459e-03,-1.73074435e-04) (1.66708688e-04,1.97005116e-03) (-1.19039127e-26,6.67968153e-26)
2.87575150e+00 (2.08936720e-03,-1.71254805e-04) (1.64190060e-04,1.93929239e-03) (-5.72120382e-28,2.95978170e-26)
2.89579158e+00 (2.06316542e-03,-1.69439305e-04) (1.61698027e-04,1.90891938e-03) (1.14684404e-26,1.37296783e-26)
2.91583166e+00 (2.03729960e-03,-1.67629276e-04) (1.59232517e-04,1.87892723e-03) (-2.15502969e-26,7.91347661e-27)
2.93587174e+00 (2.01176983e-03,-1.65825971e-04) (1.56793443e-04,1.84931101e-03) (-3.83576677e-26,-1.59805953e-26)
2.95591182e+00 (1.98657599e-03,-1.64030559e-04) (1.54380695e-04,1.82006582e-03) (-4.52412528e-26,1.16225095e-26)
2.97595190e+00 (1.96171774e-03,-1.62244126e-04) (1.51994152e-04,1.79118675e-03) (-7.19878201e-26,2.97629554e-26)
2.99599198e+00 (1.93719453e-03,-1.60467685e-04) (1.49633673e-04,1.76266887e-03) (-6.43834857e-26,4.55456689e-26)
3.01603206e+00 (1.91300567e-03,-1.58702178e-04) (1.47299105e-04,1.73450731e-03) (-4.48524723e-26,7.09937917e-26)
3.03607214e+00 (1.88915026e-03,-1.56948478e-04) (1.44990283e-04,1.70669716e-03) (-3.21432550e-26,9.26491673e-26)
3.05611222e+00 (1.86562727e-03,-1.55207394e-04) (1.42707026e-04,1.67923357e-03) (-1.01560125e-26,8.14438136e-26)
3.07615230e+00 (1.84243553e-03,-1.53479678e-04) (1.40449144e-04,1.65211168e-03) (2.56339968e-26,8.30861114e-26)
3.09619238e+00 (1.81957370e-03,-1.51766024e-04) (1.38216438e-04,1.62532664e-03) (2.84112348e-26,6.54544071e-26)
3.11623246e+00 (1.79704037e-03,-1.50067071e-04) (1.36008696e-04,1.59887365e-03) (5.27656568e-26,3.89031879e-26)
3.13627255e+00 (1.77483397e-03,-1.48383409e-04) (1.33825698e-04,1.57274790e-03) (4.17408469e-26,3.22767733e-26)
3.15631263e+00 (1.75295286e-03,-1.46715584e-04) (1.31667217e-04,1.54694464e-03) (3.09671403e-26,-9.34549928e-27)
3.17635271e+00 (1.73139528e-03,-1.45064091e-04) (1.29533017e-04,1.52145910e-03) (4.01848665e-26,-9.39205462e-27)
3.19639279e+00 (1.71015940e-03,-1.43429390e-04) (1.27422857e-04,1.49628658e-03) (-2.87917276e-27,-8.46442534e-28)
3.21643287e+00 (1.68924331e-03,-1.41811896e-04) (1.25336486e-04,1.47142237e-03) (-1.84182652e-26,-3.24910738e-26)
3.23647295e+00 (1.66864503e-03,-1.40211990e-04) (1.23273651e-04,1.44686183e-03) (-3.01498922e-27,-1.08136594e-26)
3.25651303e+00 (1.64836250e-03,-1.38630018e-04) (1.21234091e-04,1.42260030e-03) (-3.58108884e-26,1.92767120e-26)
3.27655311e+00 (1.62839361e-03,-1.37066292e-04) (1.19217542e-04,1.39863318e-03) (-4.91047068e-26,5.07522166e-27)
3.29659319e+00 (1.60873621e-03,-1.35521095e-04) (1.17223735e-04,1.37495591e-03) (-2.48307665e-26,1.62298414e-26)
3.31663327e+00 (1.58938808e-03,-1.33994678e-04) (1.15252396e-04,1.35156395e-03) (-2.62628732e-26,4.51815623e-26)
3.33667335e+00 (1.57034700e-03,-1.32487269e-04) (1.13303249e-04,1.32845278e-03) (-3.34756544e-26,4.61871502e-26)
3.35671343e+00 (1.55161066e-03,-1.30999068e-04) (1.11376015e-04,1.30561792e-03) (-2.21155152e-26,4.52484534e-26)
3.37675351e+00 (1.53317677e-03,-1.29530251e-04) (1.09470411e-04,1.28305495e-03) (-7.15420448e-27,4.89565528e-26)
3.39679359e+00 (1.51504298e-03,-1.28080974e-04) (1.07586152e-04,1.26075944e-03) (2.34309358e-27,6.01333144e-26)
3.41683367e+00 (1.49720693e-03,-1.26651369e-04) (1.05722951e-04,1.23872704e-03) (-2.70181470e-28,5.78370703e-26)
3.43687375e+00 (1.47966625e-03,-1.25241551e-04) (1.03880521e-04,1.21695339e-03) (1.22858214e-26,4.66176780e-26)
3.45691383e+00 (1.46241854e-03,-1.23851616e-04) (1.02058569e-04,1.19543420e-03) (2.12416953e-26,4.56633748e-26)
3.47695391e+00 (1.44546141e-03,-1.22481644e-04) (1.00256806e-04,1.17416519e-03) (2.23538629e-26,3.80297961e-26)
3.49699399e+00 (1.42879244e-03,-1.21131695e-04) (9.84749382e-05,1.15314214e-03) (2.57153388e-26,3.34995272e-26)
3.51703407e+00 (1.41240922e-03,-1.19801820e-04) (9.67126723e-05,1.13236084e-03) (2.02264017e-26,3.26352317e-26)
3.53707415e+00 (1.39630934e-03,-1.18492053e-04) (9.49697146e-05,1.11181714e-03) (1.24614592e-26,2.37229605e-26)
3.55711423e+00 (1.38049040e-03,-1.17202414e-04) (9.32457706e-05,1.09150690e-03) (1.88251932e-26,1.78133734e-26)
3.57715431e+00 (1.36494997e-03,-1.15932915e-04) (9.15405457e-05,1.07142604e-03) (2.39235647e-26,3.01665511e-26)
3.59719439e+00 (1.34968567e-03,-1.14683553e-04) (8.98537454e-05,1.05157049e-03) (1.07484212e-26,3.72459466e-26)
3.61723447e+00 (1.33469511e-03,-1.13454318e-04) (8.81850751e-05,1.03193624e-03) (1.16026968e-26,2.28664819e-26)
3.63727455e+00 (1.31997589e-03,-1.12245187e-04) (8.65342403e-05,1.01251929e-03) (3.09828165e-26,2.48729305e-26)
3.65731463e+00 (1.30552567e-03,-1.11056132e-04) (8.49009473e-05,9.93315701e-04) (2.81759937e-26,3.27951161e-26)
3.67735471e+00 (1.29134208e-03,-1.09887115e-04) (8.32849026e-05,9.74321547e-04) (2.55329703e-26,1.89700607e-26)
3.69739479e+00 (1.27742281e-03,-1.08738091e-04) (8.16858133e-05,9.55532947e-04) (3.44998254e-26,1.06780899e-26)
3.71743487e+00 (1.26376552e-03,-1.07609008e-04) (8.01033873e-05,9.36946050e-04) (3.48781363e-26,8.20997717e-27)
3.73747495e+00 (1.25036793e-03,-1.06499807e-04) (7.85373333e-05,9.18557042e-04) (3.08012685e-26,6.88419592e-27)
3.75751503e+00 (1.23722777e-03,-1.05410426e-04) (7.69873609e-05,9.00362139e-04) (1.73667813e-26,3.05720213e-27)
3.77755511e+00 (1.22434278e-03,-1.04340795e-04) (7.54531806e-05,8.82357592e-04) (1.05974193e-26,-1.50875330e-26)
3.79759519e+00 (1.21171075e-03,-1.03290841e-04) (7.39345040e-05,8.64539684e-04) (2.30600505e-26,-1.93613602e-26)
3.81763527e+00 (1.19932946e-03,-1.02260486e-04) (7.24310437e-05,8.46904732e-04) (2.30209026e-26,-1.61074537e-27)
3.83767535e+00 (1.18719676e-03,-1.01249649e-04) (7.09425138e-05,8.29449083e-04) (5.26592472e-27,9.05360707e-27)
3.85771543e+00 (1.17531048e-03,-1.00258244e-04) (6.94686292e-05,8.12169116e-04) (-9.67082336e-27,4.86053810e-27)
3.87775551e+00 (1.16366852e-03,-9.92861850e-05) (6.80091062e-05,7.95061241e-04) (-1.47118482e-26,-4.18804864e-27)
3.89779559e+00 (1.15226878e-03,-9.83333805e-05) (6.65636626e-05,7.78121901e-04) (-7.85563288e-27,-1.11179640e-26)
3.91783567e+00 (1.14110921e-03,-9.73997381e-05) (6.51320173e-05,7.61347565e-04) (3.63646991e-27,-7.79069539e-27)
3.93787575e+00 (1.13018778e-03,-9.64851633e-05) (6.37138907e-05,7.44734737e-04) (8.47104224e-27,2.88320032e-27)
3.95791583e+00 (1.11950248e-03,-9.55895598e-05) (6.23090046e-05,7.28279947e-04) (5.93973393e-27,1.10342512e-26)
3.97795591e+00 (1.10905137e-03,-9.47128302e-05) (6.09170820e-05,7.11979755e-04) (9.26504597e-28,1.90144231e-26)
3.99799599e+00 (1.09883250e-03,-9.38548757e-05) (5.95378476e-05,6.95830749e-04) (-1.64699545e-26,2.05315294e-26)
4.01803607e+00 (1.08884397e-03,-9.30155968e-05) (5.81710275e-05,6.79829545e-04) (-2.22841584e-26,-5.60098667e-28)
4.03807615e+00 (1.07908393e-03,-9.21948935e-05) (5.68163492e-05,6.63972789e-04) (-1.62969879e-27,-6.08259702e-27)
4.05811623e+00 (1.06955053e-03,-9.13926654e-05) (5.54735416e-05,6.48257150e-04) (2.96805138e-27,8.04613641e-27)
4.07815631e+00 (1.06024199e-03,-9.06088118e-05) (5.41423353e-05,6.32679327e-04) (5.59080801e-28,3.97962096e-27)
4.09819639e+00 (1.05115653e-03,-8.98432323e-05) (5.28224622e-05,6.17236042e-04) (1.35018371e-26,1.27343301e-28)
4.11823647e+00 (1.04229244e-03,-8.90958265e-05) (5.15136556e-05,6.01924045e-04) (1.86830066e-26,9.44379866e-27)
4.13827655e+00 (1.03364802e-03,-8.83664945e-05) (5.02156504e-05,5.86740111e-04) (7.09610140e-27,1.44463184e-26)
4.15831663e+00 (1.02522161e-03,-8.76551370e-05) (4.89281830e-05,5.71681037e-04) (-5.12277531e-27,5.42879156e-27)
4.17835671e+00 (1.01701161e-03,-8.69616554e-05) (4.76509911e-05,5.56743647e-04) (6.51688413e-30,-4.98484381e-27)
4.19839679e+00 (1.00901641e-03,-8.62859520e-05) (4.63838139e-05,5.41924786e-04) (1.25636096e-26,3.39941052e-27)
4.21843687e+00 (1.00123448e-03,-8.56279301e-05) (4.51263921e-05,5.27221323e-04) (1.05762388e-26,1.88961759e-26)
4.23847695e+00 (9.93664298e-04,-8.49874941e-05) (4.38784677e-05,5.12630150e-04) (3.61498279e-28,2.11077004e-26)
4.25851703e+00 (9.86304401e-04,-8.43645498e-05) (4.26397841e-05,4.98148179e-04) (-3.84906666e-27,1.26932060e-26)
4.27855711e+00 (9.79153348e-04,-8.37590042e-05) (4.14100860e-05,4.83772346e-04) (-3.23301828e-27,9.19770756e-27)
4.29859719e+00 (9.72209738e-04,-8.31707660e-05) (4.01891198e-05,4.69499604e-04) (-8.05130816e-27,9.29878365e-27)
4.31863727e+00 (9.65472210e-04,-8.25997452e-05) (3.89766328e-05,4.55326930e-04) (-1.34422268e-26,3.39737324e-27)
4.33867735e+00 (9.58939437e-04,-8.20458539e-05) (3.77723737e-05,4.41251319e-04) (-1.03916938e-26,-6.78493002e-27)
4.35871743e+00 (9.52610133e-04,-8.15090056e-05) (3.65760928e-05,4.27269785e-04) (-2.46423073e-27,-1.24887521e-26)
4.37875752e+00 (9.46483046e-04,-8.09891159e-05) (3.53875411e-05,4.13379359e-04) (7.73434043e-29,-1.19944571e-26)
4.39879760e+00 (9.40556962e-04,-8.04861021e-05) (3.42064713e-05,3.99577094e-04) (-3.12504106e-27,-1.57161510e-26)
4.41883768e+00 (9.34830707e-04,-7.99998837e-05) (3.30326371e-05,3.85860057e-04) (-2.16694095e-27,-2.27974326e-26)
4.43887776e+00 (9.29303143e-04,-7.95303823e-05) (3.18657934e-05,3.72225334e-04) (2.26358783e-27,-2.57500045e-26)
4.45891784e+00 (9.23973169e-04,-7.90775216e-05) (3.07056961e-05,3.58670026e-04) (8.98915433e-27,-2.48183508e-26)
4.47895792e+00 (9.18839722e-04,-7.86412274e-05) (2.95521024e-05,3.45191249e-04) (1.71625603e-26,-1.69882242e-26)
4.49899800e+00 (9.13901777e-04,-7.82214279e-05) (2.84047704e-05,3.31786138e-04) (1.55137981e-26,-6.45430371e-27)
4.51903808e+00 (9.09158347e-04,-7.78180536e-05) (2.72634594e-05,3.18451839e-04) (6.74774675e-27,-1.27895091e-27)
4.53907816e+00 (9.04608483e-04,-7.74310374e-05) (2.61279295e-05,3.05185513e-04) (2.08855867e-27,1.03192110e-27)
4.55911824e+00 (9.00251273e-04,-7.70603144e-05) (2.49979421e-05,2.91984336e-04) (1.82222045e-27,3.82567943e-27)
4.57915832e+00 (8.96085841e-04,-7.67058225e-05) (2.38732590e-05,2.78845496e-04) (-6.46767369e-28,1.03271547e-26)
4.59919840e+00 (8.92111353e-04,-7.63675019e-05) (2.27536434e-05,2.65766193e-04) (-1.13568687e-26,1.39377429e-26)
4.61923848e+00 (8.88327009e-04,-7.60452954e-05) (2.16388592e-05,2.52743641e-04) (-1.90361988e-26,3.17622301e-27)
4.63927856e+00 (8.84732048e-04,-7.57391484e-05) (2.05286709e-05,2.39775062e-04) (-1.36594479e-26,-1.17574616e-26)
4.65931864e+00 (8.81325748e-04,-7.54490088e-05) (1.94228440e-05,2.26857693e-04) (-3.82631321e-27,-1.49961630e-26)
4.67935872e+00 (8.78107422e-04,-7.51748274e-05) (1.83211448e-05,2.13988778e-04) (4.06328443e-27,-7.43053504e-27)
4.69939880e+00 (8.75076423e-04,-7.49165574e-05) (1.72233400e-05,2.01165572e-04) (8.29374163e-27,7.67092598e-30)
4.71943888e+00 (8.72232142e-04,-7.46741550e-05) (1.61291974e-05,1.88385339e-04) (7.31203424e-27,7.31655558e-28)
4.73947896e+00 (8.69574004e-04,-7.44475789e-05) (1.50384850e-05,1.75645353e-04) (4.74848768e-27,-1.19100478e-27)
4.75951904e+00 (8.67101477e-04,-7.42367906e-05) (1.39509716e-05,1.62942894e-04) (3.57127893e-27,-2.90152859e-27)
4.77955912e+00 (8.64814064e-04,-7.40417547e-05) (1.28664266e-05,1.50275250e-04) (3.67272049e-27,-4.97160695e-27)
4.79959920e+00 (8.62711305e-04,-7.38624382e-05) (1.17846197e-05,1.37639716e-04) (4.38029049e-27,-1.49447341e-27)
4.81963928e+00 (8.60792779e-04,-7.36988113e-05) (1.07053212e-05,1.25033596e-04) (4.80595416e-27,7.31281010e-27)
4.83967936e+00 (8.59058102e-04,-7.35508470e-05) (9.62830177e-06,1.12454196e-04) (4.18765531e-27,1.08566123e-26)
4.85971944e+00 (8.57506929e-04,-7.34185211e-05) (8.55333248e-06,9.98988300e-05) (2.86242915e-27,7.01684641e-27)
4.87975952e+00 (8.56138951e-04,-7.33018127e-05) (7.48018472e-06,8.73648152e-05) (1.03511724e-27,3.51105175e-27)
4.89979960e+00 (8.54953900e-04,-7.32007035e-05) (6.40863014e-06,7.48494740e-05) (-7.29086313e-28,5.23890689e-27)
4.91983968e+00 (8.53951543e-04,-7.31151780e-05) (5.33844069e-06,6.23501320e-05) (-3.59151048e-27,8.08240600e-27)
4.93987976e+00 (8.53131687e-04,-7.30452232e-05) (4.26938846e-06,4.98641182e-05) (-7.40844606e-27,6.63432848e-27)
4.95991984e+00 (8.52494176e-04,-7.29908283e-05) (3.20124578e-06,3.73887640e-05) (-1.05945217e-26,4.74626455e-27)
4.97995992e+00 (8.52038892e-04,-7.29519838e-05) (2.13378507e-06,2.49214028e-05) (-1.23484720e-26,5.38486756e-27)
5.00000000e+00 (8.51674697e-04,-7.29209123e-05) (1.06677892e-06,1.24593695e-05) (-1.28878884e-26,4.88153818e-27)
