0.74 	 500
Z	 ux	 uz 	 rho
-5.00000000e+00 (2.00336366e-03,-3.72821712e-03) (-5.52881909e-05,-2.97092013e-05) (-1.36105339e-13,-5.42470904e-13)
-4.97995992e+00 (2.00424417e-03,-3.72985571e-03) (-1.10588531e-04,-5.94249306e-05) (-3.20417988e-13,-3.44654018e-13)
-4.95991984e+00 (2.00534492e-03,-3.73190412e-03) (-1.65913170e-04,-8.91537176e-05) (-3.22257835e-13,-1.03827802e-12)
-4.93987976e+00 (2.00688629e-03,-3.73477245e-03) (-2.21274264e-04,-1.18902095e-04) (-7.79080630e-13,-9.00997610e-14)
-4.91983968e+00 (2.00886861e-03,-3.73846124e-03) (-2.76683976e-04,-1.48676598e-04) (-6.16781041e-13,-1.02434546e-12)
-4.89979960e+00 (2.01129229e-03,-3.74297125e-03) (-3.32154477e-04,-1.78483769e-04) (-1.19305800e-12,1.62287703e-13)
-4.87975952e+00 (2.01415781e-03,-3.74830338e-03) (-3.87697953e-04,-2.08330156e-04) (-1.14289304e-12,-7.15190618e-13)
-4.85971944e+00 (2.01746579e-03,-3.75445873e-03) (-4.43326601e-04,-2.38222317e-04) (-1.17464405e-12,2.42662366e-13)
-4.83967936e+00 (2.02121690e-03,-3.76143857e-03) (-4.99052640e-04,-2.68166817e-04) (-7.09435029e-13,-2.35374570e-14)
-4.81963928e+00 (2.02541193e-03,-3.76924434e-03) (-5.54888306e-04,-2.98170233e-04) (-5.33453878e-13,2.99238171e-13)
-4.79959920e+00 (2.03005177e-03,-3.77787767e-03) (-6.10845859e-04,-3.28239155e-04) (-1.73980146e-13,9.78611940e-13)
-4.77955912e+00 (2.03513738e-03,-3.78734036e-03) (-6.66937584e-04,-3.58380185e-04) (5.01221402e-13,3.22746386e-13)
-4.75951904e+00 (2.04066984e-03,-3.79763438e-03) (-7.23175794e-04,-3.88599943e-04) (1.28858658e-13,2.08819463e-12)
-4.73947896e+00 (2.04665031e-03,-3.80876188e-03) (-7.79572832e-04,-4.18905062e-04) (1.61682336e-12,5.41258014e-13)
-4.71943888e+00 (2.05308006e-03,-3.82072520e-03) (-8.36141076e-04,-4.49302197e-04) (1.68059732e-13,2.16182987e-12)
-4.69939880e+00 (2.05996044e-03,-3.83352684e-03) (-8.92892938e-04,-4.79798018e-04) (2.56809017e-12,5.48397865e-13)
-4.67935872e+00 (2.06729291e-03,-3.84716947e-03) (-9.49840870e-04,-5.10399220e-04) (2.15539086e-13,1.21923023e-12)
-4.65931864e+00 (2.07507900e-03,-3.86165597e-03) (-1.00699736e-03,-5.41112517e-04) (2.66666960e-12,5.19351281e-13)
-4.63927856e+00 (2.08332037e-03,-3.87698935e-03) (-1.06437495e-03,-5.71944649e-04) (4.71087291e-13,-4.54387790e-13)
-4.61923848e+00 (2.09201876e-03,-3.89317284e-03) (-1.12198623e-03,-6.02902380e-04) (1.60010870e-12,4.39725666e-13)
-4.59919840e+00 (2.10117600e-03,-3.91020982e-03) (-1.17984381e-03,-6.33992500e-04) (8.95277832e-13,-1.42256580e-12)
-4.57915832e+00 (2.11079402e-03,-3.92810386e-03) (-1.23796039e-03,-6.65221828e-04) (8.02059056e-14,3.77392046e-14)
-4.55911824e+00 (2.12087485e-03,-3.94685871e-03) (-1.29634869e-03,-6.96597213e-04) (1.78797615e-12,-1.20380971e-12)
-4.53907816e+00 (2.13142063e-03,-3.96647828e-03) (-1.35502153e-03,-7.28125531e-04) (-1.89030174e-13,-1.23073079e-12)
-4.51903808e+00 (2.14243356e-03,-3.98696669e-03) (-1.41399174e-03,-7.59813696e-04) (1.46992096e-12,-1.28575621e-12)
-4.49899800e+00 (2.15391597e-03,-4.00832819e-03) (-1.47327224e-03,-7.91668651e-04) (-1.05214788e-13,-2.66807055e-12)
-4.47895792e+00 (2.16587027e-03,-4.03056726e-03) (-1.53287602e-03,-8.23697376e-04) (-6.92365501e-13,-2.19378845e-12)
-4.45891784e+00 (2.17829898e-03,-4.05368852e-03) (-1.59281612e-03,-8.55906887e-04) (-1.61672836e-12,-1.50187386e-12)
-4.43887776e+00 (2.19120471e-03,-4.07769680e-03) (-1.65310566e-03,-8.88304239e-04) (-1.78770647e-12,-1.23274227e-12)
-4.41883768e+00 (2.20459016e-03,-4.10259708e-03) (-1.71375783e-03,-9.20896526e-04) (-2.68317737e-12,7.30370142e-13)
-4.39879760e+00 (2.21845815e-03,-4.12839454e-03) (-1.77478589e-03,-9.53690881e-04) (-8.93492322e-13,7.24004526e-13)
-4.37875752e+00 (2.23281157e-03,-4.15509452e-03) (-1.83620320e-03,-9.86694483e-04) (-2.15634274e-12,1.28381378e-12)
-4.35871743e+00 (2.24765343e-03,-4.18270256e-03) (-1.89802316e-03,-1.01991455e-03) (1.83073324e-13,2.09504338e-12)
-4.33867735e+00 (2.26298682e-03,-4.21122437e-03) (-1.96025930e-03,-1.05335835e-03) (-5.99632927e-13,9.24845118e-13)
-4.31863727e+00 (2.27881496e-03,-4.24066584e-03) (-2.02292521e-03,-1.08703320e-03) (5.18730261e-14,2.30488143e-12)
-4.29859719e+00 (2.29514112e-03,-4.27103304e-03) (-2.08603456e-03,-1.12094645e-03) (5.69950633e-13,1.04690128e-12)
-4.27855711e+00 (2.31196872e-03,-4.30233221e-03) (-2.14960114e-03,-1.15510552e-03) (6.70084414e-13,1.53668100e-12)
-4.25851703e+00 (2.32930124e-03,-4.33456979e-03) (-2.21363881e-03,-1.18951787e-03) (1.64426175e-12,-5.20466961e-13)
-4.23847695e+00 (2.34714228e-03,-4.36775238e-03) (-2.27816153e-03,-1.22419101e-03) (-8.85237109e-13,-5.51078423e-13)
-4.21843687e+00 (2.36549553e-03,-4.40188677e-03) (-2.34318337e-03,-1.25913251e-03) (1.02978224e-12,2.24533145e-13)
-4.19839679e+00 (2.38436479e-03,-4.43697994e-03) (-2.40871849e-03,-1.29434999e-03) (-9.70174027e-13,-2.92369525e-12)
-4.17835671e+00 (2.40375393e-03,-4.47303902e-03) (-2.47478117e-03,-1.32985114e-03) (-2.70364670e-12,2.45186524e-14)
-4.15831663e+00 (2.42366697e-03,-4.51007134e-03) (-2.54138578e-03,-1.36564370e-03) (-1.76040311e-12,-6.36816899e-13)
-4.13827655e+00 (2.44410798e-03,-4.54808440e-03) (-2.60854681e-03,-1.40173545e-03) (-2.96906474e-12,7.69947260e-13)
-4.11823647e+00 (2.46508114e-03,-4.58708590e-03) (-2.67627886e-03,-1.43813427e-03) (-1.13469170e-12,2.09196045e-13)
-4.09819639e+00 (2.48659077e-03,-4.62708369e-03) (-2.74459665e-03,-1.47484808e-03) (-3.10524074e-12,-7.69212085e-13)
-4.07815631e+00 (2.50864122e-03,-4.66808581e-03) (-2.81351501e-03,-1.51188486e-03) (-3.80643996e-12,1.49639904e-12)
-4.05811623e+00 (2.53123701e-03,-4.71010047e-03) (-2.88304890e-03,-1.54925267e-03) (-1.95744006e-12,2.18571520e-12)
-4.03807615e+00 (2.55438270e-03,-4.75313607e-03) (-2.95321338e-03,-1.58695963e-03) (-1.76549229e-12,9.11736867e-13)
-4.01803607e+00 (2.57808298e-03,-4.79720117e-03) (-3.02402367e-03,-1.62501392e-03) (-2.67043565e-12,1.35648787e-12)
-3.99799599e+00 (2.60234264e-03,-4.84230451e-03) (-3.09549510e-03,-1.66342381e-03) (-3.10069544e-12,3.22225073e-12)
-3.97795591e+00 (2.62716655e-03,-4.88845501e-03) (-3.16764313e-03,-1.70219763e-03) (2.43069685e-13,4.78623316e-12)
-3.95791583e+00 (2.65255970e-03,-4.93566175e-03) (-3.24048335e-03,-1.74134378e-03) (1.70136151e-12,2.30904443e-12)
-3.93787575e+00 (2.67852715e-03,-4.98393399e-03) (-3.31403149e-03,-1.78087074e-03) (2.66533693e-12,1.40610961e-12)
-3.91783567e+00 (2.70507409e-03,-5.03328116e-03) (-3.38830343e-03,-1.82078707e-03) (9.02112650e-13,-2.34673806e-12)
-3.89779559e+00 (2.73220577e-03,-5.08371284e-03) (-3.46331518e-03,-1.86110140e-03) (-2.25532161e-12,1.06423997e-12)
-3.87775551e+00 (2.75992756e-03,-5.13523881e-03) (-3.53908289e-03,-1.90182243e-03) (2.01734081e-12,2.79662060e-12)
-3.85771543e+00 (2.78824493e-03,-5.18786899e-03) (-3.61562287e-03,-1.94295897e-03) (3.56331045e-12,-1.30911710e-12)
-3.83767535e+00 (2.81716342e-03,-5.24161345e-03) (-3.69295155e-03,-1.98451988e-03) (-5.62925021e-13,-3.20414500e-12)
-3.81763527e+00 (2.84668868e-03,-5.29648245e-03) (-3.77108555e-03,-2.02651412e-03) (-1.74788506e-12,3.26449005e-13)
-3.79759519e+00 (2.87682646e-03,-5.35248639e-03) (-3.85004161e-03,-2.06895073e-03) (5.77745719e-13,7.28884537e-13)
-3.77755511e+00 (2.90758258e-03,-5.40963583e-03) (-3.92983665e-03,-2.11183883e-03) (1.29178831e-12,-3.39257964e-13)
-3.75751503e+00 (2.93896297e-03,-5.46794146e-03) (-4.01048772e-03,-2.15518764e-03) (1.06062054e-12,-1.82260531e-12)
-3.73747495e+00 (2.97097363e-03,-5.52741415e-03) (-4.09201207e-03,-2.19900647e-03) (-4.89047311e-13,-2.35693560e-12)
-3.71743487e+00 (3.00362067e-03,-5.58806490e-03) (-4.17442706e-03,-2.24330470e-03) (-1.67798433e-12,-1.33651129e-12)
-3.69739479e+00 (3.03691027e-03,-5.64990484e-03) (-4.25775026e-03,-2.28809181e-03) (-1.36608397e-12,-2.08982989e-13)
-3.67735471e+00 (3.07084869e-03,-5.71294524e-03) (-4.34199939e-03,-2.33337739e-03) (-7.42141503e-13,8.25384795e-14)
-3.65731463e+00 (3.10544228e-03,-5.77719752e-03) (-4.42719233e-03,-2.37917109e-03) (-1.06034598e-13,-4.23625992e-13)
-3.63727455e+00 (3.14069749e-03,-5.84267320e-03) (-4.51334713e-03,-2.42548269e-03) (-1.76692457e-12,-9.05668772e-13)
-3.61723447e+00 (3.17662082e-03,-5.90938393e-03) (-4.60048203e-03,-2.47232204e-03) (-1.51934082e-12,1.45670192e-12)
-3.59719439e+00 (3.21321885e-03,-5.97734148e-03) (-4.68861543e-03,-2.51969910e-03) (-2.01407093e-13,2.82547820e-13)
-3.57715431e+00 (3.25049824e-03,-6.04655772e-03) (-4.77776591e-03,-2.56762392e-03) (-1.55246916e-12,1.23373588e-12)
-3.55711423e+00 (3.28846573e-03,-6.11704463e-03) (-4.86795221e-03,-2.61610666e-03) (9.06814157e-13,2.59612822e-12)
-3.53707415e+00 (3.32712811e-03,-6.18881428e-03) (-4.95919328e-03,-2.66515757e-03) (2.79041983e-12,8.22464083e-14)
-3.51703407e+00 (3.36649225e-03,-6.26187883e-03) (-5.05150823e-03,-2.71478701e-03) (6.27772827e-13,-1.78670694e-12)
-3.49699399e+00 (3.40656506e-03,-6.33625051e-03) (-5.14491634e-03,-2.76500544e-03) (-7.08814592e-15,-1.64840983e-13)
-3.47695391e+00 (3.44735354e-03,-6.41194163e-03) (-5.23943710e-03,-2.81582341e-03) (3.35464672e-13,-1.65097767e-12)
-3.45691383e+00 (3.48886470e-03,-6.48896456e-03) (-5.33509016e-03,-2.86725160e-03) (-2.35370470e-12,-7.78585348e-13)
-3.43687375e+00 (3.53110565e-03,-6.56733170e-03) (-5.43189537e-03,-2.91930076e-03) (-1.18783649e-12,1.58015246e-12)
-3.41683367e+00 (3.57408350e-03,-6.64705551e-03) (-5.52987275e-03,-2.97198178e-03) (-8.98348832e-14,6.05996750e-13)
-3.39679359e+00 (3.61780541e-03,-6.72814847e-03) (-5.62904251e-03,-3.02530564e-03) (-7.13456721e-13,1.12243693e-12)
-3.37675351e+00 (3.66227861e-03,-6.81062308e-03) (-5.72942505e-03,-3.07928343e-03) (9.18412382e-13,9.87690463e-13)
-3.35671343e+00 (3.70751030e-03,-6.89449183e-03) (-5.83104095e-03,-3.13392633e-03) (3.82025706e-13,-7.85283909e-13)
-3.33667335e+00 (3.75350775e-03,-6.97976721e-03) (-5.93391098e-03,-3.18924566e-03) (-1.12267519e-12,-9.64350620e-14)
-3.31663327e+00 (3.80027823e-03,-7.06646168e-03) (-6.03805609e-03,-3.24525281e-03) (-8.76619431e-13,1.18086506e-12)
-3.29659319e+00 (3.84782901e-03,-7.15458763e-03) (-6.14349742e-03,-3.30195932e-03) (3.74785433e-13,1.00686285e-12)
-3.27655311e+00 (3.89616737e-03,-7.24415743e-03) (-6.25025628e-03,-3.35937680e-03) (6.83647598e-14,-1.92988941e-13)
-3.25651303e+00 (3.94530059e-03,-7.33518334e-03) (-6.35835419e-03,-3.41751699e-03) (-7.20730054e-13,3.89055819e-13)
-3.23647295e+00 (3.99523593e-03,-7.42767754e-03) (-6.46781282e-03,-3.47639173e-03) (-5.01466125e-13,8.16043922e-13)
-3.21643287e+00 (4.04598062e-03,-7.52165207e-03) (-6.57865404e-03,-3.53601297e-03) (2.59261988e-13,1.80636476e-12)
-3.19639279e+00 (4.09754187e-03,-7.61711885e-03) (-6.69089990e-03,-3.59639276e-03) (2.41994853e-12,2.28775825e-13)
-3.17635271e+00 (4.14992683e-03,-7.71408961e-03) (-6.80457260e-03,-3.65754327e-03) (5.13667597e-13,-1.64933787e-12)
-3.15631263e+00 (4.20314262e-03,-7.81257592e-03) (-6.91969454e-03,-3.71947676e-03) (-2.47785044e-13,-3.51970268e-13)
-3.13627255e+00 (4.25719628e-03,-7.91258911e-03) (-7.03628828e-03,-3.78220561e-03) (2.62097504e-13,-6.14371053e-13)
-3.11623246e+00 (4.31209476e-03,-8.01414026e-03) (-7.15437654e-03,-3.84574230e-03) (-7.16806774e-13,-7.19811109e-13)
-3.09619238e+00 (4.36784495e-03,-8.11724021e-03) (-7.27398222e-03,-3.91009940e-03) (-6.33463644e-13,8.89454094e-13)
-3.07615230e+00 (4.42445361e-03,-8.22189945e-03) (-7.39512835e-03,-3.97528961e-03) (9.50168335e-13,5.36857304e-13)
-3.05611222e+00 (4.48192740e-03,-8.32812817e-03) (-7.51783815e-03,-4.04132568e-03) (3.32497928e-13,-9.22412381e-14)
-3.03607214e+00 (4.54027282e-03,-8.43593615e-03) (-7.64213496e-03,-4.10822052e-03) (1.75731241e-12,6.53113829e-13)
-3.01603206e+00 (4.59949626e-03,-8.54533279e-03) (-7.76804227e-03,-4.17598708e-03) (3.00352568e-12,-2.44269009e-12)
-2.99599198e+00 (4.65960390e-03,-8.65632701e-03) (-7.89558371e-03,-4.24463844e-03) (-2.28896026e-13,-3.86363075e-12)
-2.97595190e+00 (4.72060176e-03,-8.76892724e-03) (-8.02478303e-03,-4.31418776e-03) (-1.72798456e-12,-2.01305511e-12)
-2.95591182e+00 (4.78249565e-03,-8.88314139e-03) (-8.15566412e-03,-4.38464827e-03) (-1.49003466e-12,-1.14693741e-12)
-2.93587174e+00 (4.84529115e-03,-8.99897676e-03) (-8.28825095e-03,-4.45603332e-03) (-1.93326712e-12,-1.85610171e-13)
-2.91583166e+00 (4.90899358e-03,-9.11644002e-03) (-8.42256764e-03,-4.52835631e-03) (-6.81950660e-13,7.99096250e-13)
-2.89579158e+00 (4.97360800e-03,-9.23553716e-03) (-8.55863835e-03,-4.60163073e-03) (-3.76760873e-14,-6.54426190e-13)
-2.87575150e+00 (5.03913919e-03,-9.35627340e-03) (-8.69648737e-03,-4.67587013e-03) (-1.43979554e-12,-1.37576708e-13)
-2.85571142e+00 (5.10559157e-03,-9.47865318e-03) (-8.83613905e-03,-4.75108816e-03) (-7.64261323e-13,1.08104402e-12)
-2.83567134e+00 (5.17296924e-03,-9.60268004e-03) (-8.97761777e-03,-4.82729850e-03) (-1.28604837e-13,9.16373816e-13)
-2.81563126e+00 (5.24127591e-03,-9.72835662e-03) (-9.12094799e-03,-4.90451490e-03) (4.43139846e-13,9.16592374e-13)
-2.79559118e+00 (5.31051488e-03,-9.85568453e-03) (-9.26615420e-03,-4.98275117e-03) (1.08157921e-12,4.73053616e-13)
-2.77555110e+00 (5.38068902e-03,-9.98466431e-03) (-9.41326088e-03,-5.06202116e-03) (1.68326438e-12,-4.52575988e-13)
-2.75551102e+00 (5.45180070e-03,-1.01152953e-02) (-9.56229254e-03,-5.14233874e-03) (8.79873867e-13,-2.08982506e-12)
-2.73547094e+00 (5.52385179e-03,-1.02475758e-02) (-9.71327365e-03,-5.22371785e-03) (-1.02771346e-12,-1.62677132e-12)
-2.71543086e+00 (5.59684363e-03,-1.03815024e-02) (-9.86622865e-03,-5.30617242e-03) (-1.45492351e-12,-2.25080271e-13)
-2.69539078e+00 (5.67077693e-03,-1.05170706e-02) (-1.00211819e-02,-5.38971642e-03) (-6.08616800e-13,9.62910467e-13)
-2.67535070e+00 (5.74565179e-03,-1.06542743e-02) (-1.01781578e-02,-5.47436380e-03) (4.94123236e-13,4.72908716e-13)
-2.65531062e+00 (5.82146763e-03,-1.07931057e-02) (-1.03371805e-02,-5.56012854e-03) (-1.03096815e-13,6.25707798e-14)
-2.63527054e+00 (5.89822314e-03,-1.09335553e-02) (-1.04982740e-02,-5.64702457e-03) (2.38553523e-13,4.06970635e-13)
-2.61523046e+00 (5.97591624e-03,-1.10756119e-02) (-1.06614623e-02,-5.73506582e-03) (3.81958001e-13,2.60162786e-13)
-2.59519038e+00 (6.05454403e-03,-1.12192622e-02) (-1.08267691e-02,-5.82426617e-03) (1.33359563e-12,1.94652953e-13)
-2.57515030e+00 (6.13410270e-03,-1.13644907e-02) (-1.09942179e-02,-5.91463947e-03) (5.83695892e-13,-1.84215237e-12)
-2.55511022e+00 (6.21458753e-03,-1.15112800e-02) (-1.11638321e-02,-6.00619948e-03) (-1.50291750e-12,-2.74879255e-13)
-2.53507014e+00 (6.29599279e-03,-1.16596101e-02) (-1.13356346e-02,-6.09895990e-03) (3.74655052e-13,8.05884182e-13)
-2.51503006e+00 (6.37831167e-03,-1.18094586e-02) (-1.15096482e-02,-6.19293433e-03) (-4.24902380e-14,-8.12903538e-13)
-2.49498998e+00 (6.46153624e-03,-1.19608002e-02) (-1.16858951e-02,-6.28813628e-03) (-8.17609601e-13,5.80058274e-13)
-2.47494990e+00 (6.54565738e-03,-1.21136072e-02) (-1.18643974e-02,-6.38457910e-03) (4.48794721e-13,9.01388751e-13)
-2.45490982e+00 (6.63066467e-03,-1.22678485e-02) (-1.20451765e-02,-6.48227601e-03) (7.32456510e-13,4.33333198e-13)
-2.43486974e+00 (6.71654633e-03,-1.24234901e-02) (-1.22282534e-02,-6.58124009e-03) (9.98781465e-13,9.60093037e-15)
-2.41482966e+00 (6.80328917e-03,-1.25804946e-02) (-1.24136487e-02,-6.68148420e-03) (7.72177124e-13,-4.67085308e-13)
-2.39478958e+00 (6.89087846e-03,-1.27388207e-02) (-1.26013823e-02,-6.78302101e-03) (2.82944265e-13,-1.01489583e-12)
-2.37474950e+00 (6.97929785e-03,-1.28984238e-02) (-1.27914735e-02,-6.88586296e-03) (-8.15297324e-13,-4.22040345e-13)
-2.35470942e+00 (7.06852930e-03,-1.30592551e-02) (-1.29839408e-02,-6.99002223e-03) (-1.84288909e-14,7.70764157e-13)
-2.33466934e+00 (7.15855295e-03,-1.32212615e-02) (-1.31788021e-02,-7.09551072e-03) (9.17402127e-13,6.13863943e-14)
-2.31462926e+00 (7.24934702e-03,-1.33843855e-02) (-1.33760744e-02,-7.20234003e-03) (7.43193864e-13,-4.65321591e-13)
-2.29458918e+00 (7.34088775e-03,-1.35485650e-02) (-1.35757738e-02,-7.31052142e-03) (5.60064349e-13,-9.86567081e-13)
-2.27454910e+00 (7.43314921e-03,-1.37137327e-02) (-1.37779156e-02,-7.42006576e-03) (-2.30528274e-13,-1.02514498e-12)
-2.25450902e+00 (7.52610325e-03,-1.38798163e-02) (-1.39825138e-02,-7.53098356e-03) (-3.96062052e-13,-6.19222725e-13)
-2.23446894e+00 (7.61971932e-03,-1.40467377e-02) (-1.41895815e-02,-7.64328486e-03) (-4.45337637e-13,-3.74068690e-13)
-2.21442886e+00 (7.71396439e-03,-1.42144131e-02) (-1.43991305e-02,-7.75697924e-03) (-1.83100144e-13,-1.46780884e-13)
-2.19438878e+00 (7.80880279e-03,-1.43827526e-02) (-1.46111713e-02,-7.87207579e-03) (3.09405112e-14,-5.06934443e-13)
-2.17434870e+00 (7.90419609e-03,-1.45516595e-02) (-1.48257131e-02,-7.98858301e-03) (-5.22778037e-13,-7.36283659e-13)
-2.15430862e+00 (8.00010292e-03,-1.47210307e-02) (-1.50427636e-02,-8.10650886e-03) (-9.34738874e-13,-2.35077027e-13)
-2.13426854e+00 (8.09647885e-03,-1.48907555e-02) (-1.52623289e-02,-8.22586061e-03) (-7.44023285e-13,2.78597894e-13)
-2.11422846e+00 (8.19327621e-03,-1.50607158e-02) (-1.54844133e-02,-8.34664490e-03) (-4.92707397e-13,3.43581501e-13)
-2.09418838e+00 (8.29044398e-03,-1.52307856e-02) (-1.57090194e-02,-8.46886760e-03) (-2.90478641e-13,6.39148367e-13)
-2.07414830e+00 (8.38792752e-03,-1.54008303e-02) (-1.59361480e-02,-8.59253382e-03) (3.41393251e-13,3.47389944e-13)
-2.05410822e+00 (8.48566852e-03,-1.55707067e-02) (-1.61657976e-02,-8.71764782e-03) (3.35653947e-14,-6.86586306e-14)
-2.03406814e+00 (8.58360470e-03,-1.57402622e-02) (-1.63979645e-02,-8.84421297e-03) (1.38767287e-13,7.24610576e-14)
-2.01402806e+00 (8.68166973e-03,-1.59093346e-02) (-1.66326430e-02,-8.97223169e-03) (-4.48827437e-14,-4.89877681e-13)
-1.99398798e+00 (8.77979294e-03,-1.60777514e-02) (-1.68698246e-02,-9.10170538e-03) (-8.67016227e-13,-5.12559475e-14)
-1.97394790e+00 (8.87789919e-03,-1.62453295e-02) (-1.71094982e-02,-9.23263436e-03) (-4.60768539e-13,6.73963026e-13)
-1.95390782e+00 (8.97590864e-03,-1.64118745e-02) (-1.73516500e-02,-9.36501782e-03) (-2.70669813e-13,6.61571349e-13)
-1.93386774e+00 (9.07373654e-03,-1.65771804e-02) (-1.75962632e-02,-9.49885370e-03) (2.13955930e-13,1.08141364e-12)
-1.91382766e+00 (9.17129301e-03,-1.67410289e-02) (-1.78433178e-02,-9.63413866e-03) (8.73153583e-13,5.05629313e-13)
-1.89378758e+00 (9.26848282e-03,-1.69031886e-02) (-1.80927907e-02,-9.77086800e-03) (5.32406921e-13,1.05925104e-13)
-1.87374749e+00 (9.36520518e-03,-1.70634149e-02) (-1.83446549e-02,-9.90903555e-03) (7.25681046e-13,5.34276500e-13)
-1.85370741e+00 (9.46135349e-03,-1.72214492e-02) (-1.85988799e-02,-1.00486336e-02) (1.48456750e-12,-1.30735539e-13)
-1.83366733e+00 (9.55681511e-03,-1.73770179e-02) (-1.88554313e-02,-1.01896528e-02) (9.69167804e-13,-8.13068819e-13)
-1.81362725e+00 (9.65147115e-03,-1.75298323e-02) (-1.91142705e-02,-1.03320822e-02) (7.98434787e-13,-1.00288797e-12)
-1.79358717e+00 (9.74519616e-03,-1.76795876e-02) (-1.93753542e-02,-1.04759089e-02) (1.91157679e-13,-1.41759153e-12)
-1.77354709e+00 (9.83785797e-03,-1.78259625e-02) (-1.96386350e-02,-1.06211181e-02) (-5.56866387e-13,-1.18633697e-12)
-1.75350701e+00 (9.92931740e-03,-1.79686182e-02) (-1.99040601e-02,-1.07676931e-02) (-8.16364577e-13,-6.01534477e-13)
-1.73346693e+00 (1.00194280e-02,-1.81071977e-02) (-2.01715719e-02,-1.09156149e-02) (-6.94354968e-13,-2.74714723e-13)
-1.71342685e+00 (1.01080359e-02,-1.82413253e-02) (-2.04411073e-02,-1.10648625e-02) (-3.86796987e-13,-6.67311993e-14)
-1.69338677e+00 (1.01949795e-02,-1.83706057e-02) (-2.07125972e-02,-1.12154124e-02) (-1.55608558e-13,-4.16953470e-13)
-1.67334669e+00 (1.02800890e-02,-1.84946235e-02) (-2.09859669e-02,-1.13672386e-02) (-4.11849715e-13,-5.99154369e-13)
-1.65330661e+00 (1.03631868e-02,-1.86129417e-02) (-2.12611352e-02,-1.15203128e-02) (-8.35223418e-13,-5.87215521e-13)
-1.63326653e+00 (1.04440866e-02,-1.87251019e-02) (-2.15380141e-02,-1.16746037e-02) (-1.10669506e-12,1.74731428e-13)
-1.61322645e+00 (1.05225936e-02,-1.88306227e-02) (-2.18165089e-02,-1.18300773e-02) (-3.65498144e-13,4.80812689e-13)
-1.59318637e+00 (1.05985041e-02,-1.89289995e-02) (-2.20965175e-02,-1.19866966e-02) (-4.69686520e-13,-4.05233238e-14)
-1.57314629e+00 (1.06716053e-02,-1.90197032e-02) (-2.23779301e-02,-1.21444217e-02) (-9.03029606e-13,5.54820130e-13)
-1.55310621e+00 (1.07416754e-02,-1.91021797e-02) (-2.26606290e-02,-1.23032092e-02) (-2.79827029e-13,9.02971078e-13)
-1.53306613e+00 (1.08084830e-02,-1.91758489e-02) (-2.29444878e-02,-1.24630125e-02) (-2.28100817e-13,8.34985891e-13)
-1.51302605e+00 (1.08717875e-02,-1.92401041e-02) (-2.32293716e-02,-1.26237814e-02) (4.01454071e-13,1.38555241e-12)
-1.49298597e+00 (1.09313385e-02,-1.92943110e-02) (-2.35151362e-02,-1.27854623e-02) (1.71677983e-12,5.93700104e-13)
-1.47294589e+00 (1.09868759e-02,-1.93378069e-02) (-2.38016277e-02,-1.29479975e-02) (1.48672355e-12,-9.79126522e-13)
-1.45290581e+00 (1.10381302e-02,-1.93699000e-02) (-2.40886823e-02,-1.31113255e-02) (6.43356348e-13,-1.33657609e-12)
-1.43286573e+00 (1.10848218e-02,-1.93898685e-02) (-2.43761257e-02,-1.32753809e-02) (4.88612122e-13,-1.46555247e-12)
-1.41282565e+00 (1.11266617e-02,-1.93969599e-02) (-2.46637726e-02,-1.34400938e-02) (2.58123579e-13,-1.92921903e-12)
-1.39278557e+00 (1.11633513e-02,-1.93903902e-02) (-2.49514264e-02,-1.36053901e-02) (-3.54821132e-14,-1.97288993e-12)
-1.37274549e+00 (1.11945827e-02,-1.93693431e-02) (-2.52388784e-02,-1.37711912e-02) (6.36185401e-13,-2.14373755e-12)
-1.35270541e+00 (1.12200387e-02,-1.93329692e-02) (-2.55259079e-02,-1.39374138e-02) (1.62828385e-12,-3.24677291e-12)
-1.33266533e+00 (1.12393932e-02,-1.92803855e-02) (-2.58122811e-02,-1.41039699e-02) (2.98862606e-12,-5.16381922e-12)
-1.31262525e+00 (1.12523116e-02,-1.92106746e-02) (-2.60977510e-02,-1.42707665e-02) (4.75934787e-12,-8.32784514e-12)
-1.29258517e+00 (1.12584515e-02,-1.91228836e-02) (-2.63820566e-02,-1.44377058e-02) (7.08469785e-12,-1.33662140e-11)
-1.27254509e+00 (1.12574628e-02,-1.90160241e-02) (-2.66649227e-02,-1.46046845e-02) (9.77235396e-12,-2.04374844e-11)
-1.25250501e+00 (1.12489887e-02,-1.88890711e-02) (-2.69460589e-02,-1.47715945e-02) (1.45892212e-11,-3.02079653e-11)
-1.23246493e+00 (1.12326665e-02,-1.87409622e-02) (-2.72251596e-02,-1.49383219e-02) (2.27412924e-11,-4.55427819e-11)
-1.21242485e+00 (1.12081285e-02,-1.85705973e-02) (-2.75019031e-02,-1.51047477e-02) (3.51201392e-11,-6.95836607e-11)
-1.19238477e+00 (1.11750031e-02,-1.83768377e-02) (-2.77759509e-02,-1.52707473e-02) (5.34030076e-11,-1.06397704e-10)
-1.17234469e+00 (1.11329165e-02,-1.81585054e-02) (-2.80469476e-02,-1.54361907e-02) (8.11458756e-11,-1.62113230e-10)
-1.15230461e+00 (1.10814935e-02,-1.79143825e-02) (-2.83145198e-02,-1.56009420e-02) (1.23580520e-10,-2.47217300e-10)
-1.13226453e+00 (1.10203601e-02,-1.76432102e-02) (-2.85782760e-02,-1.57648602e-02) (1.87931792e-10,-3.76857559e-10)
-1.11222445e+00 (1.09491446e-02,-1.73436882e-02) (-2.88378054e-02,-1.59277984e-02) (2.86472381e-10,-5.74464818e-10)
-1.09218437e+00 (1.08674808e-02,-1.70144736e-02) (-2.90926779e-02,-1.60896044e-02) (4.36813912e-10,-8.76362383e-10)
-1.07214429e+00 (1.07750094e-02,-1.66541799e-02) (-2.93424431e-02,-1.62501205e-02) (6.66519521e-10,-1.33754229e-09)
-1.05210421e+00 (1.06713817e-02,-1.62613756e-02) (-2.95866296e-02,-1.64091838e-02) (1.01702455e-09,-2.04285098e-09)
-1.03206413e+00 (1.05562618e-02,-1.58345825e-02) (-2.98247444e-02,-1.65666264e-02) (1.55188646e-09,-3.12138956e-09)
-1.01202405e+00 (1.04293304e-02,-1.53722736e-02) (-3.00562725e-02,-1.67222754e-02) (2.36832570e-09,-4.77134345e-09)
-9.91983968e-01 (1.02902878e-02,-1.48728695e-02) (-3.02806756e-02,-1.68759532e-02) (3.61567616e-09,-7.29637003e-09)
-9.71943888e-01 (1.01388584e-02,-1.43347342e-02) (-3.04973917e-02,-1.70274783e-02) (5.52267757e-09,-1.11635609e-08)
-9.51903808e-01 (9.97479507e-03,-1.37561689e-02) (-3.07058340e-02,-1.71766649e-02) (8.43946142e-09,-1.70909984e-08)
-9.31863727e-01 (9.79788571e-03,-1.31354032e-02) (-3.09053903e-02,-1.73233239e-02) (1.29017408e-08,-2.61834471e-08)
-9.11823647e-01 (9.60796119e-03,-1.24705830e-02) (-3.10954211e-02,-1.74672635e-02) (1.97311852e-08,-4.01411957e-08)
-8.91783567e-01 (9.40490738e-03,-1.17597555e-02) (-3.12752592e-02,-1.76082895e-02) (3.01888832e-08,-6.15862385e-08)
-8.71743487e-01 (9.18868245e-03,-1.10008490e-02) (-3.14442075e-02,-1.77462066e-02) (4.62105954e-08,-9.45662761e-08)
-8.51703407e-01 (8.95934208e-03,-1.01916491e-02) (-3.16015369e-02,-1.78808196e-02) (7.07701722e-08,-1.45339487e-07)
-8.31663327e-01 (8.71707580e-03,-9.32977162e-03) (-3.17464848e-02,-1.80119346e-02) (1.08437923e-07,-2.23597700e-07)
-8.11623246e-01 (8.46225803e-03,-8.41263348e-03) (-3.18782516e-02,-1.81393621e-02) (1.66240046e-07,-3.44376619e-07)
-7.91583166e-01 (8.19551768e-03,-7.43742639e-03) (-3.19959978e-02,-1.82629194e-02) (2.54980892e-07,-5.31046086e-07)
-7.71543086e-01 (7.91782980e-03,-6.40109751e-03) (-3.20988406e-02,-1.83824356e-02) (3.91277483e-07,-8.19997224e-07)
-7.51503006e-01 (7.63063164e-03,-5.30034539e-03) (-3.21858500e-02,-1.84977569e-02) (6.00711313e-07,-1.26799807e-06)
-7.31462926e-01 (7.33596366e-03,-4.13164094e-03) (-3.22560452e-02,-1.86087549e-02) (9.22774253e-07,-1.96378629e-06)
-7.11422846e-01 (7.03663279e-03,-2.89128473e-03) (-3.23083917e-02,-1.87153365e-02) (1.41876136e-06,-3.04650484e-06)
-6.91382766e-01 (6.73639096e-03,-1.57551371e-03) (-3.23417988e-02,-1.88174566e-02) (2.18454397e-06,-4.73552465e-06)
-6.71342685e-01 (6.44011700e-03,-1.80669117e-04) (-3.23551203e-02,-1.89151333e-02) (3.37115282e-06,-7.37991054e-06)
-6.51302605e-01 (6.15398422e-03,1.29656403e-03) (-3.23471573e-02,-1.90084661e-02) (5.21664534e-06,-1.15427176e-05)
-6.31262525e-01 (5.88559061e-03,2.85884066e-03) (-3.23166651e-02,-1.90976563e-02) (8.09077132e-06,-1.81473070e-05)
-6.11222445e-01 (5.64402430e-03,4.50776385e-03) (-3.22623660e-02,-1.91830287e-02) (1.25451371e-05,-2.87312387e-05)
-5.91182365e-01 (5.43983480e-03,6.24342787e-03) (-3.21829679e-02,-1.92650542e-02) (1.93388693e-05,-4.58766290e-05)
-5.71142285e-01 (5.28488139e-03,8.06391704e-03) (-3.20771902e-02,-1.93443705e-02) (2.93650634e-05,-7.39068246e-05)
-5.51102204e-01 (5.19203512e-03,9.96479163e-03) (-3.19437976e-02,-1.94218002e-02) (4.33325141e-05,-1.19942098e-04)
-5.31062124e-01 (5.17471989e-03,1.19386015e-02) (-3.17816413e-02,-1.94983627e-02) (6.09691035e-05,-1.95369585e-04)
-5.11022044e-01 (5.24629082e-03,1.39744742e-02) (-3.15897068e-02,-1.95752788e-02) (7.94378718e-05,-3.17686780e-04)
-4.90981964e-01 (5.41926371e-03,1.60578254e-02) (-3.13671679e-02,-1.96539641e-02) (9.06458188e-05,-5.12529718e-04)
-4.70941884e-01 (5.70442579e-03,1.81702360e-02) (-3.11134427e-02,-1.97360105e-02) (7.72338265e-05,-8.15549576e-04)
-4.50901804e-01 (6.10987248e-03,2.02895283e-02) (-3.08282511e-02,-1.98231535e-02) (7.28303118e-06,-1.27376222e-03)
-4.30861723e-01 (6.64002672e-03,2.23900605e-02) (-3.05116691e-02,-1.99172252e-02) (-1.71903674e-04,-1.94619971e-03)
-4.10821643e-01 (7.29470308e-03,2.44432390e-02) (-3.01641771e-02,-2.00200922e-02) (-5.40350305e-04,-2.90423897e-03)
-3.90781563e-01 (8.06827930e-03,2.64182295e-02) (-2.97866993e-02,-2.01335811e-02) (-1.21176838e-03,-4.23285227e-03)
-3.70741483e-01 (8.94903382e-03,2.82828351e-02) (-2.93806305e-02,-2.02593919e-02) (-2.33977931e-03,-6.03504721e-03)
-3.50701403e-01 (9.91870289e-03,3.00045030e-02) (-2.89478497e-02,-2.03990033e-02) (-4.12511053e-03,-8.44267775e-03)
-3.30661323e-01 (1.09523122e-02,3.15514259e-02) (-2.84907173e-02,-2.05535738e-02) (-6.82618933e-03,-1.16374136e-02)
-3.10621242e-01 (1.20183537e-02,3.28937203e-02) (-2.80120559e-02,-2.07238415e-02) (-1.07766852e-02,-1.58859925e-02)
-2.90581162e-01 (1.30794182e-02,3.40046841e-02) (-2.75151120e-02,-2.09100300e-02) (-1.64140392e-02,-2.15942834e-02)
-2.70541082e-01 (1.40934630e-02,3.48621514e-02) (-2.70035001e-02,-2.11117681e-02) (-2.43225474e-02,-2.93856052e-02)
-2.50501002e-01 (1.50159769e-02,3.54499511e-02) (-2.64811244e-02,-2.13280325e-02) (-3.52929538e-02,-4.02102513e-02)
-2.30460922e-01 (1.58033824e-02,3.57594264e-02) (-2.59520787e-02,-2.15571317e-02) (-5.03974303e-02,-5.54941249e-02)
-2.10420842e-01 (1.64180046e-02,3.57908700e-02) (-2.54205241e-02,-2.17967501e-02) (-7.10733900e-02,-7.73309705e-02)
-1.90380762e-01 (1.68347586e-02,3.55546039e-02) (-2.48905459e-02,-2.20440786e-02) (-9.91997060e-02,-1.08705832e-01)
-1.70340681e-01 (1.70492387e-02,3.50713315e-02) (-2.43659988e-02,-2.22960575e-02) (-1.37130126e-01,-1.53689471e-01)
-1.50300601e-01 (1.70860539e-02,3.43714269e-02) (-2.38503541e-02,-2.25497474e-02) (-1.87611975e-01,-2.17439158e-01)
-1.30260521e-01 (1.70051047e-02,3.34931095e-02) (-2.33465657e-02,-2.28028183e-02) (-2.53450423e-01,-3.05668434e-01)
-1.10220441e-01 (1.69023800e-02,3.24800334e-02) (-2.28569713e-02,-2.30541072e-02) (-3.36681840e-01,-4.23074605e-01)
-9.01803607e-02 (1.69015370e-02,3.13795149e-02) (-2.23832300e-02,-2.33041313e-02) (-4.36978390e-01,-5.70290713e-01)
-7.01402806e-02 (1.71341026e-02,3.02428966e-02) (-2.19262763e-02,-2.35553953e-02) (-5.49273433e-01,-7.39698244e-01)
-5.01002004e-02 (1.77103583e-02,2.91286008e-02) (-2.14862463e-02,-2.38123171e-02) (-6.61490076e-01,-9.12101488e-01)
-3.00601202e-02 (1.86889595e-02,2.81059342e-02) (-2.10623418e-02,-2.40806724e-02) (-7.54536676e-01,-1.05785617e+00)
-1.00200401e-02 (2.00576627e-02,2.72548512e-02) (-2.06526435e-02,-2.43666189e-02) (-8.06889517e-01,-1.14511483e+00)
1.00200401e-02 (2.17355900e-02,2.66565684e-02) (-2.02539815e-02,-2.46755690e-02) (-8.03312603e-01,-1.15288064e+00)
3.00601202e-02 (2.35978345e-02,2.63743752e-02) (-1.98620278e-02,-2.50112817e-02) (-7.42793581e-01,-1.08095526e+00)
5.01002004e-02 (2.55112726e-02,2.64313298e-02) (-1.94717355e-02,-2.53754647e-02) (-6.39657648e-01,-9.49460681e-01)
7.01402806e-02 (2.73651329e-02,2.67958538e-02) (-1.90780926e-02,-2.57679287e-02) (-5.16763083e-01,-7.88551333e-01)
9.01803607e-02 (2.90851477e-02,2.73832029e-02) (-1.86769887e-02,-2.61870959e-02) (-3.95870143e-01,-6.26095459e-01)
1.10220441e-01 (3.06309021e-02,2.80724768e-02) (-1.82659254e-02,-2.66305744e-02) (-2.91240247e-01,-4.80462826e-01)
1.30260521e-01 (3.19838555e-02,2.87316290e-02) (-1.78443782e-02,-2.70955876e-02) (-2.08532812e-01,-3.59788272e-01)
1.50300601e-01 (3.31346007e-02,2.92411608e-02) (-1.74137649e-02,-2.75791937e-02) (-1.47189436e-01,-2.64899962e-01)
1.70340681e-01 (3.40744054e-02,2.95102254e-02) (-1.69771053e-02,-2.80783373e-02) (-1.03589547e-01,-1.92804249e-01)
1.90380762e-01 (3.47919659e-02,2.94834092e-02) (-1.65385117e-02,-2.85898174e-02) (-7.33839111e-02,-1.39204940e-01)
2.10420842e-01 (3.52739037e-02,2.91398156e-02) (-1.61026475e-02,-2.91102433e-02) (-5.26973184e-02,-9.98745688e-02)
2.30460922e-01 (3.55069976e-02,2.84874300e-02) (-1.56742447e-02,-2.96360173e-02) (-3.85199112e-02,-7.12218184e-02)
2.50501002e-01 (3.54806405e-02,2.75555859e-02) (-1.52577297e-02,-3.01633566e-02) (-2.86869692e-02,-5.04220775e-02)
2.70541082e-01 (3.51887432e-02,2.63874929e-02) (-1.48569648e-02,-3.06883489e-02) (-2.17146298e-02,-3.53526425e-02)
2.90581162e-01 (3.46308686e-02,2.50338634e-02) (-1.44750946e-02,-3.12070308e-02) (-1.66206241e-02,-2.44613628e-02)
3.10621242e-01 (3.38126784e-02,2.35479673e-02) (-1.41144774e-02,-3.17154769e-02) (-1.27746721e-02,-1.66288353e-02)
3.30661323e-01 (3.27458596e-02,2.19820332e-02) (-1.37766780e-02,-3.22098918e-02) (-9.78507671e-03,-1.10486939e-02)
3.50701403e-01 (3.14476821e-02,2.03847444e-02) (-1.34625053e-02,-3.26866968e-02) (-7.41571139e-03,-7.13364977e-03)
3.70741483e-01 (2.99402890e-02,1.87995603e-02) (-1.31720803e-02,-3.31426086e-02) (-5.52620796e-03,-4.44726356e-03)
3.90781563e-01 (2.82497846e-02,1.72636468e-02) (-1.29049231e-02,-3.35747054e-02) (-4.02999303e-03,-2.65792661e-03)
4.10821643e-01 (2.64051694e-02,1.58072751e-02) (-1.26600523e-02,-3.39804780e-02) (-2.86661615e-03,-1.50995956e-03)
4.30861723e-01 (2.44371790e-02,1.44536025e-02) (-1.24360901e-02,-3.43578647e-02) (-1.98562012e-03,-8.06320096e-04)
4.50901804e-01 (2.23770890e-02,1.32187846e-02) (-1.22313683e-02,-3.47052680e-02) (-1.33921718e-03,-3.97940640e-04)
4.70941884e-01 (2.02555614e-02,1.21123767e-02) (-1.20440300e-02,-3.50215539e-02) (-8.80840758e-04,-1.75966204e-04)
4.90981964e-01 (1.81016037e-02,1.11379807e-02) (-1.18721235e-02,-3.53060342e-02) (-5.66738196e-04,-6.47309482e-05)
5.11022044e-01 (1.59417028e-02,1.02940824e-02) (-1.17136851e-02,-3.55584351e-02) (-3.58324396e-04,-1.47312823e-05)
5.31062124e-01 (1.37991798e-02,9.57501457e-03) (-1.15668080e-02,-3.57788542e-02) (-2.23881803e-04,4.21515333e-06)
5.51102204e-01 (1.16937864e-02,8.97197500e-03) (-1.14296967e-02,-3.59677094e-02) (-1.39072629e-04,9.07949104e-06)
5.71142285e-01 (9.64154409e-03,8.47403199e-03) (-1.13007054e-02,-3.61256840e-02) (-8.63750682e-05,8.54017300e-06)
5.91182365e-01 (7.65480250e-03,8.06905580e-03) (-1.11783627e-02,-3.62536710e-02) (-5.38678257e-05,6.53837172e-06)
6.11222445e-01 (5.74248103e-03,7.74452881e-03) (-1.10613827e-02,-3.63527202e-02) (-3.38159723e-05,4.58284193e-06)
6.31262525e-01 (3.91044433e-03,7.48820359e-03) (-1.09486652e-02,-3.64239891e-02) (-2.13803786e-05,3.08502846e-06)
6.51302605e-01 (2.16196110e-03,7.28859532e-03) (-1.08392876e-02,-3.64687013e-02) (-1.36044237e-05,2.04356733e-06)
6.71342685e-01 (4.98197019e-04,7.13531103e-03) (-1.07324904e-02,-3.64881114e-02) (-8.70009492e-06,1.34810022e-06)
6.91382766e-01 (-1.08129992e-03,7.01923105e-03) (-1.06276592e-02,-3.64834775e-02) (-5.58414672e-06,8.89681547e-07)
7.11422846e-01 (-2.57815375e-03,6.93256672e-03) (-1.05243048e-02,-3.64560408e-02) (-3.59361484e-06,5.87726748e-07)
7.31462926e-01 (-3.99477538e-03,6.86882312e-03) (-1.04220440e-02,-3.64070112e-02) (-2.31723549e-06,3.88291330e-07)
7.51503006e-01 (-5.33404859e-03,6.82269593e-03) (-1.03205802e-02,-3.63375585e-02) (-1.49666446e-06,2.56318072e-07)
7.71543086e-01 (-6.59908871e-03,6.78992920e-03) (-1.02196875e-02,-3.62488070e-02) (-9.68097854e-07,1.68983398e-07)
7.91583166e-01 (-7.79306901e-03,6.76715665e-03) (-1.01191955e-02,-3.61418340e-02) (-6.27059170e-07,1.11263021e-07)
8.11623246e-01 (-8.91910539e-03,6.75174326e-03) (-1.00189782e-02,-3.60176699e-02) (-4.06678748e-07,7.31818354e-08)
8.31663327e-01 (-9.98018809e-03,6.74163910e-03) (-9.91894343e-03,-3.58772994e-02) (-2.64061635e-07,4.80982599e-08)
8.51703407e-01 (-1.09791485e-02,6.73525182e-03) (-9.81902578e-03,-3.57216643e-02) (-1.71643007e-07,3.15964283e-08)
8.71743487e-01 (-1.19186505e-02,6.73134082e-03) (-9.71918045e-03,-3.55516653e-02) (-1.11679107e-07,2.07494929e-08)
8.91783567e-01 (-1.28011970e-02,6.72893282e-03) (-9.61937880e-03,-3.53681652e-02) (-7.27285273e-08,1.36235531e-08)
9.11823647e-01 (-1.36291452e-02,6.72725680e-03) (-9.51960489e-03,-3.51719906e-02) (-4.74014112e-08,8.94380731e-09)
9.31863727e-01 (-1.44047244e-02,6.72569554e-03) (-9.41985295e-03,-3.49639341e-02) (-3.09173378e-08,5.87123652e-09)
9.51903808e-01 (-1.51300547e-02,6.72375014e-03) (-9.32012535e-03,-3.47447563e-02) (-2.01795474e-08,3.85417929e-09)
9.71943888e-01 (-1.58071626e-02,6.72101466e-03) (-9.22043110e-03,-3.45151870e-02) (-1.31794176e-08,2.53014570e-09)
9.91983968e-01 (-1.64379951e-02,6.71715801e-03) (-9.12078463e-03,-3.42759266e-02) (-8.61262957e-09,1.66105182e-09)
1.01202405e+00 (-1.70244299e-02,6.71191086e-03) (-9.02120477e-03,-3.40276472e-02) (-5.63133510e-09,1.09057311e-09)
1.03206413e+00 (-1.75682833e-02,6.70505607e-03) (-8.92171393e-03,-3.37709936e-02) (-3.68388490e-09,7.16090676e-10)
1.05210421e+00 (-1.80713161e-02,6.69642130e-03) (-8.82233737e-03,-3.35065839e-02) (-2.41104022e-09,4.70249576e-10)
1.07214429e+00 (-1.85352371e-02,6.68587305e-03) (-8.72310263e-03,-3.32350107e-02) (-1.57867440e-09,3.08844677e-10)
1.09218437e+00 (-1.89617061e-02,6.67331176e-03) (-8.62403894e-03,-3.29568414e-02) (-1.03408818e-09,2.02864554e-10)
1.11222445e+00 (-1.93523354e-02,6.65866738e-03) (-8.52517675e-03,-3.26726194e-02) (-6.77622609e-10,1.33268694e-10)
1.13226453e+00 (-1.97086914e-02,6.64189561e-03) (-8.42654740e-03,-3.23828643e-02) (-4.44194027e-10,8.75603470e-11)
1.15230461e+00 (-2.00322948e-02,6.62297443e-03) (-8.32818266e-03,-3.20880730e-02) (-2.91274287e-10,5.75366994e-11)
1.17234469e+00 (-2.03246218e-02,6.60190098e-03) (-8.23011449e-03,-3.17887201e-02) (-1.91058992e-10,3.78128605e-11)
1.19238477e+00 (-2.05871044e-02,6.57868882e-03) (-8.13237477e-03,-3.14852586e-02) (-1.25360332e-10,2.48537282e-11)
1.21242485e+00 (-2.08211308e-02,6.55336543e-03) (-8.03499506e-03,-3.11781206e-02) (-8.22757460e-11,1.63381080e-11)
1.23246493e+00 (-2.10280460e-02,6.52597003e-03) (-7.93800642e-03,-3.08677180e-02) (-5.40127478e-11,1.07415533e-11)
1.25250501e+00 (-2.12091520e-02,6.49655165e-03) (-7.84143924e-03,-3.05544431e-02) (-3.54672597e-11,7.06293763e-12)
1.27254509e+00 (-2.13657087e-02,6.46516742e-03) (-7.74532312e-03,-3.02386690e-02) (-2.32947805e-11,4.64471253e-12)
1.29258517e+00 (-2.14989339e-02,6.43188111e-03) (-7.64968678e-03,-2.99207507e-02) (-1.53032335e-11,3.05481052e-12)
1.31262525e+00 (-2.16100042e-02,6.39676177e-03) (-7.55455791e-03,-2.96010253e-02) (-1.00552991e-11,2.00938476e-12)
1.33266533e+00 (-2.17000556e-02,6.35988266e-03) (-7.45996318e-03,-2.92798127e-02) (-6.60832131e-12,1.32187483e-12)
1.35270541e+00 (-2.17701836e-02,6.32132024e-03) (-7.36592812e-03,-2.89574165e-02) (-4.34381519e-12,8.69657886e-13)
1.37274549e+00 (-2.18214444e-02,6.28115327e-03) (-7.27247713e-03,-2.86341239e-02) (-2.85571860e-12,5.72231272e-13)
1.39278557e+00 (-2.18548553e-02,6.23946211e-03) (-7.17963340e-03,-2.83102073e-02) (-1.87765561e-12,3.76589804e-13)
1.41282565e+00 (-2.18713953e-02,6.19632806e-03) (-7.08741893e-03,-2.79859238e-02) (-1.23484759e-12,2.47810924e-13)
1.43286573e+00 (-2.18720062e-02,6.15183276e-03) (-6.99585453e-03,-2.76615166e-02) (-8.12199967e-13,1.63106417e-13)
1.45290581e+00 (-2.18575930e-02,6.10605774e-03) (-6.90495977e-03,-2.73372150e-02) (-5.34265454e-13,1.07377574e-13)
1.47294589e+00 (-2.18290247e-02,6.05908400e-03) (-6.81475302e-03,-2.70132353e-02) (-3.51526239e-13,7.06817644e-14)
1.49298597e+00 (-2.17871355e-02,6.01099163e-03) (-6.72525146e-03,-2.66897810e-02) (-2.31338882e-13,4.65321178e-14)
1.51302605e+00 (-2.17327252e-02,5.96185952e-03) (-6.63647110e-03,-2.63670437e-02) (-1.52266520e-13,3.06251051e-14)
1.53306613e+00 (-2.16665602e-02,5.91176509e-03) (-6.54842677e-03,-2.60452032e-02) (-1.00159315e-13,2.02007645e-14)
1.55310621e+00 (-2.15893747e-02,5.86078407e-03) (-6.46113218e-03,-2.57244283e-02) (-6.59671734e-14,1.32866211e-14)
1.57314629e+00 (-2.15018711e-02,5.80899038e-03) (-6.37459991e-03,-2.54048770e-02) (-4.34719485e-14,8.72926060e-15)
1.59318637e+00 (-2.14047212e-02,5.75645587e-03) (-6.28884148e-03,-2.50866974e-02) (-2.85625154e-14,5.77330088e-15)
1.61322645e+00 (-2.12985669e-02,5.70325033e-03) (-6.20386735e-03,-2.47700276e-02) (-1.87835739e-14,3.78793058e-15)
1.63326653e+00 (-2.11840215e-02,5.64944131e-03) (-6.11968696e-03,-2.44549964e-02) (-1.23191858e-14,2.50377544e-15)
1.65330661e+00 (-2.10616701e-02,5.59509409e-03) (-6.03630877e-03,-2.41417240e-02) (-8.09618576e-15,1.66292737e-15)
1.67334669e+00 (-2.09320708e-02,5.54027161e-03) (-5.95374028e-03,-2.38303217e-02) (-5.42542714e-15,1.05297008e-15)
1.69338677e+00 (-2.07957559e-02,5.48503448e-03) (-5.87198809e-03,-2.35208930e-02) (-3.54226269e-15,7.14928944e-16)
1.71342685e+00 (-2.06532320e-02,5.42944092e-03) (-5.79105790e-03,-2.32135337e-02) (-2.29106644e-15,4.84897629e-16)
1.73346693e+00 (-2.05049816e-02,5.37354679e-03) (-5.71095457e-03,-2.29083322e-02) (-1.53041476e-15,3.09653501e-16)
1.75350701e+00 (-2.03514638e-02,5.31740557e-03) (-5.63168216e-03,-2.26053699e-02) (-1.03797610e-15,1.98721355e-16)
1.77354709e+00 (-2.01931150e-02,5.26106843e-03) (-5.55324395e-03,-2.23047217e-02) (-6.86059736e-16,1.37979795e-16)
1.79358717e+00 (-2.00303499e-02,5.20458420e-03) (-5.47564246e-03,-2.20064559e-02) (-4.54903819e-16,9.66379023e-17)
1.81362725e+00 (-1.98635623e-02,5.14799943e-03) (-5.39887952e-03,-2.17106351e-02) (-3.26515362e-16,5.47579643e-17)
1.83366733e+00 (-1.96931258e-02,5.09135846e-03) (-5.32295630e-03,-2.14173162e-02) (-2.13548125e-16,3.36421322e-17)
1.85370741e+00 (-1.95193949e-02,5.03470342e-03) (-5.24787330e-03,-2.11265504e-02) (-1.02717076e-16,2.62800939e-17)
1.87374749e+00 (-1.93427055e-02,4.97807432e-03) (-5.17363043e-03,-2.08383842e-02) (-2.27371672e-17,3.97613413e-17)
1.89378758e+00 (-1.91633757e-02,4.92150907e-03) (-5.10022701e-03,-2.05528590e-02) (-8.98390821e-17,-1.79903869e-18)
1.91382766e+00 (-1.89817066e-02,4.86504359e-03) (-5.02766182e-03,-2.02700116e-02) (-9.04661537e-17,-6.15027455e-18)
1.93386774e+00 (-1.87979833e-02,4.80871180e-03) (-4.95593313e-03,-1.99898745e-02) (-1.27188705e-17,1.64062300e-17)
1.95390782e+00 (-1.86124749e-02,4.75254574e-03) (-4.88503871e-03,-1.97124762e-02) (1.32591622e-18,4.65852804e-18)
1.97394790e+00 (-1.84254360e-02,4.69657562e-03) (-4.81497586e-03,-1.94378412e-02) (1.06743246e-18,4.28248570e-19)
1.99398798e+00 (-1.82371065e-02,4.64082984e-03) (-4.74574147e-03,-1.91659903e-02) (2.40703011e-19,-1.37285792e-19)
2.01402806e+00 (-1.80477132e-02,4.58533514e-03) (-4.67733201e-03,-1.88969410e-02) (1.05298810e-20,-6.66351812e-20)
2.03406814e+00 (-1.78574696e-02,4.53011657e-03) (-4.60974356e-03,-1.86307074e-02) (-1.11278643e-20,-1.22220456e-20)
2.05410822e+00 (-1.76665769e-02,4.47519762e-03) (-4.54297184e-03,-1.83673006e-02) (-4.05102747e-21,2.65130663e-22)
2.07414830e+00 (-1.74752244e-02,4.42060024e-03) (-4.47701225e-03,-1.81067288e-02) (-5.71121423e-22,8.19792837e-22)
2.09418838e+00 (-1.72835903e-02,4.36634494e-03) (-4.41185985e-03,-1.78489974e-02) (6.83430007e-23,2.29623024e-22)
2.11422846e+00 (-1.70918419e-02,4.31245081e-03) (-4.34750943e-03,-1.75941093e-02) (5.53457610e-23,2.03092995e-23)
2.13426854e+00 (-1.69001363e-02,4.25893563e-03) (-4.28395550e-03,-1.73420650e-02) (8.41010078e-24,-4.70807206e-24)
2.15430862e+00 (-1.67086210e-02,4.20581587e-03) (-4.22119230e-03,-1.70928628e-02) (-3.65136920e-24,-1.24364367e-24)
2.17434870e+00 (-1.65174341e-02,4.15310679e-03) (-4.15921386e-03,-1.68464987e-02) (-2.10394149e-24,3.31210645e-24)
2.19438878e+00 (-1.63267050e-02,4.10082249e-03) (-4.09801398e-03,-1.66029669e-02) (8.85822990e-25,4.57038709e-24)
2.21442886e+00 (-1.61365547e-02,4.04897595e-03) (-4.03758626e-03,-1.63622597e-02) (2.17618405e-24,2.86320112e-24)
2.23446894e+00 (-1.59470962e-02,3.99757908e-03) (-3.97792412e-03,-1.61243677e-02) (3.56477583e-24,1.03692917e-24)
2.25450902e+00 (-1.57584350e-02,3.94664279e-03) (-3.91902079e-03,-1.58892797e-02) (3.04356525e-24,-4.43571250e-25)
2.27454910e+00 (-1.55706695e-02,3.89617703e-03) (-3.86086938e-03,-1.56569832e-02) (2.00246445e-24,-1.55064845e-24)
2.29458918e+00 (-1.53838912e-02,3.84619084e-03) (-3.80346284e-03,-1.54274643e-02) (8.45558865e-25,-1.99392172e-24)
2.31462926e+00 (-1.51981851e-02,3.79669239e-03) (-3.74679398e-03,-1.52007075e-02) (-5.87253820e-26,-1.81207272e-24)
2.33466934e+00 (-1.50136303e-02,3.74768902e-03) (-3.69085553e-03,-1.49766965e-02) (-8.41044768e-25,-1.23543726e-24)
2.35470942e+00 (-1.48303000e-02,3.69918730e-03) (-3.63564008e-03,-1.47554135e-02) (-1.09096985e-24,-6.24051526e-25)
2.37474950e+00 (-1.46482618e-02,3.65119306e-03) (-3.58114015e-03,-1.45368399e-02) (-1.13355095e-24,9.21006380e-26)
2.39478958e+00 (-1.44675783e-02,3.60371143e-03) (-3.52734818e-03,-1.43209560e-02) (-8.05293986e-25,5.17899036e-25)
2.41482966e+00 (-1.42883071e-02,3.55674689e-03) (-3.47425653e-03,-1.41077414e-02) (-3.56946821e-25,9.12011162e-25)
2.43486974e+00 (-1.41105011e-02,3.51030327e-03) (-3.42185749e-03,-1.38971746e-02) (1.22027736e-25,8.60619354e-25)
2.45490982e+00 (-1.39342090e-02,3.46438384e-03) (-3.37014332e-03,-1.36892335e-02) (6.17804405e-25,7.41305488e-25)
2.47494990e+00 (-1.37594752e-02,3.41899129e-03) (-3.31910623e-03,-1.34838954e-02) (8.17729367e-25,3.09122071e-25)
2.49498998e+00 (-1.35863401e-02,3.37412781e-03) (-3.26873837e-03,-1.32811368e-02) (9.78476599e-25,-9.57421001e-26)
2.51503006e+00 (-1.34148406e-02,3.32979507e-03) (-3.21903189e-03,-1.30809338e-02) (7.39986512e-25,-5.25978707e-25)
2.53507014e+00 (-1.32450100e-02,3.28599430e-03) (-3.16997892e-03,-1.28832618e-02) (4.98491065e-25,-8.30497909e-25)
2.55511022e+00 (-1.30768783e-02,3.24272628e-03) (-3.12157154e-03,-1.26880958e-02) (2.36575398e-26,-9.13763513e-25)
2.57515030e+00 (-1.29104726e-02,3.19999138e-03) (-3.07380187e-03,-1.24954105e-02) (-3.57560266e-25,-8.57645219e-25)
2.59519038e+00 (-1.27458166e-02,3.15778960e-03) (-3.02666198e-03,-1.23051800e-02) (-7.02536023e-25,-5.71305042e-25)
2.61523046e+00 (-1.25829318e-02,3.11612057e-03) (-2.98014398e-03,-1.21173783e-02) (-8.91986951e-25,-1.97163257e-25)
2.63527054e+00 (-1.24218368e-02,3.07498357e-03) (-2.93423997e-03,-1.19319788e-02) (-8.62203765e-25,1.97054164e-25)
2.65531062e+00 (-1.22625478e-02,3.03437759e-03) (-2.88894206e-03,-1.17489551e-02) (-6.97224744e-25,6.06403629e-25)
2.67535070e+00 (-1.21050788e-02,2.99430132e-03) (-2.84424239e-03,-1.15682800e-02) (-3.93168556e-25,7.82561183e-25)
2.69539078e+00 (-1.19494415e-02,2.95475317e-03) (-2.80013312e-03,-1.13899267e-02) (1.16374801e-26,9.42487501e-25)
2.71543086e+00 (-1.17956458e-02,2.91573129e-03) (-2.75660643e-03,-1.12138677e-02) (2.96329969e-25,8.10664514e-25)
2.73547094e+00 (-1.16436995e-02,2.87723360e-03) (-2.71365452e-03,-1.10400759e-02) (6.84740189e-25,6.45011418e-25)
2.75551102e+00 (-1.14936088e-02,2.83925781e-03) (-2.67126964e-03,-1.08685235e-02) (7.32838285e-25,3.93357401e-25)
2.77555110e+00 (-1.13453780e-02,2.80180140e-03) (-2.62944407e-03,-1.06991833e-02) (8.94200034e-25,4.40103506e-26)
2.79559118e+00 (-1.11990102e-02,2.76486170e-03) (-2.58817012e-03,-1.05320274e-02) (7.76035365e-25,-1.12187868e-25)
2.81563126e+00 (-1.10545067e-02,2.72843583e-03) (-2.54744015e-03,-1.03670282e-02) (6.95028715e-25,-4.29686599e-25)
2.83567134e+00 (-1.09118677e-02,2.69252077e-03) (-2.50724657e-03,-1.02041582e-02) (5.64824462e-25,-4.70518786e-25)
2.85571142e+00 (-1.07710920e-02,2.65711335e-03) (-2.46758182e-03,-1.00433897e-02) (3.66048604e-25,-6.47747350e-25)
2.87575150e+00 (-1.06321773e-02,2.62221026e-03) (-2.42843840e-03,-9.88469498e-03) (2.73969280e-25,-6.52627049e-25)
2.89579158e+00 (-1.04951200e-02,2.58780807e-03) (-2.38980885e-03,-9.72804655e-03) (6.40515997e-26,-6.99805925e-25)
2.91583166e+00 (-1.03599158e-02,2.55390325e-03) (-2.35168578e-03,-9.57341687e-03) (-5.38591920e-26,-6.97265409e-25)
2.93587174e+00 (-1.02265593e-02,2.52049215e-03) (-2.31406182e-03,-9.42077850e-03) (-2.09196747e-25,-6.51443320e-25)
2.95591182e+00 (-1.00950441e-02,2.48757104e-03) (-2.27692970e-03,-9.27010409e-03) (-3.51692127e-25,-5.71345522e-25)
2.97595190e+00 (-9.96536320e-03,2.45513611e-03) (-2.24028216e-03,-9.12136637e-03) (-4.41993300e-25,-4.97961360e-25)
2.99599198e+00 (-9.83750870e-03,2.42318346e-03) (-2.20411203e-03,-8.97453821e-03) (-5.24565726e-25,-3.21006321e-25)
3.01603206e+00 (-9.71147209e-03,2.39170916e-03) (-2.16841219e-03,-8.82959257e-03) (-5.65025417e-25,-2.55599590e-25)
3.03607214e+00 (-9.58724419e-03,2.36070919e-03) (-2.13317557e-03,-8.68650256e-03) (-5.33990478e-25,-4.94105311e-26)
3.05611222e+00 (-9.46481524e-03,2.33017950e-03) (-2.09839516e-03,-8.54524144e-03) (-5.52601998e-25,1.01475727e-26)
3.07615230e+00 (-9.34417493e-03,2.30011599e-03) (-2.06406403e-03,-8.40578259e-03) (-4.21905091e-25,1.67598569e-25)
3.09619238e+00 (-9.22531250e-03,2.27051452e-03) (-2.03017529e-03,-8.26809958e-03) (-4.12843827e-25,2.26851335e-25)
3.11623246e+00 (-9.10821670e-03,2.24137093e-03) (-1.99672212e-03,-8.13216611e-03) (-2.27563041e-25,2.92198066e-25)
3.13627255e+00 (-8.99287591e-03,2.21268105e-03) (-1.96369776e-03,-7.99795607e-03) (-2.04853560e-25,3.35265565e-25)
3.15631263e+00 (-8.87927813e-03,2.18444065e-03) (-1.93109551e-03,-7.86544354e-03) (-2.78225105e-26,2.78815746e-25)
3.17635271e+00 (-8.76741103e-03,2.15664554e-03) (-1.89890873e-03,-7.73460273e-03) (2.85744246e-26,3.40066186e-25)
3.19639279e+00 (-8.65726200e-03,2.12929147e-03) (-1.86713087e-03,-7.60540810e-03) (9.87638067e-26,1.82972719e-25)
3.21643287e+00 (-8.54881814e-03,2.10237424e-03) (-1.83575540e-03,-7.47783424e-03) (2.22987827e-25,1.90985512e-25)
3.23647295e+00 (-8.44206637e-03,2.07588960e-03) (-1.80477588e-03,-7.35185598e-03) (1.57875037e-25,9.18842702e-26)
3.25651303e+00 (-8.33699335e-03,2.04983335e-03) (-1.77418593e-03,-7.22744831e-03) (2.60166333e-25,-2.02048205e-26)
3.27655311e+00 (-8.23358562e-03,2.02420126e-03) (-1.74397922e-03,-7.10458643e-03) (2.30348214e-25,-2.08448663e-26)
3.29659319e+00 (-8.13182954e-03,1.99898914e-03) (-1.71414950e-03,-6.98324577e-03) (1.81537303e-25,-1.52391007e-25)
3.31663327e+00 (-8.03171135e-03,1.97419281e-03) (-1.68469057e-03,-6.86340191e-03) (2.06222820e-25,-1.99561485e-25)
3.33667335e+00 (-7.93321721e-03,1.94980811e-03) (-1.65559629e-03,-6.74503068e-03) (1.24066350e-25,-1.95981024e-25)
3.35671343e+00 (-7.83633316e-03,1.92583088e-03) (-1.62686059e-03,-6.62810809e-03) (5.83853498e-26,-2.78536590e-25)
3.37675351e+00 (-7.74104523e-03,1.90225702e-03) (-1.59847745e-03,-6.51261038e-03) (7.35577695e-26,-2.67094800e-25)
3.39679359e+00 (-7.64733936e-03,1.87908242e-03) (-1.57044094e-03,-6.39851397e-03) (-3.04128173e-26,-2.26570421e-25)
3.41683367e+00 (-7.55520152e-03,1.85630304e-03) (-1.54274515e-03,-6.28579550e-03) (-7.17912342e-26,-3.01751436e-25)
3.43687375e+00 (-7.46461762e-03,1.83391484e-03) (-1.51538425e-03,-6.17443184e-03) (-4.76826317e-26,-2.19881343e-25)
3.45691383e+00 (-7.37557361e-03,1.81191382e-03) (-1.48835248e-03,-6.06440003e-03) (-1.62959534e-25,-1.73586235e-25)
3.47695391e+00 (-7.28805547e-03,1.79029603e-03) (-1.46164413e-03,-5.95567735e-03) (-1.27321783e-25,-2.23825383e-25)
3.49699399e+00 (-7.20204919e-03,1.76905753e-03) (-1.43525352e-03,-5.84824127e-03) (-1.01998919e-25,-1.18222892e-25)
3.51703407e+00 (-7.11754084e-03,1.74819446e-03) (-1.40917508e-03,-5.74206948e-03) (-1.80125436e-25,-1.04429232e-25)
3.53707415e+00 (-7.03451652e-03,1.72770295e-03) (-1.38340327e-03,-5.63713986e-03) (-1.40614955e-25,-1.35154984e-25)
3.55711423e+00 (-6.95296244e-03,1.70757922e-03) (-1.35793259e-03,-5.53343051e-03) (-1.01119726e-25,-5.84602118e-26)
3.57715431e+00 (-6.87286486e-03,1.68781949e-03) (-1.33275763e-03,-5.43091973e-03) (-1.43334609e-25,-2.11202056e-26)
3.59719439e+00 (-6.79421016e-03,1.66842006e-03) (-1.30787302e-03,-5.32958602e-03) (-8.84245629e-26,-7.89207294e-26)
3.61723447e+00 (-6.71698480e-03,1.64937726e-03) (-1.28327343e-03,-5.22940809e-03) (-2.85417309e-26,-2.03482014e-26)
3.63727455e+00 (-6.64117537e-03,1.63068745e-03) (-1.25895361e-03,-5.13036483e-03) (-1.08876283e-25,-5.33174096e-26)
3.65731463e+00 (-6.56676856e-03,1.61234708e-03) (-1.23490835e-03,-5.03243535e-03) (-4.02225092e-26,-1.09562706e-25)
3.67735471e+00 (-6.49375121e-03,1.59435260e-03) (-1.21113249e-03,-4.93559895e-03) (-4.97972601e-26,-1.18322621e-26)
3.69739479e+00 (-6.42211028e-03,1.57670055e-03) (-1.18762094e-03,-4.83983511e-03) (-1.15836793e-25,-6.65722480e-26)
3.71743487e+00 (-6.35183285e-03,1.55938748e-03) (-1.16436863e-03,-4.74512353e-03) (-3.53012034e-26,-8.46525259e-26)
3.73747495e+00 (-6.28290619e-03,1.54241002e-03) (-1.14137057e-03,-4.65144408e-03) (-4.95038365e-26,1.96746059e-26)
3.75751503e+00 (-6.21531768e-03,1.52576485e-03) (-1.11862180e-03,-4.55877682e-03) (-8.33486544e-26,-4.75905376e-26)
3.77755511e+00 (-6.14905488e-03,1.50944868e-03) (-1.09611742e-03,-4.46710199e-03) (4.55664217e-26,-3.69505360e-26)
3.79759519e+00 (-6.08410550e-03,1.49345828e-03) (-1.07385258e-03,-4.37640004e-03) (-6.56311642e-26,2.41689518e-26)
3.81763527e+00 (-6.02045742e-03,1.47779049e-03) (-1.05182247e-03,-4.28665157e-03) (-1.30168273e-26,-1.42363966e-25)
3.83767535e+00 (-5.95809868e-03,1.46244219e-03) (-1.03002232e-03,-4.19783737e-03) (1.11926513e-25,6.89263712e-27)
3.85771543e+00 (-5.89701750e-03,1.44741029e-03) (-1.00844743e-03,-4.10993842e-03) (-8.08894318e-26,1.05314706e-26)
3.87775551e+00 (-5.83720228e-03,1.43269180e-03) (-9.87093119e-04,-4.02293585e-03) (-1.95211100e-26,-1.47500560e-25)
3.89779559e+00 (-5.77864159e-03,1.41828374e-03) (-9.65954767e-04,-3.93681098e-03) (9.05097524e-26,-7.43905401e-26)
3.91783567e+00 (-5.72132418e-03,1.40418320e-03) (-9.45027790e-04,-3.85154528e-03) (5.97314642e-26,4.06652487e-26)
3.93787575e+00 (-5.66523900e-03,1.39038733e-03) (-9.24307650e-04,-3.76712040e-03) (-5.17870776e-26,2.25732280e-26)
3.95791583e+00 (-5.61037517e-03,1.37689333e-03) (-9.03789849e-04,-3.68351815e-03) (-1.95005897e-27,-1.74444395e-25)
3.97795591e+00 (-5.55672201e-03,1.36369846e-03) (-8.83469931e-04,-3.60072050e-03) (2.43076879e-25,-1.03727596e-25)
3.99799599e+00 (-5.50426903e-03,1.35080000e-03) (-8.63343482e-04,-3.51870956e-03) (9.16643872e-26,1.12445123e-25)
4.01803607e+00 (-5.45300591e-03,1.33819533e-03) (-8.43406124e-04,-3.43746763e-03) (-1.37956050e-25,-1.13015613e-25)
4.03807615e+00 (-5.40292257e-03,1.32588185e-03) (-8.23653520e-04,-3.35697712e-03) (9.93998194e-26,-2.84369425e-25)
4.05811623e+00 (-5.35400908e-03,1.31385704e-03) (-8.04081371e-04,-3.27722063e-03) (2.61608924e-25,-3.63874688e-26)
4.07815631e+00 (-5.30625572e-03,1.30211842e-03) (-7.84685415e-04,-3.19818086e-03) (-2.81629193e-26,8.91918992e-26)
4.09819639e+00 (-5.25965300e-03,1.29066356e-03) (-7.65461426e-04,-3.11984070e-03) (-1.53616136e-25,-2.05062378e-25)
4.11823647e+00 (-5.21419157e-03,1.27949008e-03) (-7.46405214e-04,-3.04218314e-03) (1.82806266e-25,-2.55126423e-25)
4.13827655e+00 (-5.16986234e-03,1.26859568e-03) (-7.27512622e-04,-2.96519133e-03) (1.97993501e-25,5.04262638e-26)
4.15831663e+00 (-5.12665638e-03,1.25797808e-03) (-7.08779530e-04,-2.88884854e-03) (-5.67314631e-26,1.65103073e-26)
4.17835671e+00 (-5.08456497e-03,1.24763508e-03) (-6.90201850e-04,-2.81313819e-03) (-1.44903056e-26,-2.05804334e-25)
4.19839679e+00 (-5.04357960e-03,1.23756452e-03) (-6.71775524e-04,-2.73804381e-03) (1.46046590e-25,-1.87104391e-25)
4.21843687e+00 (-5.00369197e-03,1.22776430e-03) (-6.53496529e-04,-2.66354906e-03) (1.11520455e-25,-2.98610864e-26)
4.23847695e+00 (-4.96489395e-03,1.21823237e-03) (-6.35360871e-04,-2.58963772e-03) (-4.11428650e-26,-2.59978399e-26)
4.25851703e+00 (-4.92717764e-03,1.20896673e-03) (-6.17364587e-04,-2.51629369e-03) (-3.82634622e-26,-1.48722922e-25)
4.27855711e+00 (-4.89053535e-03,1.19996544e-03) (-5.99503742e-04,-2.44350099e-03) (9.44694481e-26,-1.46745978e-25)
4.29859719e+00 (-4.85495957e-03,1.19122660e-03) (-5.81774430e-04,-2.37124374e-03) (1.09320631e-25,-4.35501656e-26)
4.31863727e+00 (-4.82044300e-03,1.18274838e-03) (-5.64172772e-04,-2.29950619e-03) (3.59816196e-26,-6.62311127e-26)
4.33867735e+00 (-4.78697855e-03,1.17452900e-03) (-5.46694919e-04,-2.22827269e-03) (3.68834517e-26,-1.32121834e-25)
4.35871743e+00 (-4.75455934e-03,1.16656671e-03) (-5.29337043e-04,-2.15752767e-03) (5.71544681e-26,-1.09426041e-25)
4.37875752e+00 (-4.72317867e-03,1.15885985e-03) (-5.12095345e-04,-2.08725570e-03) (5.68054351e-26,-6.83702325e-26)
4.39879760e+00 (-4.69283007e-03,1.15140678e-03) (-4.94966049e-04,-2.01744141e-03) (5.09285009e-26,-2.28128474e-26)
4.41883768e+00 (-4.66350726e-03,1.14420592e-03) (-4.77945404e-04,-1.94806955e-03) (1.75118102e-26,-1.99470385e-26)
4.43887776e+00 (-4.63520416e-03,1.13725576e-03) (-4.61029681e-04,-1.87912496e-03) (4.55215647e-26,-6.94617866e-26)
4.45891784e+00 (-4.60791491e-03,1.13055482e-03) (-4.44215173e-04,-1.81059256e-03) (1.49178509e-25,-2.50234776e-26)
4.47895792e+00 (-4.58163383e-03,1.12410167e-03) (-4.27498195e-04,-1.74245735e-03) (1.25907038e-25,8.21454691e-26)
4.49899800e+00 (-4.55635545e-03,1.11789496e-03) (-4.10875083e-04,-1.67470442e-03) (1.92480265e-26,5.09694451e-26)
4.51903808e+00 (-4.53207453e-03,1.11193336e-03) (-3.94342193e-04,-1.60731895e-03) (-5.96427200e-27,-2.70366844e-26)
4.53907816e+00 (-4.50878599e-03,1.10621560e-03) (-3.77895898e-04,-1.54028618e-03) (3.25964145e-26,-1.96367400e-26)
4.55911824e+00 (-4.48648498e-03,1.10074048e-03) (-3.61532592e-04,-1.47359143e-03) (9.76098723e-26,6.25588283e-26)
4.57915832e+00 (-4.46516684e-03,1.09550682e-03) (-3.45248685e-04,-1.40722009e-03) (8.25152386e-26,1.37871265e-25)
4.59919840e+00 (-4.44482713e-03,1.09051351e-03) (-3.29040606e-04,-1.34115762e-03) (-3.75713244e-27,9.33105370e-26)
4.61923848e+00 (-4.42546158e-03,1.08575949e-03) (-3.12904797e-04,-1.27538954e-03) (-7.73943423e-26,-2.84077430e-26)
4.63927856e+00 (-4.40706615e-03,1.08124376e-03) (-2.96837719e-04,-1.20990145e-03) (-1.04964501e-25,-1.05883316e-25)
4.65931864e+00 (-4.38963700e-03,1.07696533e-03) (-2.80835844e-04,-1.14467897e-03) (-8.30502689e-26,-1.28833767e-25)
4.67935872e+00 (-4.37317046e-03,1.07292331e-03) (-2.64895661e-04,-1.07970780e-03) (2.27080430e-27,-4.37571520e-26)
4.69939880e+00 (-4.35766311e-03,1.06911684e-03) (-2.49013670e-04,-1.01497371e-03) (4.17932459e-26,7.40282217e-26)
4.71943888e+00 (-4.34311169e-03,1.06554510e-03) (-2.33186384e-04,-9.50462484e-04) (1.31021869e-26,8.27761375e-26)
4.73947896e+00 (-4.32951315e-03,1.06220733e-03) (-2.17410328e-04,-8.86159976e-04) (-1.63562580e-26,2.54623573e-26)
4.75951904e+00 (-4.31686466e-03,1.05910282e-03) (-2.01682038e-04,-8.22052074e-04) (-6.31244396e-26,-2.99054526e-26)
4.77955912e+00 (-4.30516357e-03,1.05623091e-03) (-1.85998060e-04,-7.58124711e-04) (-1.10517023e-25,-2.75839064e-26)
4.79959920e+00 (-4.29440744e-03,1.05359099e-03) (-1.70354949e-04,-6.94363856e-04) (-1.22982758e-25,1.62524012e-27)
4.81963928e+00 (-4.28459402e-03,1.05118250e-03) (-1.54749269e-04,-6.30755513e-04) (-1.10685280e-25,9.79196036e-27)
4.83967936e+00 (-4.27572127e-03,1.04900493e-03) (-1.39177593e-04,-5.67285717e-04) (-1.32676637e-25,-7.07711809e-26)
4.85971944e+00 (-4.26778735e-03,1.04705782e-03) (-1.23636498e-04,-5.03940533e-04) (-7.58502472e-26,-2.16700281e-25)
4.87975952e+00 (-4.26079062e-03,1.04534075e-03) (-1.08122571e-04,-4.40706052e-04) (6.08999449e-26,-2.43372733e-25)
4.89979960e+00 (-4.25472963e-03,1.04385337e-03) (-9.26324035e-05,-3.77568387e-04) (1.33485236e-25,-1.48487562e-25)
4.91983968e+00 (-4.24960315e-03,1.04259535e-03) (-7.71625915e-05,-3.14513670e-04) (1.62968777e-25,-1.10900666e-25)
4.93987976e+00 (-4.24541013e-03,1.04156644e-03) (-6.17097358e-05,-2.51528053e-04) (2.04592554e-25,-7.50738076e-26)
4.95991984e+00 (-4.24214974e-03,1.04076642e-03) (-4.62704405e-05,-1.88597698e-04) (1.80582358e-25,7.10477538e-26)
4.97995992e+00 (-4.23982134e-03,1.04019511e-03) (-3.08413129e-05,-1.25708782e-04) (4.78586787e-26,1.68130105e-25)
5.00000000e+00 (-4.23795879e-03,1.03973811e-03) (-1.54189624e-05,-6.28474863e-05) (-7.16528158e-26,1.87088044e-25)
