0.65 	 500
Z	 ux	 uz 	 rho
-5.00000000e+00 (-1.34948225e-02,-6.76021066e-04) (-8.80588615e-06,1.75784263e-04) (-5.76155304e-13,1.64681618e-13)
-4.97995992e+00 (-1.34993968e-02,-6.76250373e-04) (-1.76132653e-05,3.51598317e-04) (2.08661325e-12,2.36191522e-12)
-4.95991984e+00 (-1.35051151e-02,-6.76537066e-04) (-2.64236313e-05,5.27471956e-04) (-3.22459595e-12,-2.68155039e-12)
-4.93987976e+00 (-1.35131216e-02,-6.76938570e-04) (-3.52384794e-05,7.03434982e-04) (4.50664160e-12,5.01488349e-12)
-4.91983968e+00 (-1.35234175e-02,-6.77454966e-04) (-4.40593055e-05,8.79517208e-04) (-4.03260275e-12,-5.21473996e-12)
-4.89979960e+00 (-1.35360043e-02,-6.78086349e-04) (-5.28876068e-05,1.05574846e-03) (3.58655742e-12,7.13979653e-12)
-4.87975952e+00 (-1.35508838e-02,-6.78832827e-04) (-6.17248817e-05,1.23215860e-03) (-2.06966768e-12,-6.54552507e-12)
-4.85971944e+00 (-1.35680583e-02,-6.79694529e-04) (-7.05726303e-05,1.40877750e-03) (-6.86124920e-13,7.24120537e-12)
-4.83967936e+00 (-1.35875302e-02,-6.80671606e-04) (-7.94323544e-05,1.58563507e-03) (2.32802425e-12,-5.02038147e-12)
-4.81963928e+00 (-1.36093026e-02,-6.81764226e-04) (-8.83055579e-05,1.76276126e-03) (-4.69780629e-12,3.78154089e-12)
-4.79959920e+00 (-1.36333789e-02,-6.82972577e-04) (-9.71937471e-05,1.94018604e-03) (4.75568369e-12,-7.51774595e-13)
-4.77955912e+00 (-1.36597626e-02,-6.84296870e-04) (-1.06098431e-04,2.11793946e-03) (-4.99297278e-12,-5.46991182e-13)
-4.75951904e+00 (-1.36884579e-02,-6.85737333e-04) (-1.15021120e-04,2.29605160e-03) (2.91122640e-12,3.51642803e-12)
-4.73947896e+00 (-1.37194691e-02,-6.87294214e-04) (-1.23963331e-04,2.47455259e-03) (-9.84273051e-13,-2.63129982e-12)
-4.71943888e+00 (-1.37528012e-02,-6.88967784e-04) (-1.32926581e-04,2.65347264e-03) (-1.18568066e-12,3.33580900e-12)
-4.69939880e+00 (-1.37884592e-02,-6.90758332e-04) (-1.41912392e-04,2.83284200e-03) (2.06814743e-12,-7.85010308e-13)
-4.67935872e+00 (-1.38264487e-02,-6.92666166e-04) (-1.50922289e-04,3.01269102e-03) (-2.59950715e-12,3.07604700e-13)
-4.65931864e+00 (-1.38667756e-02,-6.94691616e-04) (-1.59957803e-04,3.19305009e-03) (8.12020924e-13,2.31771870e-12)
-4.63927856e+00 (-1.39094461e-02,-6.96835032e-04) (-1.69020467e-04,3.37394970e-03) (2.54947540e-13,-2.76391523e-13)
-4.61923848e+00 (-1.39544669e-02,-6.99096784e-04) (-1.78111822e-04,3.55542043e-03) (-1.32037985e-12,6.37495949e-13)
-4.59919840e+00 (-1.40018449e-02,-7.01477263e-04) (-1.87233410e-04,3.73749293e-03) (1.08508479e-12,2.62323008e-12)
-4.57915832e+00 (-1.40515874e-02,-7.03976879e-04) (-1.96386780e-04,3.92019795e-03) (9.83336904e-13,-2.05692172e-12)
-4.55911824e+00 (-1.41037023e-02,-7.06596065e-04) (-2.05573489e-04,4.10356635e-03) (-2.86590968e-12,2.15348161e-12)
-4.53907816e+00 (-1.41581974e-02,-7.09335273e-04) (-2.14795095e-04,4.28762907e-03) (2.28613866e-12,9.94923201e-13)
-4.51903808e+00 (-1.42150813e-02,-7.12194978e-04) (-2.24053165e-04,4.47241718e-03) (-2.88748040e-12,-5.78437802e-13)
-4.49899800e+00 (-1.42743627e-02,-7.15175674e-04) (-2.33349273e-04,4.65796185e-03) (7.43564590e-13,3.52705558e-12)
-4.47895792e+00 (-1.43360508e-02,-7.18277878e-04) (-2.42684996e-04,4.84429437e-03) (-3.33309357e-13,-1.43404471e-12)
-4.45891784e+00 (-1.44001550e-02,-7.21502124e-04) (-2.52061923e-04,5.03144614e-03) (-1.50992365e-12,3.23772322e-12)
-4.43887776e+00 (-1.44666852e-02,-7.24848971e-04) (-2.61481645e-04,5.21944870e-03) (5.74557498e-13,-5.01299979e-13)
-4.41883768e+00 (-1.45356515e-02,-7.28319000e-04) (-2.70945764e-04,5.40833373e-03) (-2.95174899e-12,2.84345323e-12)
-4.39879760e+00 (-1.46070645e-02,-7.31912811e-04) (-2.80455887e-04,5.59813301e-03) (1.98874006e-12,1.47195176e-12)
-4.37875752e+00 (-1.46809350e-02,-7.35631027e-04) (-2.90013632e-04,5.78887849e-03) (-2.93420841e-12,5.65610897e-13)
-4.35871743e+00 (-1.47572743e-02,-7.39474292e-04) (-2.99620623e-04,5.98060226e-03) (4.57580151e-13,4.15732631e-12)
-4.33867735e+00 (-1.48360940e-02,-7.43443275e-04) (-3.09278494e-04,6.17333654e-03) (1.03068012e-12,4.08320404e-14)
-4.31863727e+00 (-1.49174060e-02,-7.47538664e-04) (-3.18988885e-04,6.36711373e-03) (-2.39781383e-12,1.48010388e-12)
-4.29859719e+00 (-1.50012225e-02,-7.51761170e-04) (-3.28753449e-04,6.56196636e-03) (1.03640369e-13,4.76842107e-12)
-4.27855711e+00 (-1.50875560e-02,-7.56111527e-04) (-3.38573845e-04,6.75792714e-03) (3.06484397e-12,4.49233911e-13)
-4.25851703e+00 (-1.51764196e-02,-7.60590493e-04) (-3.48451745e-04,6.95502894e-03) (-2.27362228e-12,5.27303244e-13)
-4.23847695e+00 (-1.52678265e-02,-7.65198847e-04) (-3.58388828e-04,7.15330480e-03) (1.41126041e-12,5.00941233e-12)
-4.21843687e+00 (-1.53617902e-02,-7.69937392e-04) (-3.68386785e-04,7.35278795e-03) (3.66776184e-12,-5.97639083e-13)
-4.19839679e+00 (-1.54583246e-02,-7.74806954e-04) (-3.78447317e-04,7.55351176e-03) (-2.08209458e-12,2.88837312e-13)
-4.17835671e+00 (-1.55574439e-02,-7.79808383e-04) (-3.88572137e-04,7.75550983e-03) (3.52066599e-12,3.71102090e-12)
-4.15831663e+00 (-1.56591627e-02,-7.84942551e-04) (-3.98762967e-04,7.95881591e-03) (1.58203215e-12,-4.35885154e-12)
-4.13827655e+00 (-1.57634959e-02,-7.90210357e-04) (-4.09021542e-04,8.16346397e-03) (-2.62257315e-12,3.11700745e-12)
-4.11823647e+00 (-1.58704585e-02,-7.95612721e-04) (-4.19349609e-04,8.36948815e-03) (4.87931302e-12,-7.93034385e-13)
-4.09819639e+00 (-1.59800660e-02,-8.01150589e-04) (-4.29748927e-04,8.57692281e-03) (-4.40760948e-12,-2.80949909e-12)
-4.07815631e+00 (-1.60923341e-02,-8.06824933e-04) (-4.40221268e-04,8.78580249e-03) (-2.58510240e-13,5.88470840e-12)
-4.05811623e+00 (-1.62072789e-02,-8.12636747e-04) (-4.50768415e-04,8.99616197e-03) (4.69630057e-12,-6.49578281e-13)
-4.03807615e+00 (-1.63249167e-02,-8.18587052e-04) (-4.61392165e-04,9.20803621e-03) (-1.37929817e-12,-2.43341947e-12)
-4.01803607e+00 (-1.64452641e-02,-8.24676894e-04) (-4.72094330e-04,9.42146040e-03) (-2.37765609e-12,2.93529400e-12)
-3.99799599e+00 (-1.65683379e-02,-8.30907347e-04) (-4.82876733e-04,9.63646995e-03) (4.49122532e-12,4.12356030e-12)
-3.97795591e+00 (-1.66941553e-02,-8.37279508e-04) (-4.93741215e-04,9.85310047e-03) (4.12790126e-12,-4.85229892e-12)
-3.95791583e+00 (-1.68227335e-02,-8.43794501e-04) (-5.04689626e-04,1.00713878e-02) (-3.72216038e-12,-1.67388064e-12)
-3.93787575e+00 (-1.69540904e-02,-8.50453477e-04) (-5.15723837e-04,1.02913681e-02) (1.56097842e-12,2.06559590e-12)
-3.91783567e+00 (-1.70882436e-02,-8.57257616e-04) (-5.26845729e-04,1.05130775e-02) (1.14526852e-12,-2.04700272e-12)
-3.89779559e+00 (-1.72252112e-02,-8.64208123e-04) (-5.38057202e-04,1.07365528e-02) (-1.72743900e-13,-8.93011887e-13)
-3.87775551e+00 (-1.73650117e-02,-8.71306231e-04) (-5.49360169e-04,1.09618305e-02) (-9.30140189e-13,-1.86292411e-12)
-3.85771543e+00 (-1.75076634e-02,-8.78553203e-04) (-5.60756562e-04,1.11889479e-02) (-1.74879500e-12,9.03957788e-13)
-3.83767535e+00 (-1.76531850e-02,-8.85950329e-04) (-5.72248329e-04,1.14179420e-02) (6.55882034e-13,-7.69007888e-14)
-3.81763527e+00 (-1.78015954e-02,-8.93498927e-04) (-5.83837433e-04,1.16488505e-02) (-2.49755968e-12,-1.70876147e-13)
-3.79759519e+00 (-1.79529136e-02,-9.01200347e-04) (-5.95525856e-04,1.18817110e-02) (-2.97788365e-13,3.34312132e-12)
-3.77755511e+00 (-1.81071588e-02,-9.09055966e-04) (-6.07315598e-04,1.21165617e-02) (2.00794702e-12,1.50703980e-12)
-3.75751503e+00 (-1.82643503e-02,-9.17067195e-04) (-6.19208677e-04,1.23534406e-02) (2.73717248e-12,7.92836352e-13)
-3.73747495e+00 (-1.84245076e-02,-9.25235471e-04) (-6.31207128e-04,1.25923864e-02) (2.03392544e-12,-1.58040856e-12)
-3.71743487e+00 (-1.85876500e-02,-9.33562267e-04) (-6.43313008e-04,1.28334378e-02) (3.21968221e-13,-2.51893796e-14)
-3.69739479e+00 (-1.87537973e-02,-9.42049083e-04) (-6.55528390e-04,1.30766338e-02) (2.21023786e-12,-5.30137142e-13)
-3.67735471e+00 (-1.89229691e-02,-9.50697457e-04) (-6.67855368e-04,1.33220137e-02) (2.48553893e-13,-1.33099565e-12)
-3.65731463e+00 (-1.90951851e-02,-9.59508954e-04) (-6.80296059e-04,1.35696170e-02) (1.33853248e-12,1.75916648e-13)
-3.63727455e+00 (-1.92704650e-02,-9.68485177e-04) (-6.92852596e-04,1.38194834e-02) (1.68189869e-12,-2.40283298e-12)
-3.61723447e+00 (-1.94488285e-02,-9.77627758e-04) (-7.05527136e-04,1.40716531e-02) (-1.50542471e-12,-2.19626925e-12)
-3.59719439e+00 (-1.96302953e-02,-9.86938370e-04) (-7.18321856e-04,1.43261664e-02) (-6.28946052e-13,6.82720844e-13)
-3.57715431e+00 (-1.98148850e-02,-9.96418716e-04) (-7.31238957e-04,1.45830636e-02) (1.14065596e-12,-1.60038309e-12)
-3.55711423e+00 (-2.00026171e-02,-1.00607054e-03) (-7.44280660e-04,1.48423858e-02) (-2.92529611e-12,-1.42899341e-12)
-3.53707415e+00 (-2.01935111e-02,-1.01589561e-03) (-7.57449211e-04,1.51041739e-02) (-5.16810581e-13,3.22321221e-12)
-3.51703407e+00 (-2.03875860e-02,-1.02589576e-03) (-7.70746879e-04,1.53684693e-02) (3.49494241e-12,-8.34485812e-13)
-3.49699399e+00 (-2.05848611e-02,-1.03607282e-03) (-7.84175954e-04,1.56353134e-02) (-5.54867780e-13,-4.17743587e-12)
-3.47695391e+00 (-2.07853552e-02,-1.04642870e-03) (-7.97738756e-04,1.59047482e-02) (-3.68268276e-12,-1.01028184e-12)
-3.45691383e+00 (-2.09890867e-02,-1.05696533e-03) (-8.11437624e-04,1.61768157e-02) (-1.88516850e-12,1.62217415e-12)
-3.43687375e+00 (-2.11960741e-02,-1.06768467e-03) (-8.25274927e-04,1.64515581e-02) (-8.84018797e-13,9.94057358e-13)
-3.41683367e+00 (-2.14063351e-02,-1.07858875e-03) (-8.39253057e-04,1.67290180e-02) (-6.41037027e-13,2.22670883e-12)
-3.39679359e+00 (-2.16198874e-02,-1.08967962e-03) (-8.53374433e-04,1.70092382e-02) (2.09463206e-12,1.71007762e-12)
-3.37675351e+00 (-2.18367480e-02,-1.10095938e-03) (-8.67641504e-04,1.72922616e-02) (2.40147686e-12,-1.75530469e-12)
-3.35671343e+00 (-2.20569336e-02,-1.11243018e-03) (-8.82056742e-04,1.75781314e-02) (-1.40156657e-12,-3.21528760e-12)
-3.33667335e+00 (-2.22804600e-02,-1.12409420e-03) (-8.96622650e-04,1.78668911e-02) (-3.77657497e-12,7.59816921e-13)
-3.31663327e+00 (-2.25073429e-02,-1.13595369e-03) (-9.11341761e-04,1.81585843e-02) (-1.61116596e-13,3.33276413e-12)
-3.29659319e+00 (-2.27375970e-02,-1.14801093e-03) (-9.26216634e-04,1.84532547e-02) (2.14839487e-12,3.82483434e-14)
-3.27655311e+00 (-2.29712363e-02,-1.16026826e-03) (-9.41249861e-04,1.87509465e-02) (-9.03820429e-13,-1.49619014e-12)
-3.25651303e+00 (-2.32082741e-02,-1.17272806e-03) (-9.56444064e-04,1.90517038e-02) (-1.44936453e-12,1.25717516e-12)
-3.23647295e+00 (-2.34487228e-02,-1.18539277e-03) (-9.71801895e-04,1.93555709e-02) (6.84453098e-13,7.69172277e-13)
-3.21643287e+00 (-2.36925937e-02,-1.19826488e-03) (-9.87326040e-04,1.96625923e-02) (-1.07999799e-12,-1.07718648e-12)
-3.19639279e+00 (-2.39398974e-02,-1.21134694e-03) (-1.00301922e-03,1.99728128e-02) (-3.00736215e-12,2.28044056e-12)
-3.17635271e+00 (-2.41906431e-02,-1.22464156e-03) (-1.01888418e-03,2.02862770e-02) (1.33211030e-12,4.04343133e-12)
-3.15631263e+00 (-2.44448388e-02,-1.23815139e-03) (-1.03492371e-03,2.06030300e-02) (2.64629838e-12,1.69316958e-13)
-3.13627255e+00 (-2.47024915e-02,-1.25187916e-03) (-1.05114063e-03,2.09231165e-02) (3.10089689e-13,-9.96080263e-13)
-3.11623246e+00 (-2.49636064e-02,-1.26582764e-03) (-1.06753779e-03,2.12465818e-02) (-1.21517010e-12,4.08782030e-14)
-3.09619238e+00 (-2.52281876e-02,-1.27999970e-03) (-1.08411810e-03,2.15734710e-02) (-6.24846447e-13,1.56300939e-12)
-3.07615230e+00 (-2.54962372e-02,-1.29439824e-03) (-1.10088448e-03,2.19038292e-02) (-1.96586799e-14,9.37233621e-13)
-3.05611222e+00 (-2.57677560e-02,-1.30902624e-03) (-1.11783990e-03,2.22377016e-02) (-8.17537396e-13,1.72852041e-12)
-3.03607214e+00 (-2.60427425e-02,-1.32388677e-03) (-1.13498737e-03,2.25751335e-02) (6.57115982e-13,2.81145548e-12)
-3.01603206e+00 (-2.63211935e-02,-1.33898293e-03) (-1.15232993e-03,2.29161699e-02) (2.00214237e-12,1.74297103e-12)
-2.99599198e+00 (-2.66031036e-02,-1.35431795e-03) (-1.16987069e-03,2.32608560e-02) (1.87722934e-12,3.41630933e-13)
-2.97595190e+00 (-2.68884652e-02,-1.36989508e-03) (-1.18761277e-03,2.36092367e-02) (4.94770081e-13,-3.45226637e-13)
-2.95591182e+00 (-2.71772682e-02,-1.38571771e-03) (-1.20555934e-03,2.39613571e-02) (-1.14671642e-12,1.01845290e-12)
-2.93587174e+00 (-2.74694998e-02,-1.40178926e-03) (-1.22371363e-03,2.43172617e-02) (-8.97622034e-14,4.02942622e-12)
-2.91583166e+00 (-2.77651447e-02,-1.41811328e-03) (-1.24207890e-03,2.46769953e-02) (4.03411007e-12,3.80517707e-12)
-2.89579158e+00 (-2.80641845e-02,-1.43469339e-03) (-1.26065846e-03,2.50406022e-02) (4.81615795e-12,-2.54042262e-13)
-2.87575150e+00 (-2.83665978e-02,-1.45153330e-03) (-1.27945568e-03,2.54081264e-02) (1.82478348e-12,-1.61836066e-12)
-2.85571142e+00 (-2.86723598e-02,-1.46863684e-03) (-1.29847396e-03,2.57796117e-02) (5.41427066e-13,6.80184460e-13)
-2.83567134e+00 (-2.89814420e-02,-1.48600791e-03) (-1.31771676e-03,2.61551017e-02) (3.11817941e-12,1.86586180e-12)
-2.81563126e+00 (-2.92938126e-02,-1.50365055e-03) (-1.33718759e-03,2.65346393e-02) (4.83282382e-12,-8.04340952e-13)
-2.79559118e+00 (-2.96094353e-02,-1.52156889e-03) (-1.35689002e-03,2.69182671e-02) (3.64327233e-12,-3.30203959e-12)
-2.77555110e+00 (-2.99282700e-02,-1.53976717e-03) (-1.37682766e-03,2.73060274e-02) (1.38137377e-12,-4.26577805e-12)
-2.75551102e+00 (-3.02502718e-02,-1.55824979e-03) (-1.39700420e-03,2.76979616e-02) (-1.35502460e-13,-3.24248154e-12)
-2.73547094e+00 (-3.05753912e-02,-1.57702122e-03) (-1.41742335e-03,2.80941106e-02) (4.16166123e-13,-3.02886825e-12)
-2.71543086e+00 (-3.09035737e-02,-1.59608611e-03) (-1.43808892e-03,2.84945148e-02) (1.19983101e-13,-4.81402196e-12)
-2.69539078e+00 (-3.12347593e-02,-1.61544922e-03) (-1.45900475e-03,2.88992137e-02) (-2.48645697e-12,-6.42634792e-12)
-2.67535070e+00 (-3.15688825e-02,-1.63511546e-03) (-1.48017477e-03,2.93082460e-02) (-5.82723110e-12,-5.60453629e-12)
-2.65531062e+00 (-3.19058718e-02,-1.65508991e-03) (-1.50160295e-03,2.97216496e-02) (-7.42299325e-12,-3.85336604e-12)
-2.63527054e+00 (-3.22456492e-02,-1.67537778e-03) (-1.52329334e-03,3.01394611e-02) (-8.54028633e-12,-2.89269594e-12)
-2.61523046e+00 (-3.25881302e-02,-1.69598447e-03) (-1.54525007e-03,3.05617166e-02) (-9.98607718e-12,-2.34911673e-12)
-2.59519038e+00 (-3.29332231e-02,-1.71691555e-03) (-1.56747731e-03,3.09884505e-02) (-1.24670919e-11,-1.45118651e-12)
-2.57515030e+00 (-3.32808288e-02,-1.73817676e-03) (-1.58997933e-03,3.14196963e-02) (-1.43528184e-11,8.49199795e-13)
-2.55511022e+00 (-3.36308403e-02,-1.75977406e-03) (-1.61276047e-03,3.18554861e-02) (-1.51770690e-11,2.16308117e-12)
-2.53507014e+00 (-3.39831420e-02,-1.78171359e-03) (-1.63582515e-03,3.22958505e-02) (-1.71156668e-11,2.82044500e-12)
-2.51503006e+00 (-3.43376099e-02,-1.80400172e-03) (-1.65917786e-03,3.27408185e-02) (-1.91872154e-11,4.08616816e-12)
-2.49498998e+00 (-3.46941104e-02,-1.82664504e-03) (-1.68282319e-03,3.31904175e-02) (-2.07483204e-11,4.07454645e-12)
-2.47494990e+00 (-3.50525002e-02,-1.84965039e-03) (-1.70676580e-03,3.36446731e-02) (-2.46310982e-11,2.30844023e-12)
-2.45490982e+00 (-3.54126255e-02,-1.87302484e-03) (-1.73101047e-03,3.41036089e-02) (-3.08002265e-11,1.20703870e-12)
-2.43486974e+00 (-3.57743219e-02,-1.89677576e-03) (-1.75556204e-03,3.45672465e-02) (-3.89552956e-11,-3.02296137e-13)
-2.41482966e+00 (-3.61374132e-02,-1.92091078e-03) (-1.78042547e-03,3.50356052e-02) (-5.06142130e-11,-5.18695284e-13)
-2.39478958e+00 (-3.65017111e-02,-1.94543783e-03) (-1.80560581e-03,3.55087021e-02) (-6.36352402e-11,1.28043678e-12)
-2.37474950e+00 (-3.68670148e-02,-1.97036517e-03) (-1.83110822e-03,3.59865516e-02) (-7.80201102e-11,3.47588611e-12)
-2.35470942e+00 (-3.72331098e-02,-1.99570138e-03) (-1.85693797e-03,3.64691654e-02) (-9.44463191e-11,5.38199468e-12)
-2.33466934e+00 (-3.75997676e-02,-2.02145541e-03) (-1.88310044e-03,3.69565525e-02) (-1.14339217e-10,5.96012580e-12)
-2.31462926e+00 (-3.79667448e-02,-2.04763660e-03) (-1.90960114e-03,3.74487185e-02) (-1.39638774e-10,5.29310442e-12)
-2.29458918e+00 (-3.83337823e-02,-2.07425466e-03) (-1.93644568e-03,3.79456661e-02) (-1.72282447e-10,2.98549184e-12)
-2.27454910e+00 (-3.87006046e-02,-2.10131975e-03) (-1.96363983e-03,3.84473942e-02) (-2.15700037e-10,6.07926540e-13)
-2.25450902e+00 (-3.90669188e-02,-2.12884249e-03) (-1.99118948e-03,3.89538982e-02) (-2.69717012e-10,-1.69184564e-13)
-2.23446894e+00 (-3.94324142e-02,-2.15683397e-03) (-2.01910066e-03,3.94651696e-02) (-3.37074235e-10,-7.02557215e-13)
-2.21442886e+00 (-3.97967605e-02,-2.18530582e-03) (-2.04737955e-03,3.99811956e-02) (-4.20310816e-10,7.69263035e-13)
-2.19438878e+00 (-4.01596077e-02,-2.21427019e-03) (-2.07603248e-03,4.05019590e-02) (-5.22178436e-10,3.08561215e-12)
-2.17434870e+00 (-4.05205847e-02,-2.24373985e-03) (-2.10506594e-03,4.10274379e-02) (-6.46980593e-10,6.53156491e-12)
-2.15430862e+00 (-4.08792984e-02,-2.27372820e-03) (-2.13448662e-03,4.15576055e-02) (-8.00630527e-10,9.47072175e-12)
-2.13426854e+00 (-4.12353326e-02,-2.30424928e-03) (-2.16430135e-03,4.20924296e-02) (-9.90698479e-10,1.29512582e-11)
-2.11422846e+00 (-4.15882466e-02,-2.33531788e-03) (-2.19451716e-03,4.26318727e-02) (-1.22595494e-09,1.54494888e-11)
-2.09418838e+00 (-4.19375746e-02,-2.36694957e-03) (-2.22514129e-03,4.31758910e-02) (-1.51862599e-09,1.83477879e-11)
-2.07414830e+00 (-4.22828240e-02,-2.39916072e-03) (-2.25618118e-03,4.37244347e-02) (-1.88175829e-09,2.10213790e-11)
-2.05410822e+00 (-4.26234745e-02,-2.43196861e-03) (-2.28764448e-03,4.42774475e-02) (-2.33352818e-09,2.47986927e-11)
-2.03406814e+00 (-4.29589766e-02,-2.46539145e-03) (-2.31953908e-03,4.48348659e-02) (-2.89409101e-09,2.99911602e-11)
-2.01402806e+00 (-4.32887502e-02,-2.49944851e-03) (-2.35187311e-03,4.53966192e-02) (-3.58983476e-09,3.85944914e-11)
-1.99398798e+00 (-4.36121834e-02,-2.53416012e-03) (-2.38465497e-03,4.59626290e-02) (-4.44963364e-09,5.04642657e-11)
-1.97394790e+00 (-4.39286311e-02,-2.56954781e-03) (-2.41789332e-03,4.65328084e-02) (-5.51412544e-09,6.36819709e-11)
-1.95390782e+00 (-4.42374132e-02,-2.60563440e-03) (-2.45159710e-03,4.71070622e-02) (-6.83332212e-09,7.69784109e-11)
-1.93386774e+00 (-4.45378133e-02,-2.64244407e-03) (-2.48577558e-03,4.76852861e-02) (-8.47424129e-09,9.10934708e-11)
-1.91382766e+00 (-4.48290773e-02,-2.68000246e-03) (-2.52043833e-03,4.82673660e-02) (-1.05127919e-08,1.13181917e-10)
-1.89378758e+00 (-4.51104114e-02,-2.71833685e-03) (-2.55559528e-03,4.88531779e-02) (-1.30409139e-08,1.46208228e-10)
-1.87374749e+00 (-4.53809807e-02,-2.75747621e-03) (-2.59125672e-03,4.94425871e-02) (-1.61696477e-08,1.92490041e-10)
-1.85370741e+00 (-4.56399072e-02,-2.79745140e-03) (-2.62743334e-03,5.00354479e-02) (-2.00436312e-08,2.45871599e-10)
-1.83366733e+00 (-4.58862684e-02,-2.83829529e-03) (-2.66413622e-03,5.06316027e-02) (-2.48477911e-08,3.07584961e-10)
-1.81362725e+00 (-4.61190954e-02,-2.88004293e-03) (-2.70137690e-03,5.12308818e-02) (-3.08110570e-08,3.79943650e-10)
-1.79358717e+00 (-4.63373707e-02,-2.92273175e-03) (-2.73916740e-03,5.18331022e-02) (-3.82139021e-08,4.74381524e-10)
-1.77354709e+00 (-4.65400269e-02,-2.96640173e-03) (-2.77752021e-03,5.24380678e-02) (-4.73972536e-08,5.97084395e-10)
-1.75350701e+00 (-4.67259444e-02,-3.01109567e-03) (-2.81644840e-03,5.30455678e-02) (-5.87885402e-08,7.55922598e-10)
-1.73346693e+00 (-4.68939492e-02,-3.05685935e-03) (-2.85596559e-03,5.36553769e-02) (-7.29170056e-08,9.55781832e-10)
-1.71342685e+00 (-4.70428118e-02,-3.10374188e-03) (-2.89608602e-03,5.42672539e-02) (-9.04481373e-08,1.20779104e-09)
-1.69338677e+00 (-4.71712441e-02,-3.15179595e-03) (-2.93682460e-03,5.48809412e-02) (-1.12199573e-07,1.52843364e-09)
-1.67334669e+00 (-4.72778982e-02,-3.20107813e-03) (-2.97819694e-03,5.54961641e-02) (-1.39190456e-07,1.93485287e-09)
-1.65330661e+00 (-4.73613638e-02,-3.25164926e-03) (-3.02021942e-03,5.61126299e-02) (-1.72682580e-07,2.44978050e-09)
-1.63326653e+00 (-4.74201666e-02,-3.30357482e-03) (-3.06290924e-03,5.67300273e-02) (-2.14250506e-07,3.09673210e-09)
-1.61322645e+00 (-4.74527658e-02,-3.35692536e-03) (-3.10628450e-03,5.73480250e-02) (-2.65852006e-07,3.91614998e-09)
-1.59318637e+00 (-4.74575520e-02,-3.41177696e-03) (-3.15036421e-03,5.79662716e-02) (-3.29913817e-07,4.95933192e-09)
-1.57314629e+00 (-4.74328455e-02,-3.46821178e-03) (-3.19516846e-03,5.85843941e-02) (-4.09449522e-07,6.29169600e-09)
-1.55310621e+00 (-4.73768940e-02,-3.52631861e-03) (-3.24071843e-03,5.92019971e-02) (-5.08202790e-07,7.99120187e-09)
-1.53306613e+00 (-4.72878702e-02,-3.58619356e-03) (-3.28703648e-03,5.98186619e-02) (-6.30834161e-07,1.01575135e-08)
-1.51302605e+00 (-4.71638703e-02,-3.64794070e-03) (-3.33414632e-03,6.04339456e-02) (-7.83136307e-07,1.29227755e-08)
-1.49298597e+00 (-4.70029115e-02,-3.71167293e-03) (-3.38207302e-03,6.10473800e-02) (-9.72311915e-07,1.64536312e-08)
-1.47294589e+00 (-4.68029304e-02,-3.77751281e-03) (-3.43084321e-03,6.16584704e-02) (-1.20732297e-06,2.09630029e-08)
-1.45290581e+00 (-4.65617807e-02,-3.84559359e-03) (-3.48048517e-03,6.22666948e-02) (-1.49932442e-06,2.67263313e-08)
-1.43286573e+00 (-4.62772313e-02,-3.91606025e-03) (-3.53102901e-03,6.28715027e-02) (-1.86220015e-06,3.41068619e-08)
-1.41282565e+00 (-4.59469646e-02,-3.98907082e-03) (-3.58250678e-03,6.34723140e-02) (-2.31322383e-06,4.35780091e-08)
-1.39278557e+00 (-4.55685744e-02,-4.06479769e-03) (-3.63495270e-03,6.40685178e-02) (-2.87389703e-06,5.57445027e-08)
-1.37274549e+00 (-4.51395645e-02,-4.14342920e-03) (-3.68840332e-03,6.46594713e-02) (-3.57100512e-06,7.13790086e-08)
-1.35270541e+00 (-4.46573465e-02,-4.22517137e-03) (-3.74289775e-03,6.52444985e-02) (-4.43793566e-06,9.14909601e-08)
-1.33266533e+00 (-4.41192384e-02,-4.31024991e-03) (-3.79847792e-03,6.58228891e-02) (-5.51629040e-06,1.17412255e-07)
-1.31262525e+00 (-4.35224629e-02,-4.39891240e-03) (-3.85518883e-03,6.63938975e-02) (-6.85791428e-06,1.50870079e-07)
-1.29258517e+00 (-4.28641459e-02,-4.49143085e-03) (-3.91307884e-03,6.69567409e-02) (-8.52746759e-06,1.94095464e-07)
-1.27254509e+00 (-4.21413144e-02,-4.58810459e-03) (-3.97220005e-03,6.75105987e-02) (-1.06056478e-05,2.50003679e-07)
-1.25250501e+00 (-4.13508957e-02,-4.68926349e-03) (-4.03260862e-03,6.80546108e-02) (-1.31931802e-05,3.22441839e-07)
-1.23246493e+00 (-4.04897152e-02,-4.79527171e-03) (-4.09436523e-03,6.85878765e-02) (-1.64158094e-05,4.16466063e-07)
-1.21242485e+00 (-3.95544948e-02,-4.90653202e-03) (-4.15753554e-03,6.91094531e-02) (-2.04306079e-05,5.38697507e-07)
-1.19238477e+00 (-3.85418512e-02,-5.02349065e-03) (-4.22219072e-03,6.96183543e-02) (-2.54339148e-05,6.97845344e-07)
-1.17234469e+00 (-3.74482940e-02,-5.14664299e-03) (-4.28840804e-03,7.01135494e-02) (-3.16712660e-05,9.05422332e-07)
-1.15230461e+00 (-3.62702232e-02,-5.27654012e-03) (-4.35627160e-03,7.05939612e-02) (-3.94498731e-05,1.17666944e-06)
-1.13226453e+00 (-3.50039270e-02,-5.41379640e-03) (-4.42587302e-03,7.10584650e-02) (-4.91543549e-05,1.53178837e-06)
-1.11222445e+00 (-3.36455783e-02,-5.55909837e-03) (-4.49731238e-03,7.15058871e-02) (-6.12665792e-05,1.99763754e-06)
-1.09218437e+00 (-3.21912312e-02,-5.71321506e-03) (-4.57069923e-03,7.19350031e-02) (-7.63906470e-05,2.61004406e-06)
-1.07214429e+00 (-3.06368165e-02,-5.87701025e-03) (-4.64615366e-03,7.23445364e-02) (-9.52844495e-05,3.41689372e-06)
-1.05210421e+00 (-2.89781358e-02,-6.05145687e-03) (-4.72380771e-03,7.27331567e-02) (-1.18899612e-04,4.48238095e-06)
-1.03206413e+00 (-2.72108551e-02,-6.23765412e-03) (-4.80380684e-03,7.30994779e-02) (-1.48432026e-04,5.89284373e-06)
-1.01202405e+00 (-2.53304957e-02,-6.43684781e-03) (-4.88631173e-03,7.34420567e-02) (-1.85385947e-04,7.76476391e-06)
-9.91983968e-01 (-2.33324239e-02,-6.65045457e-03) (-4.97150027e-03,7.37593906e-02) (-2.31655380e-04,1.02558608e-05)
-9.71943888e-01 (-2.12118378e-02,-6.88009058e-03) (-5.05957006e-03,7.40499154e-02) (-2.89627574e-04,1.35804633e-05)
-9.51903808e-01 (-1.89637500e-02,-7.12760565e-03) (-5.15074111e-03,7.43120036e-02) (-3.62314902e-04,1.80309357e-05)
-9.31863727e-01 (-1.65829656e-02,-7.39512373e-03) (-5.24525919e-03,7.45439610e-02) (-4.53523215e-04,2.40077075e-05)
-9.11823647e-01 (-1.40640516e-02,-7.68509154e-03) (-5.34339964e-03,7.47440247e-02) (-5.68067151e-04,3.20616510e-05)
-8.91783567e-01 (-1.14012936e-02,-8.00033841e-03) (-5.44547199e-03,7.49103592e-02) (-7.12045968e-04,4.29541329e-05)
-8.71743487e-01 (-8.58863492e-03,-8.34415361e-03) (-5.55182529e-03,7.50410524e-02) (-8.93197701e-04,5.77426134e-05)
-8.51703407e-01 (-5.61958750e-03,-8.72039229e-03) (-5.66285475e-03,7.51341112e-02) (-1.12135478e-03,7.79035393e-05)
-8.31663327e-01 (-2.48710994e-03,-9.13362979e-03) (-5.77900986e-03,7.51874545e-02) (-1.40903122e-03,1.05509949e-04)
-8.11623246e-01 (8.16553086e-04,-9.58939569e-03) (-5.90080503e-03,7.51989056e-02) (-1.77218045e-03,1.43489966e-04)
-7.91583166e-01 (4.30006201e-03,-1.00945332e-02) (-6.02883380e-03,7.51661816e-02) (-2.23117476e-03,1.96005810e-04)
-7.71543086e-01 (7.97317550e-03,-1.06577438e-02) (-6.16378886e-03,7.50868800e-02) (-2.81207140e-03,2.69013841e-04)
-7.51503006e-01 (1.18468813e-02,-1.12903853e-02) (-6.30649045e-03,7.49584636e-02) (-3.54824804e-03,3.71098871e-04)
-7.31462926e-01 (1.59333512e-02,-1.20075836e-02) (-6.45792715e-03,7.47782438e-02) (-4.48250961e-03,5.14727351e-04)
-7.11422846e-01 (2.02455459e-02,-1.28296885e-02) (-6.61931327e-03,7.45433662e-02) (-5.66978653e-03,7.18146788e-04)
-6.91382766e-01 (2.47962397e-02,-1.37840294e-02) (-6.79216753e-03,7.42508047e-02) (-7.18055002e-03,1.00829303e-03)
-6.71342685e-01 (2.95961948e-02,-1.49068162e-02) (-6.97841624e-03,7.38973720e-02) (-9.10503379e-03,1.42528653e-03)
-6.51302605e-01 (3.46512318e-02,-1.62448713e-02) (-7.18052146e-03,7.34797615e-02) (-1.15581937e-02,2.02944600e-03)
-6.31262525e-01 (3.99580313e-02,-1.78566998e-02) (-7.40162932e-03,7.29946345e-02) (-1.46848819e-02,2.91223736e-03)
-6.11222445e-01 (4.54987033e-02,-1.98122381e-02) (-7.64572606e-03,7.24387708e-02) (-1.86636429e-02,4.21306565e-03)
-5.91182365e-01 (5.12344699e-02,-2.21905254e-02) (-7.91777981e-03,7.18092976e-02) (-2.37054920e-02,6.14376815e-03)
-5.71142285e-01 (5.70992194e-02,-2.50745901e-02) (-8.22383594e-03,7.11040050e-02) (-3.00410403e-02,9.02088869e-03)
-5.51102204e-01 (6.29941326e-02,-2.85430952e-02) (-8.57102565e-03,7.03217427e-02) (-3.78866976e-02,1.33006903e-02)
-5.31062124e-01 (6.87849612e-02,-3.26588128e-02) (-8.96744363e-03,6.94628753e-02) (-4.73818813e-02,1.96027620e-02)
-5.11022044e-01 (7.43036927e-02,-3.74547814e-02) (-9.42185644e-03,6.85297498e-02) (-5.84989933e-02,2.86980009e-02)
-4.90981964e-01 (7.93560777e-02,-4.29199608e-02) (-9.94321950e-03,6.75271078e-02) (-7.09485119e-02,4.14342725e-02)
-4.70941884e-01 (8.37356840e-02,-4.89871135e-02) (-1.05400117e-02,6.64623570e-02) (-8.41259255e-02,5.85892881e-02)
-4.50901804e-01 (8.72437357e-02,-5.55261425e-02) (-1.12194369e-02,6.53456170e-02) (-9.71570203e-02,8.06787197e-02)
-4.30861723e-01 (8.97122430e-02,-6.23458125e-02) (-1.19865846e-02,6.41894741e-02) (-1.09072968e-01,1.07792683e-01)
-4.10821643e-01 (9.10263544e-02,-6.92054170e-02) (-1.28436765e-02,6.30084243e-02) (-1.19085014e-01,1.39552093e-01)
-3.90781563e-01 (9.11411627e-02,-7.58356917e-02) (-1.37895313e-02,6.18180460e-02) (-1.26861146e-01,1.75239788e-01)
-3.70741483e-01 (9.00889011e-02,-8.19657499e-02) (-1.48193558e-02,6.06340052e-02) (-1.32683299e-01,2.14077197e-01)
-3.50701403e-01 (8.79745920e-02,-8.73509712e-02) (-1.59249116e-02,5.94710406e-02) (-1.37411575e-01,2.55535559e-01)
-3.30661323e-01 (8.49610955e-02,-9.17964091e-02) (-1.70950324e-02,5.83420820e-02) (-1.42277272e-01,2.99548653e-01)
-3.10621242e-01 (8.12471224e-02,-9.51715822e-02) (-1.83164012e-02,5.72576252e-02) (-1.48606312e-01,3.46548018e-01)
-2.90581162e-01 (7.70431793e-02,-9.74149626e-02) (-1.95744524e-02,5.62254235e-02) (-1.57588156e-01,3.97331532e-01)
-2.70541082e-01 (7.25502566e-02,-9.85291128e-02) (-2.08542659e-02,5.52504883e-02) (-1.70154167e-01,4.52840751e-01)
-2.50501002e-01 (6.79446450e-02,-9.85693637e-02) (-2.21413431e-02,5.43353366e-02) (-1.86958787e-01,5.13929494e-01)
-2.30460922e-01 (6.33702584e-02,-9.76297116e-02) (-2.34222053e-02,5.34803873e-02) (-2.08412843e-01,5.81170157e-01)
-2.10420842e-01 (5.89379647e-02,-9.58292980e-02) (-2.46848026e-02,5.26844081e-02) (-2.34715051e-01,6.54702373e-01)
-1.90380762e-01 (5.47301112e-02,-9.33017788e-02) (-2.59187601e-02,5.19449293e-02) (-2.65850322e-01,7.34107761e-01)
-1.70340681e-01 (5.08078384e-02,-9.01885557e-02) (-2.71155102e-02,5.12585735e-02) (-3.01549713e-01,8.18298356e-01)
-1.50300601e-01 (4.72188060e-02,-8.66355909e-02) (-2.82683618e-02,5.06212782e-02) (-3.41225151e-01,9.05424132e-01)
-1.30260521e-01 (4.40034406e-02,-8.27926214e-02) (-2.93725497e-02,5.00284242e-02) (-3.83901785e-01,9.92824340e-01)
-1.10220441e-01 (4.11985334e-02,-7.88131312e-02) (-3.04252838e-02,4.94748960e-02) (-4.28175293e-01,1.07706025e+00)
-9.01803607e-02 (3.88377938e-02,-7.48534651e-02) (-3.14257976e-02,4.89551158e-02) (-4.72221994e-01,1.15406804e+00)
-7.01402806e-02 (3.69496727e-02,-7.10699052e-02) (-3.23753741e-02,4.84630898e-02) (-5.13884077e-01,1.21945632e+00)
-5.01002004e-02 (3.55533073e-02,-6.76132561e-02) (-3.32773181e-02,4.79924990e-02) (-5.50838434e-01,1.26894185e+00)
-3.00601202e-02 (3.46537586e-02,-6.46213208e-02) (-3.41368417e-02,4.75368513e-02) (-5.80835598e-01,1.29887385e+00)
-1.00200401e-02 (3.42377843e-02,-6.22103859e-02) (-3.49608395e-02,4.70896957e-02) (-6.01970888e-01,1.30675511e+00)
1.00200401e-02 (3.42712130e-02,-6.04672835e-02) (-3.57575531e-02,4.66448850e-02) (-6.12932316e-01,1.29164498e+00)
3.00601202e-02 (3.46985852e-02,-5.94436245e-02) (-3.65361395e-02,4.61968585e-02) (-6.13168499e-01,1.25434160e+00)
5.01002004e-02 (3.54451891e-02,-5.91533999e-02) (-3.73061846e-02,4.57409138e-02) (-6.02937822e-01,1.19729014e+00)
7.01402806e-02 (3.64210652e-02,-5.95744127e-02) (-3.80772100e-02,4.52734367e-02) (-5.83231485e-01,1.12423605e+00)
9.01803607e-02 (3.75261260e-02,-6.06531556e-02) (-3.88582234e-02,4.47920684e-02) (-5.55595572e-01,1.03970781e+00)
1.10220441e-01 (3.86553692e-02,-6.23120072e-02) (-3.96573524e-02,4.42958022e-02) (-5.21898558e-01,9.48449558e-01)
1.30260521e-01 (3.97032974e-02,-6.44571751e-02) (-4.04815823e-02,4.37850147e-02) (-4.84094948e-01,8.54917611e-01)
1.50300601e-01 (4.05670658e-02,-6.69857676e-02) (-4.13365974e-02,4.32614477e-02) (-4.44025092e-01,7.62917982e-01)
1.70340681e-01 (4.11484289e-02,-6.97907053e-02) (-4.22267025e-02,4.27281573e-02) (-4.03272985e-01,6.75411504e-01)
1.90380762e-01 (4.13550795e-02,-7.27628028e-02) (-4.31547921e-02,4.21894446e-02) (-3.63085745e-01,5.94470458e-01)
2.10420842e-01 (4.11023184e-02,-7.57901121e-02) (-4.41223266e-02,4.16507705e-02) (-3.24345845e-01,5.21344529e-01)
2.30460922e-01 (4.03160346e-02,-7.87553751e-02) (-4.51292840e-02,4.11186427e-02) (-2.87581757e-01,4.56585958e-01)
2.50501002e-01 (3.89376805e-02,-8.15330417e-02) (-4.61740699e-02,4.06004529e-02) (-2.53004409e-01,4.00189005e-01)
2.70541082e-01 (3.69313218e-02,-8.39876439e-02) (-4.72533913e-02,4.01042342e-02) (-2.20563738e-01,3.51711998e-01)
2.90581162e-01 (3.42920277e-02,-8.59752753e-02) (-4.83621247e-02,3.96383143e-02) (-1.90028206e-01,3.10368714e-01)
3.10621242e-01 (3.10540197e-02,-8.73494271e-02) (-4.94932282e-02,3.92108547e-02) (-1.61093928e-01,2.75097643e-01)
3.30661323e-01 (2.72963607e-02,-8.79714799e-02) (-5.06377611e-02,3.88292917e-02) (-1.33521490e-01,2.44637760e-01)
3.50701403e-01 (2.31438145e-02,-8.77248475e-02) (-5.17850703e-02,3.84997271e-02) (-1.07275633e-01,2.17645795e-01)
3.70741483e-01 (1.87610661e-02,-8.65304075e-02) (-5.29231780e-02,3.82263467e-02) (-8.26171691e-02,1.92870678e-01)
3.90781563e-01 (1.43398282e-02,-8.43598723e-02) (-5.40393695e-02,3.80109618e-02) (-6.00913419e-02,1.69357278e-01)
4.10821643e-01 (1.00801904e-02,-8.12436184e-02) (-5.51209302e-02,3.78527640e-02) (-4.03904098e-02,1.46608619e-01)
4.30861723e-01 (6.16933864e-03,-7.72704740e-02) (-5.61559367e-02,3.77483517e-02) (-2.41308083e-02,1.24628998e-01)
4.50901804e-01 (2.76176558e-03,-7.25788713e-02) (-5.71339886e-02,3.76920397e-02) (-1.16375414e-02,1.03815808e-01)
4.70941884e-01 (-3.51385348e-05,-6.73409848e-02) (-5.80467690e-02,3.76764019e-02) (-2.83040499e-03,8.47411994e-02)
4.90981964e-01 (-2.16765501e-03,-6.17431898e-02) (-5.88883630e-02,3.76929551e-02) (2.74677994e-03,6.79169066e-02)
5.11022044e-01 (-3.63406258e-03,-5.59667761e-02) (-5.96553091e-02,3.77328738e-02) (5.78513986e-03,5.36325642e-02)
5.31062124e-01 (-4.47623429e-03,-5.01722758e-02) (-6.03464152e-02,3.77876301e-02) (7.03347683e-03,4.19078522e-02)
5.51102204e-01 (-4.76718873e-03,-4.44893758e-02) (-6.09624024e-02,3.78494891e-02) (7.15612438e-03,3.25402461e-02)
5.71142285e-01 (-4.59750650e-03,-3.90128136e-02) (-6.15054571e-02,3.79118254e-02) (6.66009039e-03,2.51979979e-02)
5.91182365e-01 (-4.06299824e-03,-3.38034023e-02) (-6.19787683e-02,3.79692639e-02) (5.88627309e-03,1.95103944e-02)
6.11222445e-01 (-3.25510877e-03,-2.88926318e-02) (-6.23861069e-02,3.80176751e-02) (5.03878666e-03,1.51294692e-02)
6.31262525e-01 (-2.25461784e-03,-2.42891471e-02) (-6.27314822e-02,3.80540663e-02) (4.22600936e-03,1.17597341e-02)
6.51302605e-01 (-1.12847456e-03,-1.99856326e-02) (-6.30188902e-02,3.80764126e-02) (3.49703675e-03,9.16472709e-03)
6.71342685e-01 (7.08410041e-05,-1.59650582e-02) (-6.32521499e-02,3.80834654e-02) (2.86775724e-03,7.16136812e-03)
6.91382766e-01 (1.30421556e-03,-1.22056977e-02) (-6.34348136e-02,3.80745670e-02) (2.33711899e-03,5.61013864e-03)
7.11422846e-01 (2.54382799e-03,-8.68472402e-03) (-6.35701341e-02,3.80494879e-02) (1.89637239e-03,4.40530238e-03)
7.31462926e-01 (3.77073157e-03,-5.38046859e-03) (-6.36610689e-02,3.80082950e-02) (1.53398310e-03,3.46672683e-03)
7.51503006e-01 (4.97253198e-03,-2.27359305e-03) (-6.37103066e-02,3.79512524e-02) (1.23810013e-03,2.73352980e-03)
7.71543086e-01 (6.14141160e-03,6.52518980e-04) (-6.37203008e-02,3.78787501e-02) (9.97707288e-04,2.15929149e-03)
7.91583166e-01 (7.27259651e-03,3.41185655e-03) (-6.36933071e-02,3.77912557e-02) (8.03084226e-04,1.70848328e-03)
8.11623246e-01 (8.36325669e-03,6.01612578e-03) (-6.36314148e-02,3.76892836e-02) (6.45914327e-04,1.35380813e-03)
8.31663327e-01 (9.41177082e-03,8.47517764e-03) (-6.35365744e-02,3.75733753e-02) (5.19220605e-04,1.07421578e-03)
8.51703407e-01 (1.04172662e-02,1.07974194e-02) (-6.34106186e-02,3.74440872e-02) (4.17226475e-04,8.53416302e-04)
8.71743487e-01 (1.13793470e-02,1.29901615e-02) (-6.32552789e-02,3.73019836e-02) (3.35192495e-04,6.78762341e-04)
8.91783567e-01 (1.22979417e-02,1.50598874e-02) (-6.30721975e-02,3.71476312e-02) (2.69255006e-04,5.40404920e-04)
9.11823647e-01 (1.31732178e-02,1.70124507e-02) (-6.28629371e-02,3.69815963e-02) (2.16278706e-04,4.30652916e-04)
9.31863727e-01 (1.40055328e-02,1.88532163e-02) (-6.26289874e-02,3.68044412e-02) (1.73727756e-04,3.43485009e-04)
9.51903808e-01 (1.47954019e-02,2.05871586e-02) (-6.23717711e-02,3.66167227e-02) (1.39556073e-04,2.74176199e-04)
9.71943888e-01 (1.55434738e-02,2.22189313e-02) (-6.20926486e-02,3.64189898e-02) (1.12115618e-04,2.19010868e-04)
9.91983968e-01 (1.62505091e-02,2.37529177e-02) (-6.17929212e-02,3.62117825e-02) (9.00806217e-05,1.75061513e-04)
1.01202405e+00 (1.69173619e-02,2.51932690e-02) (-6.14738351e-02,3.59956299e-02) (7.23855185e-05,1.40017514e-04)
1.03206413e+00 (1.75449621e-02,2.65439329e-02) (-6.11365836e-02,3.57710496e-02) (5.81744159e-05,1.12052217e-04)
1.05210421e+00 (1.81343009e-02,2.78086775e-02) (-6.07823098e-02,3.55385467e-02) (4.67601252e-05,8.97194510e-05)
1.07214429e+00 (1.86864172e-02,2.89911100e-02) (-6.04121090e-02,3.52986129e-02) (3.75910570e-05,7.18727347e-05)
1.09218437e+00 (1.92023861e-02,3.00946919e-02) (-6.00270304e-02,3.50517262e-02) (3.02245317e-05,5.76020581e-05)
1.11222445e+00 (1.96833097e-02,3.11227512e-02) (-5.96280790e-02,3.47983504e-02) (2.43052976e-05,4.61842937e-05)
1.13226453e+00 (2.01303083e-02,3.20784933e-02) (-5.92162172e-02,3.45389346e-02) (1.95482630e-05,3.70442231e-05)
1.15230461e+00 (2.05445135e-02,3.29650086e-02) (-5.87923667e-02,3.42739135e-02) (1.57246272e-05,2.97238483e-05)
1.17234469e+00 (2.09270620e-02,3.37852797e-02) (-5.83574094e-02,3.40037068e-02) (1.26507493e-05,2.38581840e-05)
1.19238477e+00 (2.12790905e-02,3.45421872e-02) (-5.79121891e-02,3.37287195e-02) (1.01792162e-05,1.91561328e-05)
1.21242485e+00 (2.16017309e-02,3.52385138e-02) (-5.74575127e-02,3.34493417e-02) (8.19167901e-06,1.53853538e-05)
1.23246493e+00 (2.18961066e-02,3.58769488e-02) (-5.69941516e-02,3.31659489e-02) (6.59310803e-06,1.23602744e-05)
1.25250501e+00 (2.21633290e-02,3.64600910e-02) (-5.65228427e-02,3.28789020e-02) (5.30718494e-06,9.93258131e-06)
1.27254509e+00 (2.24044947e-02,3.69904520e-02) (-5.60442895e-02,3.25885476e-02) (4.27260801e-06,7.98366903e-06)
1.29258517e+00 (2.26206827e-02,3.74704583e-02) (-5.55591636e-02,3.22952178e-02) (3.44012868e-06,6.41863686e-06)
1.31262525e+00 (2.28129527e-02,3.79024539e-02) (-5.50681053e-02,3.19992312e-02) (2.77017455e-06,5.16151210e-06)
1.33266533e+00 (2.29823430e-02,3.82887024e-02) (-5.45717249e-02,3.17008924e-02) (2.23094264e-06,4.15144570e-06)
1.35270541e+00 (2.31298691e-02,3.86313886e-02) (-5.40706040e-02,3.14004928e-02) (1.79686950e-06,3.33967984e-06)
1.37274549e+00 (2.32565224e-02,3.89326206e-02) (-5.35652960e-02,3.10983106e-02) (1.44740343e-06,2.68712904e-06)
1.39278557e+00 (2.33632692e-02,3.91944313e-02) (-5.30563273e-02,3.07946114e-02) (1.16601919e-06,2.16244913e-06)
1.41282565e+00 (2.34510499e-02,3.94187806e-02) (-5.25441986e-02,3.04896483e-02) (9.39426898e-07,1.74049484e-06)
1.43286573e+00 (2.35207786e-02,3.96075563e-02) (-5.20293851e-02,3.01836622e-02) (7.56936904e-07,1.40108695e-06)
1.45290581e+00 (2.35733422e-02,3.97625765e-02) (-5.15123384e-02,2.98768825e-02) (6.09949695e-07,1.12802635e-06)
1.47294589e+00 (2.36096004e-02,3.98855905e-02) (-5.09934863e-02,2.95695271e-02) (4.91546166e-07,9.08305063e-07)
1.49298597e+00 (2.36303856e-02,3.99782813e-02) (-5.04732348e-02,2.92618028e-02) (3.96158450e-07,7.31474684e-07)
1.51302605e+00 (2.36365028e-02,4.00422662e-02) (-4.99519680e-02,2.89539058e-02) (3.19305400e-07,5.89140495e-07)
1.53306613e+00 (2.36287295e-02,4.00790995e-02) (-4.94300495e-02,2.86460221e-02) (2.57380000e-07,4.74556118e-07)
1.55310621e+00 (2.36078159e-02,4.00902732e-02) (-4.89078231e-02,2.83383277e-02) (2.07478473e-07,3.82298581e-07)
1.57314629e+00 (2.35744856e-02,4.00772195e-02) (-4.83856135e-02,2.80309889e-02) (1.67262881e-07,3.08007748e-07)
1.59318637e+00 (2.35294351e-02,4.00413118e-02) (-4.78637272e-02,2.77241627e-02) (1.34850638e-07,2.48177282e-07)
1.61322645e+00 (2.34733350e-02,3.99838665e-02) (-4.73424531e-02,2.74179976e-02) (1.08725649e-07,1.99986897e-07)
1.63326653e+00 (2.34068297e-02,3.99061451e-02) (-4.68220634e-02,2.71126330e-02) (8.76668285e-08,1.61167711e-07)
1.65330661e+00 (2.33305385e-02,3.98093551e-02) (-4.63028141e-02,2.68082004e-02) (7.06905937e-08,1.29894109e-07)
1.67334669e+00 (2.32450559e-02,3.96946524e-02) (-4.57849459e-02,2.65048233e-02) (5.70045883e-08,1.04696907e-07)
1.69338677e+00 (2.31509518e-02,3.95631424e-02) (-4.52686848e-02,2.62026178e-02) (4.59704436e-08,8.43935752e-08)
1.71342685e+00 (2.30487728e-02,3.94158819e-02) (-4.47542428e-02,2.59016923e-02) (3.70738048e-08,6.80321664e-08)
1.73346693e+00 (2.29390420e-02,3.92538805e-02) (-4.42418182e-02,2.56021487e-02) (2.99002027e-08,5.48462489e-08)
1.75350701e+00 (2.28222604e-02,3.90781024e-02) (-4.37315966e-02,2.53040820e-02) (2.41156281e-08,4.42186712e-08)
1.77354709e+00 (2.26989069e-02,3.88894680e-02) (-4.32237514e-02,2.50075808e-02) (1.94508908e-08,3.56524240e-08)
1.79358717e+00 (2.25694393e-02,3.86888552e-02) (-4.27184441e-02,2.47127277e-02) (1.56890236e-08,2.87472040e-08)
1.81362725e+00 (2.24342948e-02,3.84771010e-02) (-4.22158253e-02,2.44195995e-02) (1.26551385e-08,2.31805619e-08)
1.83366733e+00 (2.22938909e-02,3.82550033e-02) (-4.17160347e-02,2.41282671e-02) (1.02082559e-08,1.86927320e-08)
1.85370741e+00 (2.21486256e-02,3.80233218e-02) (-4.12192020e-02,2.38387967e-02) (8.23472261e-09,1.50744270e-08)
1.87374749e+00 (2.19988785e-02,3.77827801e-02) (-4.07254471e-02,2.35512488e-02) (6.64290959e-09,1.21570127e-08)
1.89378758e+00 (2.18450112e-02,3.75340664e-02) (-4.02348810e-02,2.32656796e-02) (5.35893917e-09,9.80459799e-09)
1.91382766e+00 (2.16873681e-02,3.72778356e-02) (-3.97476057e-02,2.29821403e-02) (4.32324279e-09,7.90766846e-09)
1.93386774e+00 (2.15262767e-02,3.70147099e-02) (-3.92637150e-02,2.27006780e-02) (3.48778705e-09,6.37795985e-09)
1.95390782e+00 (2.13620486e-02,3.67452809e-02) (-3.87832946e-02,2.24213355e-02) (2.81383802e-09,5.14432950e-09)
1.97394790e+00 (2.11949802e-02,3.64701101e-02) (-3.83064231e-02,2.21441517e-02) (2.27015908e-09,4.14943008e-09)
1.99398798e+00 (2.10253526e-02,3.61897306e-02) (-3.78331715e-02,2.18691617e-02) (1.83155867e-09,3.34703171e-09)
2.01402806e+00 (2.08534331e-02,3.59046481e-02) (-3.73636045e-02,2.15963970e-02) (1.47771960e-09,2.69986470e-09)
2.03406814e+00 (2.06794750e-02,3.56153422e-02) (-3.68977799e-02,2.13258859e-02) (1.19225516e-09,2.17788063e-09)
2.05410822e+00 (2.05037187e-02,3.53222674e-02) (-3.64357499e-02,2.10576532e-02) (9.61948285e-10,1.75685217e-09)
2.07414830e+00 (2.03263919e-02,3.50258544e-02) (-3.59775605e-02,2.07917209e-02) (7.76137948e-10,1.41724385e-09)
2.09418838e+00 (2.01477103e-02,3.47265106e-02) (-3.55232526e-02,2.05281079e-02) (6.26224661e-10,1.14330295e-09)
2.11422846e+00 (1.99678781e-02,3.44246219e-02) (-3.50728618e-02,2.02668306e-02) (5.05271610e-10,9.22326789e-10)
2.13426854e+00 (1.97870884e-02,3.41205530e-02) (-3.46264188e-02,2.00079027e-02) (4.07682833e-10,7.44070523e-10)
2.15430862e+00 (1.96055239e-02,3.38146488e-02) (-3.41839496e-02,1.97513353e-02) (3.28944136e-10,6.00272412e-10)
2.17434870e+00 (1.94233569e-02,3.35072350e-02) (-3.37454761e-02,1.94971375e-02) (2.65413875e-10,4.84269753e-10)
2.19438878e+00 (1.92407505e-02,3.31986191e-02) (-3.33110157e-02,1.92453160e-02) (2.14153980e-10,3.90687783e-10)
2.21442886e+00 (1.90578582e-02,3.28890913e-02) (-3.28805822e-02,1.89958755e-02) (1.72794223e-10,3.15192071e-10)
2.23446894e+00 (1.88748249e-02,3.25789252e-02) (-3.24541856e-02,1.87488187e-02) (1.39422363e-10,2.54286674e-10)
2.25450902e+00 (1.86917872e-02,3.22683787e-02) (-3.20318326e-02,1.85041466e-02) (1.12495429e-10,2.05150709e-10)
2.27454910e+00 (1.85088736e-02,3.19576946e-02) (-3.16135265e-02,1.82618583e-02) (9.07687007e-11,1.65509644e-10)
2.29458918e+00 (1.83262049e-02,3.16471015e-02) (-3.11992674e-02,1.80219515e-02) (7.32379372e-11,1.33528795e-10)
2.31462926e+00 (1.81438949e-02,3.13368143e-02) (-3.07890529e-02,1.77844221e-02) (5.90926989e-11,1.07727324e-10)
2.33466934e+00 (1.79620503e-02,3.10270348e-02) (-3.03828775e-02,1.75492648e-02) (4.76791618e-11,8.69111645e-11)
2.35470942e+00 (1.77807713e-02,3.07179529e-02) (-2.99807333e-02,1.73164729e-02) (3.84698225e-11,7.01171776e-11)
2.37474950e+00 (1.76001517e-02,3.04097463e-02) (-2.95826102e-02,1.70860383e-02) (3.10389857e-11,5.65678642e-11)
2.39478958e+00 (1.74202796e-02,3.01025818e-02) (-2.91884955e-02,1.68579519e-02) (2.50432810e-11,4.56366159e-11)
2.41482966e+00 (1.72412372e-02,2.97966156e-02) (-2.87983746e-02,1.66322034e-02) (2.02055874e-11,3.68177168e-11)
2.43486974e+00 (1.70631016e-02,2.94919939e-02) (-2.84122309e-02,1.64087814e-02) (1.63021652e-11,2.97024999e-11)
2.45490982e+00 (1.68859445e-02,2.91888533e-02) (-2.80300461e-02,1.61876737e-02) (1.31526377e-11,2.39620887e-11)
2.47494990e+00 (1.67098329e-02,2.88873213e-02) (-2.76517999e-02,1.59688670e-02) (1.06114493e-11,1.93309908e-11)
2.49498998e+00 (1.65348292e-02,2.85875167e-02) (-2.72774706e-02,1.57523474e-02) (8.56107080e-12,1.55945328e-11)
2.51503006e+00 (1.63609914e-02,2.82895505e-02) (-2.69070349e-02,1.55380999e-02) (6.90678285e-12,1.25802650e-11)
2.53507014e+00 (1.61883733e-02,2.79935256e-02) (-2.65404682e-02,1.53261091e-02) (5.57206092e-12,1.01484873e-11)
2.55511022e+00 (1.60170250e-02,2.76995377e-02) (-2.61777447e-02,1.51163588e-02) (4.49515289e-12,8.18645524e-12)
2.57515030e+00 (1.58469927e-02,2.74076757e-02) (-2.58188370e-02,1.49088319e-02) (3.62634073e-12,6.60382594e-12)
2.59519038e+00 (1.56783190e-02,2.71180218e-02) (-2.54637170e-02,1.47035112e-02) (2.92539467e-12,5.32701489e-12)
2.61523046e+00 (1.55110432e-02,2.68306518e-02) (-2.51123555e-02,1.45003787e-02) (2.35987717e-12,4.29697038e-12)
2.63527054e+00 (1.53452017e-02,2.65456360e-02) (-2.47647221e-02,1.42994159e-02) (1.90362743e-12,3.46602631e-12)
2.65531062e+00 (1.51808276e-02,2.62630387e-02) (-2.44207858e-02,1.41006039e-02) (1.53552618e-12,2.79562260e-12)
2.67535070e+00 (1.50179513e-02,2.59829193e-02) (-2.40805147e-02,1.39039234e-02) (1.23857520e-12,2.25485212e-12)
2.69539078e+00 (1.48566004e-02,2.57053319e-02) (-2.37438761e-02,1.37093547e-02) (9.99041317e-13,1.81870793e-12)
2.71543086e+00 (1.46968002e-02,2.54303261e-02) (-2.34108367e-02,1.35168777e-02) (8.05805623e-13,1.46684217e-12)
2.73547094e+00 (1.45385735e-02,2.51579471e-02) (-2.30813626e-02,1.33264721e-02) (6.49928614e-13,1.18304152e-12)
2.75551102e+00 (1.43819408e-02,2.48882356e-02) (-2.27554192e-02,1.31381173e-02) (5.24189342e-13,9.54114671e-13)
2.77555110e+00 (1.42269206e-02,2.46212287e-02) (-2.24329717e-02,1.29517923e-02) (4.22767462e-13,7.69467850e-13)
2.79559118e+00 (1.40735292e-02,2.43569595e-02) (-2.21139844e-02,1.27674761e-02) (3.40955174e-13,6.20583092e-13)
2.81563126e+00 (1.39217812e-02,2.40954576e-02) (-2.17984216e-02,1.25851473e-02) (2.74933432e-13,5.00315012e-13)
2.83567134e+00 (1.37716893e-02,2.38367494e-02) (-2.14862470e-02,1.24047844e-02) (2.21711972e-13,4.03500390e-13)
2.85571142e+00 (1.36232646e-02,2.35808582e-02) (-2.11774241e-02,1.22263658e-02) (1.78782706e-13,3.25345014e-13)
2.87575150e+00 (1.34765166e-02,2.33278042e-02) (-2.08719161e-02,1.20498697e-02) (1.44162710e-13,2.62310099e-13)
2.89579158e+00 (1.33314534e-02,2.30776048e-02) (-2.05696858e-02,1.18752742e-02) (1.16258340e-13,2.11590280e-13)
2.91583166e+00 (1.31880815e-02,2.28302750e-02) (-2.02706959e-02,1.17025573e-02) (9.37175537e-14,1.70516535e-13)
2.93587174e+00 (1.30464063e-02,2.25858273e-02) (-1.99749090e-02,1.15316969e-02) (7.55411495e-14,1.37423316e-13)
2.95591182e+00 (1.29064318e-02,2.23442718e-02) (-1.96822876e-02,1.13626709e-02) (6.09098223e-14,1.10834701e-13)
2.97595190e+00 (1.27681610e-02,2.21056164e-02) (-1.93927938e-02,1.11954572e-02) (4.91076305e-14,8.93423205e-14)
2.99599198e+00 (1.26315958e-02,2.18698672e-02) (-1.91063898e-02,1.10300335e-02) (3.95949374e-14,7.20271411e-14)
3.01603206e+00 (1.24967371e-02,2.16370283e-02) (-1.88230377e-02,1.08663775e-02) (3.19282622e-14,5.81157520e-14)
3.03607214e+00 (1.23635846e-02,2.14071019e-02) (-1.85426996e-02,1.07044672e-02) (2.57215806e-14,4.67735122e-14)
3.05611222e+00 (1.22321376e-02,2.11800887e-02) (-1.82653376e-02,1.05442801e-02) (2.07313366e-14,3.77049361e-14)
3.07615230e+00 (1.21023941e-02,2.09559879e-02) (-1.79909138e-02,1.03857942e-02) (1.67201533e-14,3.04324262e-14)
3.09619238e+00 (1.19743516e-02,2.07347970e-02) (-1.77193901e-02,1.02289873e-02) (1.34741313e-14,2.45007814e-14)
3.11623246e+00 (1.18480069e-02,2.05165124e-02) (-1.74507287e-02,1.00738372e-02) (1.08585925e-14,1.97633837e-14)
3.13627255e+00 (1.17233560e-02,2.03011291e-02) (-1.71848917e-02,9.92032180e-03) (8.73843211e-15,1.58952268e-14)
3.15631263e+00 (1.16003944e-02,2.00886411e-02) (-1.69218415e-02,9.76841910e-03) (7.02415941e-15,1.27695719e-14)
3.17635271e+00 (1.14791169e-02,1.98790412e-02) (-1.66615404e-02,9.61810711e-03) (5.65030092e-15,1.02677201e-14)
3.19639279e+00 (1.13595179e-02,1.96723211e-02) (-1.64039507e-02,9.46936395e-03) (4.56314277e-15,8.27877492e-15)
3.21643287e+00 (1.12415913e-02,1.94684718e-02) (-1.61490350e-02,9.32216777e-03) (3.70430419e-15,6.77901195e-15)
3.23647295e+00 (1.11253305e-02,1.92674832e-02) (-1.58967560e-02,9.17649684e-03) (2.97487165e-15,5.40371664e-15)
3.25651303e+00 (1.10107285e-02,1.90693447e-02) (-1.56470765e-02,9.03232950e-03) (2.38443890e-15,4.31907204e-15)
3.27655311e+00 (1.08977780e-02,1.88740447e-02) (-1.53999595e-02,8.88964419e-03) (1.92654418e-15,3.51550751e-15)
3.29659319e+00 (1.07864711e-02,1.86815711e-02) (-1.51553680e-02,8.74841945e-03) (1.55322589e-15,2.81642616e-15)
3.31663327e+00 (1.06767999e-02,1.84919110e-02) (-1.49132652e-02,8.60863392e-03) (1.25193679e-15,2.29587357e-15)
3.33667335e+00 (1.05687560e-02,1.83050512e-02) (-1.46736148e-02,8.47026635e-03) (9.94497100e-16,1.78998869e-15)
3.35671343e+00 (1.04623310e-02,1.81209778e-02) (-1.44363801e-02,8.33329559e-03) (8.02490889e-16,1.45458405e-15)
3.37675351e+00 (1.03575158e-02,1.79396766e-02) (-1.42015252e-02,8.19770061e-03) (6.57338682e-16,1.20590732e-15)
3.39679359e+00 (1.02543017e-02,1.77611328e-02) (-1.39690138e-02,8.06346051e-03) (5.33631938e-16,9.63559944e-16)
3.41683367e+00 (1.01526792e-02,1.75853313e-02) (-1.37388103e-02,7.93055448e-03) (4.37137112e-16,8.02278607e-16)
3.43687375e+00 (1.00526392e-02,1.74122568e-02) (-1.35108789e-02,7.79896185e-03) (3.51482758e-16,6.46051634e-16)
3.45691383e+00 (9.95417199e-03,1.72418936e-02) (-1.32851843e-02,7.66866207e-03) (2.69127092e-16,4.93148890e-16)
3.47695391e+00 (9.85726802e-03,1.70742257e-02) (-1.30616913e-02,7.53963472e-03) (1.97138877e-16,3.44507614e-16)
3.49699399e+00 (9.76191755e-03,1.69092369e-02) (-1.28403648e-02,7.41185950e-03) (1.56516630e-16,2.70509002e-16)
3.51703407e+00 (9.66811074e-03,1.67469109e-02) (-1.26211701e-02,7.28531623e-03) (1.45633129e-16,2.68140290e-16)
3.53707415e+00 (9.57583770e-03,1.65872312e-02) (-1.24040726e-02,7.15998487e-03) (1.35623136e-16,2.64998724e-16)
3.55711423e+00 (9.48508849e-03,1.64301812e-02) (-1.21890378e-02,7.03584551e-03) (1.05544622e-16,1.94974372e-16)
3.57715431e+00 (9.39585311e-03,1.62757441e-02) (-1.19760318e-02,6.91287836e-03) (6.95592433e-17,1.26343372e-16)
3.59719439e+00 (9.30812156e-03,1.61239030e-02) (-1.17650205e-02,6.79106376e-03) (4.15889724e-17,6.03640322e-17)
3.61723447e+00 (9.22188378e-03,1.59746411e-02) (-1.15559702e-02,6.67038220e-03) (4.01340528e-17,6.07555481e-17)
3.63727455e+00 (9.13712977e-03,1.58279416e-02) (-1.13488474e-02,6.55081429e-03) (5.15168873e-17,1.22301688e-16)
3.65731463e+00 (9.05384948e-03,1.56837874e-02) (-1.11436190e-02,6.43234075e-03) (3.23845341e-17,5.91861968e-17)
3.67735471e+00 (8.97203293e-03,1.55421618e-02) (-1.09402518e-02,6.31494246e-03) (1.34639396e-17,-1.73882318e-18)
3.69739479e+00 (8.89167015e-03,1.54030477e-02) (-1.07387130e-02,6.19860041e-03) (2.43703114e-17,5.74873978e-17)
3.71743487e+00 (8.81275119e-03,1.52664285e-02) (-1.05389700e-02,6.08329574e-03) (2.39121843e-17,5.71216764e-17)
3.73747495e+00 (8.73526619e-03,1.51322874e-02) (-1.03409904e-02,5.96900970e-03) (6.31837221e-18,-5.47229222e-19)
3.75751503e+00 (8.65920532e-03,1.50006076e-02) (-1.01447421e-02,5.85572367e-03) (4.04473086e-19,-1.28906803e-18)
3.77755511e+00 (8.58455882e-03,1.48713726e-02) (-9.95019300e-03,5.74341918e-03) (5.83778183e-18,-4.97299988e-19)
3.79759519e+00 (8.51131702e-03,1.47445660e-02) (-9.75731150e-03,5.63207785e-03) (2.19834683e-17,5.29162479e-17)
3.81763527e+00 (8.43947031e-03,1.46201714e-02) (-9.56606603e-03,5.52168146e-03) (2.17805213e-17,5.18782152e-17)
3.83767535e+00 (8.36900918e-03,1.44981726e-02) (-9.37642527e-03,5.41221189e-03) (5.79109415e-18,-4.58577171e-19)
3.85771543e+00 (8.29992421e-03,1.43785535e-02) (-9.18835813e-03,5.30365116e-03) (1.89363813e-19,-6.08817921e-19)
3.87775551e+00 (8.23220607e-03,1.42612983e-02) (-9.00183370e-03,5.19598140e-03) (-5.50274164e-20,-4.74869950e-20)
3.89779559e+00 (8.16584555e-03,1.41463911e-02) (-8.81682130e-03,5.08918487e-03) (-7.68880424e-21,3.56055550e-21)
3.91783567e+00 (8.10083354e-03,1.40338165e-02) (-8.63329044e-03,4.98324394e-03) (2.19239291e-23,9.95047384e-22)
3.93787575e+00 (8.03716105e-03,1.39235591e-02) (-8.45121085e-03,4.87814111e-03) (9.32727445e-23,6.29332400e-23)
3.95791583e+00 (7.97481919e-03,1.38156037e-02) (-8.27055243e-03,4.77385899e-03) (-1.87828621e-24,-2.10875350e-23)
3.97795591e+00 (7.91379923e-03,1.37099352e-02) (-8.09128530e-03,4.67038029e-03) (6.89750530e-24,-4.80307682e-24)
3.99799599e+00 (7.85409254e-03,1.36065391e-02) (-7.91337977e-03,4.56768786e-03) (2.01466190e-24,7.98593352e-24)
4.01803607e+00 (7.79569061e-03,1.35054006e-02) (-7.73680633e-03,4.46576465e-03) (-4.61246065e-24,1.19636080e-24)
4.03807615e+00 (7.73858510e-03,1.34065055e-02) (-7.56153566e-03,4.36459372e-03) (1.16400106e-24,-1.62764339e-24)
4.05811623e+00 (7.68276778e-03,1.33098397e-02) (-7.38753865e-03,4.26415823e-03) (2.35134379e-24,1.10548785e-24)
4.07815631e+00 (7.62823056e-03,1.32153893e-02) (-7.21478633e-03,4.16444145e-03) (-8.99202686e-25,1.58009680e-24)
4.09819639e+00 (7.57496551e-03,1.31231407e-02) (-7.04324995e-03,4.06542677e-03) (-2.23177089e-25,-3.81759587e-26)
4.11823647e+00 (7.52296483e-03,1.30330805e-02) (-6.87290090e-03,3.96709766e-03) (-5.01310396e-25,2.94177764e-26)
4.13827655e+00 (7.47222087e-03,1.29451957e-02) (-6.70371078e-03,3.86943771e-03) (4.99959164e-25,5.16517100e-25)
4.15831663e+00 (7.42272615e-03,1.28594732e-02) (-6.53565132e-03,3.77243058e-03) (-8.40312023e-25,2.91270796e-25)
4.17835671e+00 (7.37447330e-03,1.27759005e-02) (-6.36869444e-03,3.67606007e-03) (5.29495324e-25,-3.91977232e-25)
4.19839679e+00 (7.32745515e-03,1.26944653e-02) (-6.20281222e-03,3.58031004e-03) (-6.42915370e-25,1.25175878e-24)
4.21843687e+00 (7.28166465e-03,1.26151555e-02) (-6.03797691e-03,3.48516445e-03) (-1.15261039e-25,-6.37469741e-25)
4.23847695e+00 (7.23709493e-03,1.25379591e-02) (-5.87416088e-03,3.39060735e-03) (7.07897894e-25,1.01600560e-24)
4.25851703e+00 (7.19373927e-03,1.24628647e-02) (-5.71133669e-03,3.29662289e-03) (-1.01817177e-24,-2.48596430e-25)
4.27855711e+00 (7.15159111e-03,1.23898611e-02) (-5.54947703e-03,3.20319531e-03) (5.28172999e-25,1.54007551e-25)
4.29859719e+00 (7.11064405e-03,1.23189370e-02) (-5.38855474e-03,3.11030890e-03) (-2.17138796e-25,9.54967538e-25)
4.31863727e+00 (7.07089186e-03,1.22500820e-02) (-5.22854280e-03,3.01794807e-03) (-1.75444911e-26,-3.57959592e-25)
4.33867735e+00 (7.03232847e-03,1.21832854e-02) (-5.06941433e-03,2.92609729e-03) (3.49402134e-25,8.88442359e-26)
4.35871743e+00 (6.99494797e-03,1.21185372e-02) (-4.91114258e-03,2.83474111e-03) (-4.67190795e-25,7.58713851e-25)
4.37875752e+00 (6.95874462e-03,1.20558274e-02) (-4.75370093e-03,2.74386417e-03) (4.29095566e-26,-4.67763544e-25)
4.39879760e+00 (6.92371286e-03,1.19951465e-02) (-4.59706290e-03,2.65345117e-03) (6.89627199e-25,5.32542366e-25)
4.41883768e+00 (6.88984726e-03,1.19364851e-02) (-4.44120212e-03,2.56348688e-03) (-1.18331606e-24,1.22128982e-27)
4.43887776e+00 (6.85714261e-03,1.18798343e-02) (-4.28609235e-03,2.47395615e-03) (8.42070720e-25,-1.93348687e-25)
4.45891784e+00 (6.82559382e-03,1.18251852e-02) (-4.13170744e-03,2.38484389e-03) (-2.59538692e-25,1.02527124e-24)
4.47895792e+00 (6.79519601e-03,1.17725295e-02) (-3.97802139e-03,2.29613507e-03) (-2.75404041e-25,-1.05144448e-24)
4.49899800e+00 (6.76594444e-03,1.17218590e-02) (-3.82500828e-03,2.20781474e-03) (3.97111775e-25,7.25180023e-25)
4.51903808e+00 (6.73783455e-03,1.16731658e-02) (-3.67264230e-03,2.11986798e-03) (-7.10339065e-25,2.25649650e-25)
4.53907816e+00 (6.71086196e-03,1.16264424e-02) (-3.52089775e-03,2.03227997e-03) (5.94510096e-25,-2.78218780e-25)
4.55911824e+00 (6.68502245e-03,1.15816815e-02) (-3.36974901e-03,1.94503591e-03) (-3.37629315e-25,3.25284791e-25)
4.57915832e+00 (6.66031199e-03,1.15388762e-02) (-3.21917057e-03,1.85812107e-03) (-1.39789712e-25,1.48873097e-25)
4.59919840e+00 (6.63672670e-03,1.14980197e-02) (-3.06913701e-03,1.77152076e-03) (4.01652172e-25,1.65195201e-25)
4.61923848e+00 (6.61426288e-03,1.14591058e-02) (-2.91962296e-03,1.68522037e-03) (-2.70702170e-25,-2.30822670e-25)
4.63927856e+00 (6.59291701e-03,1.14221282e-02) (-2.77060319e-03,1.59920530e-03) (-1.11037482e-25,5.29766227e-25)
4.65931864e+00 (6.57268575e-03,1.13870813e-02) (-2.62205249e-03,1.51346101e-03) (6.00316250e-25,2.32038356e-25)
4.67935872e+00 (6.55356590e-03,1.13539596e-02) (-2.47394576e-03,1.42797301e-03) (-2.04340647e-25,-4.99483744e-25)
4.69939880e+00 (6.53555448e-03,1.13227579e-02) (-2.32625795e-03,1.34272683e-03) (-1.20240418e-25,3.03701903e-25)
4.71943888e+00 (6.51864865e-03,1.12934712e-02) (-2.17896409e-03,1.25770806e-03) (5.43722561e-25,5.17742217e-25)
4.73947896e+00 (6.50284576e-03,1.12660951e-02) (-2.03203926e-03,1.17290231e-03) (-2.00608688e-25,-7.10023153e-25)
4.75951904e+00 (6.48814334e-03,1.12406253e-02) (-1.88545861e-03,1.08829524e-03) (2.37870715e-25,2.38039152e-25)
4.77955912e+00 (6.47453907e-03,1.12170578e-02) (-1.73919732e-03,1.00387253e-03) (2.05591670e-26,4.31286975e-25)
4.79959920e+00 (6.46203083e-03,1.11953889e-02) (-1.59323065e-03,9.19619877e-04) (3.35042093e-26,-7.17873002e-25)
4.81963928e+00 (6.45061666e-03,1.11756152e-02) (-1.44753388e-03,8.35523027e-04) (6.56714820e-25,5.18981387e-25)
4.83967936e+00 (6.44029480e-03,1.11577337e-02) (-1.30208236e-03,7.51567739e-04) (-4.64099572e-25,-1.66067505e-25)
4.85971944e+00 (6.43106364e-03,1.11417417e-02) (-1.15685144e-03,6.67739796e-04) (1.69192368e-25,-3.48311534e-25)
4.87975952e+00 (6.42292176e-03,1.11276366e-02) (-1.01181654e-03,5.84024999e-04) (7.42064372e-25,7.62382566e-25)
4.89979960e+00 (6.41586790e-03,1.11154164e-02) (-8.66953092e-04,5.00409169e-04) (-4.55438823e-25,-7.58093762e-25)
4.91983968e+00 (6.40990100e-03,1.11050792e-02) (-7.22236555e-04,4.16878140e-04) (1.39363301e-25,1.75569575e-25)
4.93987976e+00 (6.40502018e-03,1.10966234e-02) (-5.77642413e-04,3.33417760e-04) (4.72351566e-25,5.97364067e-25)
4.95991984e+00 (6.40122470e-03,1.10900478e-02) (-4.33146167e-04,2.50013887e-04) (-2.10513752e-25,-8.39664492e-25)
4.97995992e+00 (6.39851403e-03,1.10853516e-02) (-2.88723331e-04,1.66652387e-04) (1.21372390e-25,6.23751932e-25)
5.00000000e+00 (6.39634564e-03,1.10815948e-02) (-1.44349432e-04,8.33191327e-05) (8.08146807e-26,-1.02451560e-25)
