2.51 	 500
Z	 ux	 uz 	 rho
-5.00000000e+00 (7.56185107e-07,-1.73290050e-06) (-8.71662130e-08,-3.80366857e-08) (-1.07090691e-13,-2.14690359e-13)
-4.97995992e+00 (7.60015570e-07,-1.74167975e-06) (-1.74552951e-07,-7.61695885e-08) (-1.85895731e-14,-2.19627156e-13)
-4.95991984e+00 (7.64809709e-07,-1.75266769e-06) (-2.62381290e-07,-1.14495166e-07) (-2.12799609e-14,-1.60297165e-13)
-4.93987976e+00 (7.71538412e-07,-1.76808968e-06) (-3.50873428e-07,-1.53110365e-07) (-1.20068790e-13,-2.13263567e-13)
-4.91983968e+00 (7.80218648e-07,-1.78798464e-06) (-4.40253238e-07,-1.92112858e-07) (5.42232459e-16,-1.32392142e-14)
-4.89979960e+00 (7.90872330e-07,-1.81240287e-06) (-5.30746833e-07,-2.31601299e-07) (-2.47976824e-13,-2.39979612e-13)
-4.87975952e+00 (8.03526342e-07,-1.84140611e-06) (-6.22583146e-07,-2.71675565e-07) (-1.02950007e-14,-5.66206797e-15)
-4.85971944e+00 (8.18212663e-07,-1.87506768e-06) (-7.15994502e-07,-3.12437015e-07) (-1.52421414e-13,-2.65699938e-13)
-4.83967936e+00 (8.34968362e-07,-1.91347269e-06) (-8.11217210e-07,-3.53988743e-07) (-2.93256686e-13,-1.40940368e-13)
-4.81963928e+00 (8.53835772e-07,-1.95671820e-06) (-9.08492155e-07,-3.96435836e-07) (-1.39397274e-13,-1.42770770e-13)
-4.79959920e+00 (8.74862578e-07,-2.00491358e-06) (-1.00806541e-06,-4.39885648e-07) (-4.67095516e-13,-1.85034873e-13)
-4.77955912e+00 (8.98101819e-07,-2.05818075e-06) (-1.11018887e-06,-4.84448064e-07) (-1.81340309e-13,-1.29820403e-13)
-4.75951904e+00 (9.23612236e-07,-2.11665447e-06) (-1.21512087e-06,-5.30235771e-07) (-4.65220897e-13,-1.50427157e-13)
-4.73947896e+00 (9.51458358e-07,-2.18048246e-06) (-1.32312686e-06,-5.77364565e-07) (-9.44817692e-14,-1.00585570e-13)
-4.71943888e+00 (9.81710370e-07,-2.24982605e-06) (-1.43448003e-06,-6.25953626e-07) (-3.49978846e-13,-1.78576302e-13)
-4.69939880e+00 (1.01444478e-06,-2.32486067e-06) (-1.54946206e-06,-6.76125809e-07) (1.16347742e-14,-4.00548660e-14)
-4.67935872e+00 (1.04974442e-06,-2.40577606e-06) (-1.66836381e-06,-7.28007990e-07) (-2.19289141e-14,-2.21265122e-13)
-4.65931864e+00 (1.08769828e-06,-2.49277681e-06) (-1.79148603e-06,-7.81731360e-07) (4.08595329e-14,-9.45714790e-14)
-4.63927856e+00 (1.12840209e-06,-2.58608283e-06) (-1.91914015e-06,-8.37431745e-07) (2.31920362e-13,6.81491101e-14)
-4.61923848e+00 (1.17195884e-06,-2.68592998e-06) (-2.05164907e-06,-8.95249967e-07) (3.09856156e-13,-2.60680371e-13)
-4.59919840e+00 (1.21847860e-06,-2.79257075e-06) (-2.18934794e-06,-9.55332213e-07) (1.99400675e-13,1.97243384e-13)
-4.57915832e+00 (1.26807878e-06,-2.90627483e-06) (-2.33258504e-06,-1.01783038e-06) (4.93284922e-13,-1.75436305e-13)
-4.55911824e+00 (1.32088463e-06,-3.02732966e-06) (-2.48172268e-06,-1.08290246e-06) (2.08710331e-13,3.05060935e-14)
-4.53907816e+00 (1.37702944e-06,-3.15604127e-06) (-2.63713805e-06,-1.15071296e-06) (2.57368239e-13,-8.35160039e-14)
-4.51903808e+00 (1.43665508e-06,-3.29273505e-06) (-2.79922423e-06,-1.22143328e-06) (1.23766024e-13,-1.31481225e-14)
-4.49899800e+00 (1.49991220e-06,-3.43775658e-06) (-2.96839115e-06,-1.29524219e-06) (-8.23668767e-14,-1.70621202e-14)
-4.47895792e+00 (1.56696032e-06,-3.59147245e-06) (-3.14506667e-06,-1.37232625e-06) (9.35149673e-14,-2.24194929e-14)
-4.45891784e+00 (1.63796878e-06,-3.75427121e-06) (-3.32969760e-06,-1.45288028e-06) (-3.95558047e-13,-9.43920272e-14)
-4.43887776e+00 (1.71311685e-06,-3.92656447e-06) (-3.52275087e-06,-1.53710788e-06) (2.36153232e-14,1.28757559e-13)
-4.41883768e+00 (1.79259419e-06,-4.10878772e-06) (-3.72471471e-06,-1.62522190e-06) (-5.17631510e-13,-1.25527990e-13)
-4.39879760e+00 (1.87660150e-06,-4.30140154e-06) (-3.93609986e-06,-1.71744501e-06) (6.91975881e-15,3.94187472e-13)
-4.37875752e+00 (1.96535076e-06,-4.50489276e-06) (-4.15744087e-06,-1.81401026e-06) (-1.61133913e-13,-7.19558853e-14)
-4.35871743e+00 (2.05906587e-06,-4.71977575e-06) (-4.38929748e-06,-1.91516166e-06) (1.56074777e-13,1.38649086e-13)
-4.33867735e+00 (2.15798339e-06,-4.94659360e-06) (-4.63225599e-06,-2.02115477e-06) (-2.03489428e-13,-1.39860435e-13)
-4.31863727e+00 (2.26235286e-06,-5.18591951e-06) (-4.88693075e-06,-2.13225738e-06) (1.60455941e-13,1.75163147e-13)
-4.29859719e+00 (2.37243751e-06,-5.43835831e-06) (-5.15396573e-06,-2.24875019e-06) (-7.48913362e-14,-1.35771320e-13)
-4.27855711e+00 (2.48851515e-06,-5.70454790e-06) (-5.43403613e-06,-2.37092745e-06) (1.58990236e-13,8.79704039e-14)
-4.25851703e+00 (2.61087854e-06,-5.98516088e-06) (-5.72785011e-06,-2.49909780e-06) (1.02141282e-14,-1.45057506e-13)
-4.23847695e+00 (2.73983628e-06,-6.28090639e-06) (-6.03615051e-06,-2.63358497e-06) (6.18043138e-14,-1.19945970e-13)
-4.21843687e+00 (2.87571359e-06,-6.59253166e-06) (-6.35971684e-06,-2.77472862e-06) (-2.18575211e-13,-4.46519615e-14)
-4.19839679e+00 (3.01885305e-06,-6.92082401e-06) (-6.69936713e-06,-2.92288521e-06) (8.00620720e-14,7.04313272e-14)
-4.17835671e+00 (3.16961550e-06,-7.26661294e-06) (-7.05596006e-06,-3.07842887e-06) (-4.00430669e-14,-1.19707350e-13)
-4.15831663e+00 (3.32838093e-06,-7.63077192e-06) (-7.43039713e-06,-3.24175235e-06) (-9.97231253e-14,-7.34146895e-14)
-4.13827655e+00 (3.49554946e-06,-8.01422078e-06) (-7.82362489e-06,-3.41326800e-06) (-1.11659613e-13,2.75836902e-15)
-4.11823647e+00 (3.67154247e-06,-8.41792820e-06) (-8.23663737e-06,-3.59340882e-06) (-3.82972795e-14,4.18367665e-15)
-4.09819639e+00 (3.85680327e-06,-8.84291387e-06) (-8.67047859e-06,-3.78262958e-06) (-8.92758799e-14,-1.19761908e-13)
-4.07815631e+00 (4.05179852e-06,-9.29025112e-06) (-9.12624514e-06,-3.98140787e-06) (-7.68876192e-14,1.39548638e-13)
-4.05811623e+00 (4.25701940e-06,-9.76106963e-06) (-9.60508902e-06,-4.19024539e-06) (7.61893886e-14,-1.76117495e-13)
-4.03807615e+00 (4.47298260e-06,-1.02565584e-05) (-1.01082205e-05,-4.40966914e-06) (2.85372480e-14,5.23854953e-14)
-4.01803607e+00 (4.70023197e-06,-1.07779684e-05) (-1.06369111e-05,-4.64023281e-06) (-7.54260690e-15,-4.09424042e-13)
-3.99799599e+00 (4.93933958e-06,-1.13266163e-05) (-1.11924971e-05,-4.88251813e-06) (-1.88407755e-13,2.02586386e-13)
-3.97795591e+00 (5.19090705e-06,-1.19038873e-05) (-1.17763823e-05,-5.13713631e-06) (3.07341917e-13,-1.60104400e-13)
-3.95791583e+00 (5.45556731e-06,-1.25112385e-05) (-1.23900424e-05,-5.40472962e-06) (-8.69783240e-14,-3.20248677e-13)
-3.93787575e+00 (5.73398615e-06,-1.31502030e-05) (-1.30350280e-05,-5.68597295e-06) (-1.90332197e-13,3.64959192e-14)
-3.91783567e+00 (6.02686389e-06,-1.38223935e-05) (-1.37129687e-05,-5.98157552e-06) (-4.50511124e-15,-1.00399393e-14)
-3.89779559e+00 (6.33493682e-06,-1.45295065e-05) (-1.44255774e-05,-6.29228270e-06) (3.69793439e-14,3.56449548e-13)
-3.87775551e+00 (6.65897935e-06,-1.52733262e-05) (-1.51746545e-05,-6.61887778e-06) (4.72651023e-13,-2.00223600e-13)
-3.85771543e+00 (6.99980580e-06,-1.60557294e-05) (-1.59620924e-05,-6.96218403e-06) (-7.79826497e-14,-1.31935694e-13)
-3.83767535e+00 (7.35827243e-06,-1.68786901e-05) (-1.67898802e-05,-7.32306666e-06) (-7.65514939e-15,-1.40969972e-13)
-3.81763527e+00 (7.73527965e-06,-1.77442841e-05) (-1.76601089e-05,-7.70243508e-06) (-1.75395236e-13,1.80142103e-13)
-3.79759519e+00 (8.13177398e-06,-1.86546949e-05) (-1.85749765e-05,-8.10124510e-06) (2.11905834e-13,2.14717222e-13)
-3.77755511e+00 (8.54875063e-06,-1.96122183e-05) (-1.95367936e-05,-8.52050132e-06) (2.79585140e-13,-1.60854132e-13)
-3.75751503e+00 (8.98725593e-06,-2.06192688e-05) (-2.05479892e-05,-8.96125969e-06) (-9.81697770e-14,-1.33243370e-13)
-3.73747495e+00 (9.44838979e-06,-2.16783856e-05) (-2.16111169e-05,-9.42463008e-06) (1.14083141e-13,-6.75743044e-14)
-3.71743487e+00 (9.93330853e-06,-2.27922384e-05) (-2.27288609e-05,-9.91177906e-06) (-8.49968052e-14,-1.90134144e-13)
-3.69739479e+00 (1.04432276e-05,-2.39636350e-05) (-2.39040434e-05,-1.04239329e-05) (-8.70437619e-14,-8.19799601e-14)
-3.67735471e+00 (1.09794247e-05,-2.51955272e-05) (-2.51396314e-05,-1.09623803e-05) (-9.54969120e-15,-6.74133855e-14)
-3.65731463e+00 (1.15432427e-05,-2.64910191e-05) (-2.64387438e-05,-1.15284762e-05) (-1.25528122e-13,-2.49272439e-13)
-3.63727455e+00 (1.21360931e-05,-2.78533744e-05) (-2.78046598e-05,-1.21236444e-05) (-2.47700210e-13,1.35986466e-14)
-3.61723447e+00 (1.27594596e-05,-2.92860248e-05) (-2.92408267e-05,-1.27493817e-05) (-9.16196201e-14,1.87279325e-14)
-3.59719439e+00 (1.34149014e-05,-3.07925781e-05) (-3.07508691e-05,-1.34072614e-05) (-1.64337834e-13,2.49368827e-14)
-3.57715431e+00 (1.41040572e-05,-3.23768278e-05) (-3.23385971e-05,-1.40989370e-05) (-6.80469241e-14,2.24102981e-13)
-3.55711423e+00 (1.48286490e-05,-3.40427620e-05) (-3.40080169e-05,-1.48261465e-05) (8.48440537e-14,5.42435305e-14)
-3.53707415e+00 (1.55904866e-05,-3.57945738e-05) (-3.57633399e-05,-1.55907169e-05) (5.52360957e-14,1.31465392e-13)
-3.51703407e+00 (1.63914719e-05,-3.76366712e-05) (-3.76089940e-05,-1.63945682e-05) (3.22044745e-14,-1.11027997e-13)
-3.49699399e+00 (1.72336032e-05,-3.95736886e-05) (-3.95496343e-05,-1.72397187e-05) (-9.89764030e-14,2.94757695e-13)
-3.47695391e+00 (1.81189801e-05,-4.16104981e-05) (-4.15901547e-05,-1.81282894e-05) (3.06400263e-13,6.50214504e-14)
-3.45691383e+00 (1.90498091e-05,-4.37522212e-05) (-4.37357004e-05,-1.90625098e-05) (1.20225952e-13,-2.55598327e-14)
-3.43687375e+00 (2.00284083e-05,-4.60042422e-05) (-4.59916808e-05,-2.00447231e-05) (6.36281214e-14,-1.02964487e-13)
-3.41683367e+00 (2.10572131e-05,-4.83722210e-05) (-4.83637825e-05,-2.10773918e-05) (1.24049309e-13,1.29217338e-14)
-3.39679359e+00 (2.21387821e-05,-5.08621075e-05) (-5.08579844e-05,-2.21631041e-05) (-7.65734854e-14,-2.71165612e-13)
-3.37675351e+00 (2.32758032e-05,-5.34801558e-05) (-5.34805717e-05,-2.33045799e-05) (-6.53359724e-14,1.93733928e-13)
-3.35671343e+00 (2.44711002e-05,-5.62329404e-05) (-5.62381523e-05,-2.45046779e-05) (5.25159577e-14,-1.98797449e-13)
-3.33667335e+00 (2.57276390e-05,-5.91273715e-05) (-5.91376731e-05,-2.57664020e-05) (-1.11656248e-13,1.55165705e-13)
-3.31663327e+00 (2.70485353e-05,-6.21707128e-05) (-6.21864370e-05,-2.70929093e-05) (1.02100612e-13,-1.38155860e-13)
-3.29659319e+00 (2.84370612e-05,-6.53705993e-05) (-6.53921216e-05,-2.84875172e-05) (-6.76054398e-14,1.17072609e-13)
-3.27655311e+00 (2.98966537e-05,-6.87350555e-05) (-6.87627979e-05,-2.99537118e-05) (2.07950106e-13,-2.80730976e-13)
-3.25651303e+00 (3.14309222e-05,-7.22725158e-05) (-7.23069508e-05,-3.14951565e-05) (-3.85506144e-13,-1.38248543e-13)
-3.23647295e+00 (3.30436571e-05,-7.59918451e-05) (-7.60334999e-05,-3.31157004e-05) (-5.75110877e-14,8.35216072e-14)
-3.21643287e+00 (3.47388387e-05,-7.99023599e-05) (-7.99518218e-05,-3.48193881e-05) (-1.83383117e-13,1.41913444e-15)
-3.19639279e+00 (3.65206465e-05,-8.40138520e-05) (-8.40717734e-05,-3.66104693e-05) (-4.39152439e-14,1.12595050e-13)
-3.17635271e+00 (3.83934688e-05,-8.83366117e-05) (-8.84037163e-05,-3.84934091e-05) (-1.66148735e-14,2.99894758e-15)
-3.15631263e+00 (4.03619128e-05,-9.28814534e-05) (-9.29585427e-05,-4.04728984e-05) (-1.06418340e-13,-5.17654561e-14)
-3.13627255e+00 (4.24308152e-05,-9.76597417e-05) (-9.77477022e-05,-4.25538660e-05) (-9.08355293e-14,1.03532499e-13)
-3.11623246e+00 (4.46052533e-05,-1.02683419e-04) (-1.02783230e-04,-4.47414895e-05) (-4.72457263e-14,-4.45742368e-14)
-3.09619238e+00 (4.68905565e-05,-1.07965036e-04) (-1.08077778e-04,-4.70412081e-05) (-4.63535067e-14,1.60982086e-13)
-3.07615230e+00 (4.92923184e-05,-1.13517779e-04) (-1.13644643e-04,-4.94587358e-05) (1.58876096e-13,-2.12948197e-13)
-3.05611222e+00 (5.18164097e-05,-1.19355503e-04) (-1.19497803e-04,-5.20000746e-05) (-3.66902773e-13,-1.22944664e-13)
-3.03607214e+00 (5.44689905e-05,-1.25492769e-04) (-1.25651950e-04,-5.46715290e-05) (-6.27554445e-14,2.38718109e-13)
-3.01603206e+00 (5.72565253e-05,-1.31944874e-04) (-1.32122526e-04,-5.74797206e-05) (1.16217650e-13,-2.64495116e-14)
-2.99599198e+00 (6.01857962e-05,-1.38727889e-04) (-1.38925763e-04,-6.04316042e-05) (-3.09976835e-14,-1.26674593e-13)
-2.97595190e+00 (6.32639185e-05,-1.45858700e-04) (-1.46078719e-04,-6.35344840e-05) (-6.21340887e-14,-6.35111105e-14)
-2.95591182e+00 (6.64983559e-05,-1.53355045e-04) (-1.53599323e-04,-6.67960305e-05) (-8.01902054e-14,-9.63920451e-14)
-2.93587174e+00 (6.98969373e-05,-1.61235560e-04) (-1.61506421e-04,-7.02242986e-05) (-1.40488798e-13,-3.23339628e-14)
-2.91583166e+00 (7.34678729e-05,-1.69519821e-04) (-1.69819815e-04,-7.38277464e-05) (-1.06157532e-13,6.14306999e-14)
-2.89579158e+00 (7.72197724e-05,-1.78228392e-04) (-1.78560318e-04,-7.76152550e-05) (6.28343527e-15,6.29497257e-14)
-2.87575150e+00 (8.11616633e-05,-1.87382871e-04) (-1.87749805e-04,-8.15961484e-05) (-8.73228599e-16,4.61930244e-15)
-2.85571142e+00 (8.53030094e-05,-1.97005946e-04) (-1.97411261e-04,-8.57802159e-05) (-1.37008109e-14,2.88388137e-14)
-2.83567134e+00 (8.96537312e-05,-2.07121443e-04) (-2.07568840e-04,-9.01777337e-05) (3.74387256e-14,9.55543199e-14)
-2.81563126e+00 (9.42242260e-05,-2.17754386e-04) (-2.18247927e-04,-9.47994890e-05) (1.61361972e-13,-1.60583669e-14)
-2.79559118e+00 (9.90253895e-05,-2.28931056e-04) (-2.29475193e-04,-9.96568041e-05) (1.50542697e-14,-1.06598830e-13)
-2.77555110e+00 (1.04068638e-04,-2.40679049e-04) (-2.41278666e-04,-1.04761562e-04) (-3.66674454e-14,1.56321528e-14)
-2.75551102e+00 (1.09365930e-04,-2.53027341e-04) (-2.53687795e-04,-1.10126234e-04) (8.31719076e-14,6.13999144e-14)
-2.73547094e+00 (1.14929793e-04,-2.66006360e-04) (-2.66733521e-04,-1.15763906e-04) (1.98647576e-14,-7.04104788e-14)
-2.71543086e+00 (1.20773343e-04,-2.79648049e-04) (-2.80448354e-04,-1.21688310e-04) (1.92252363e-14,2.13581750e-13)
-2.69539078e+00 (1.26910317e-04,-2.93985946e-04) (-2.94866451e-04,-1.27913850e-04) (3.92181651e-13,-4.32114804e-14)
-2.67535070e+00 (1.33355090e-04,-3.09055257e-04) (-3.10023694e-04,-1.34455640e-04) (3.68762526e-14,-2.46512317e-13)
-2.65531062e+00 (1.40122711e-04,-3.24892938e-04) (-3.25957781e-04,-1.41329532e-04) (5.92614661e-14,-7.90257551e-14)
-2.63527054e+00 (1.47228924e-04,-3.41537777e-04) (-3.42708314e-04,-1.48552153e-04) (1.16514505e-15,-1.71002599e-13)
-2.61523046e+00 (1.54690202e-04,-3.59030487e-04) (-3.60316893e-04,-1.56140939e-04) (-4.66703167e-14,-8.20911808e-14)
-2.59519038e+00 (1.62523771e-04,-3.77413790e-04) (-3.78827213e-04,-1.64114174e-04) (-3.53874654e-14,-8.03928617e-14)
-2.57515030e+00 (1.70747643e-04,-3.96732518e-04) (-3.98285174e-04,-1.72491026e-04) (-8.54394208e-14,-6.39841625e-14)
-2.55511022e+00 (1.79380648e-04,-4.17033712e-04) (-4.18738981e-04,-1.81291592e-04) (-7.86984000e-14,4.69037850e-14)
-2.53507014e+00 (1.88442461e-04,-4.38366725e-04) (-4.40239266e-04,-1.90536935e-04) (4.31785006e-14,4.07803647e-14)
-2.51503006e+00 (1.97953640e-04,-4.60783330e-04) (-4.62839201e-04,-2.00249130e-04) (4.80922396e-14,-5.59466546e-14)
-2.49498998e+00 (2.07935653e-04,-4.84337836e-04) (-4.86594623e-04,-2.10451309e-04) (-5.75695368e-14,-4.20697917e-14)
-2.47494990e+00 (2.18410915e-04,-5.09087202e-04) (-5.11564170e-04,-2.21167707e-04) (6.79616792e-14,5.95545565e-14)
-2.45490982e+00 (2.29402817e-04,-5.35091164e-04) (-5.37809408e-04,-2.32423710e-04) (5.33808856e-14,-1.62690449e-13)
-2.43486974e+00 (2.40935765e-04,-5.62412358e-04) (-5.65394984e-04,-2.44245906e-04) (-7.37184056e-14,1.95358302e-15)
-2.41482966e+00 (2.53035211e-04,-5.91116458e-04) (-5.94388768e-04,-2.56662137e-04) (9.76255469e-14,-1.00776498e-13)
-2.39478958e+00 (2.65727685e-04,-6.21272308e-04) (-6.24862011e-04,-2.69701552e-04) (-1.37459686e-13,-1.45006684e-13)
-2.37474950e+00 (2.79040833e-04,-6.52952073e-04) (-6.56889509e-04,-2.83394662e-04) (-8.00313066e-14,6.15740501e-14)
-2.35470942e+00 (2.93003445e-04,-6.86231381e-04) (-6.90549774e-04,-2.97773396e-04) (7.06782099e-14,-4.58499561e-14)
-2.33466934e+00 (3.07645492e-04,-7.21189484e-04) (-7.25925211e-04,-3.12871161e-04) (-1.27443160e-13,-1.61449861e-13)
-2.31462926e+00 (3.22998155e-04,-7.57909412e-04) (-7.63102303e-04,-3.28722902e-04) (-1.54512572e-13,1.24617834e-13)
-2.29458918e+00 (3.39093857e-04,-7.96478145e-04) (-8.02171809e-04,-3.45365164e-04) (8.37112016e-14,4.60285040e-14)
-2.27454910e+00 (3.55966290e-04,-8.36986782e-04) (-8.43228962e-04,-3.62836152e-04) (2.47336946e-14,-6.97960564e-14)
-2.25450902e+00 (3.73650447e-04,-8.79530718e-04) (-8.86373686e-04,-3.81175800e-04) (-1.09410560e-13,-1.44325625e-13)
-2.23446894e+00 (3.92182640e-04,-9.24209832e-04) (-9.31710810e-04,-4.00425836e-04) (-2.40193440e-13,1.65568820e-13)
-2.21442886e+00 (4.11600528e-04,-9.71128672e-04) (-9.79350306e-04,-4.20629846e-04) (1.62962854e-13,1.80753270e-13)
-2.19438878e+00 (4.31943134e-04,-1.02039665e-03) (-1.02940752e-03,-4.41833344e-04) (1.74473535e-14,-6.58894924e-14)
-2.17434870e+00 (4.53250859e-04,-1.07212826e-03) (-1.08200344e-03,-4.64083844e-04) (7.39380761e-14,1.12100589e-13)
-2.15430862e+00 (4.75565492e-04,-1.12644326e-03) (-1.13726491e-03,-4.87430925e-04) (1.17335301e-13,-1.77015160e-13)
-2.13426854e+00 (4.98930219e-04,-1.18346689e-03) (-1.19532498e-03,-5.11926305e-04) (-2.05792360e-13,-3.37490257e-14)
-2.11422846e+00 (5.23389619e-04,-1.24333012e-03) (-1.25632311e-03,-5.37623905e-04) (-1.14907225e-14,1.49165095e-13)
-2.09418838e+00 (5.48989653e-04,-1.30616982e-03) (-1.32040549e-03,-5.64579930e-04) (3.08954743e-14,1.22631194e-13)
-2.07414830e+00 (5.75777655e-04,-1.37212904e-03) (-1.38772536e-03,-5.92852925e-04) (2.05505791e-13,2.98087287e-14)
-2.05410822e+00 (6.03802298e-04,-1.44135723e-03) (-1.45844332e-03,-6.22503854e-04) (-8.54202973e-14,-9.61924413e-14)
-2.03406814e+00 (6.33113564e-04,-1.51401043e-03) (-1.53272763e-03,-6.53596162e-04) (5.93173488e-14,2.70842203e-13)
-2.01402806e+00 (6.63762692e-04,-1.59025158e-03) (-1.61075459e-03,-6.86195840e-04) (2.87637960e-13,-2.97021029e-14)
-1.99398798e+00 (6.95802113e-04,-1.67025072e-03) (-1.69270885e-03,-7.20371487e-04) (7.09691147e-14,-1.60774016e-13)
-1.97394790e+00 (7.29285376e-04,-1.75418524e-03) (-1.77878382e-03,-7.56194369e-04) (-1.56562339e-13,-2.08017701e-15)
-1.95390782e+00 (7.64267049e-04,-1.84224013e-03) (-1.86918200e-03,-7.93738473e-04) (1.06824043e-13,2.43015409e-13)
-1.93386774e+00 (8.00802600e-04,-1.93460823e-03) (-1.96411539e-03,-8.33080553e-04) (6.98660124e-14,-1.32115858e-14)
-1.91382766e+00 (8.38948261e-04,-2.03149046e-03) (-2.06380591e-03,-8.74300177e-04) (1.16283902e-13,3.14109523e-13)
-1.89378758e+00 (8.78760860e-04,-2.13309605e-03) (-2.16848578e-03,-9.17479757e-04) (3.74807255e-13,-6.05946384e-14)
-1.87374749e+00 (9.20297624e-04,-2.23964283e-03) (-2.27839794e-03,-9.62704576e-04) (-5.34489815e-14,3.23549601e-15)
-1.85370741e+00 (9.63615953e-04,-2.35135739e-03) (-2.39379654e-03,-1.01006280e-03) (3.06080853e-13,2.72692390e-13)
-1.83366733e+00 (1.00877315e-03,-2.46847535e-03) (-2.51494732e-03,-1.05964550e-03) (4.12733428e-13,-2.86717060e-13)
-1.81362725e+00 (1.05582614e-03,-2.59124151e-03) (-2.64212812e-03,-1.11154660e-03) (-1.58044738e-13,-3.47666354e-13)
-1.79358717e+00 (1.10483105e-03,-2.71991013e-03) (-2.77562933e-03,-1.16586288e-03) (-3.25424770e-13,-1.63934703e-14)
-1.77354709e+00 (1.15584288e-03,-2.85474503e-03) (-2.91575435e-03,-1.22269393e-03) (-1.06189622e-13,2.42006267e-13)
-1.75350701e+00 (1.20891499e-03,-2.99601976e-03) (-3.06282012e-03,-1.28214206e-03) (-6.61418163e-14,-2.41273814e-13)
-1.73346693e+00 (1.26409857e-03,-3.14401774e-03) (-3.21715755e-03,-1.34431223e-03) (-6.26433248e-13,1.36481072e-13)
-1.71342685e+00 (1.32144205e-03,-3.29903236e-03) (-3.37911208e-03,-1.40931190e-03) (-1.99789654e-13,2.66710181e-13)
-1.69338677e+00 (1.38099036e-03,-3.46136701e-03) (-3.54904417e-03,-1.47725089e-03) (-3.36915873e-13,3.61081072e-13)
-1.67334669e+00 (1.44278419e-03,-3.63133511e-03) (-3.72732976e-03,-1.54824119e-03) (2.04569559e-13,3.32611693e-13)
-1.65330661e+00 (1.50685907e-03,-3.80926004e-03) (-3.91436085e-03,-1.62239671e-03) (1.13908966e-13,-3.10863726e-14)
-1.63326653e+00 (1.57324431e-03,-3.99547510e-03) (-4.11054590e-03,-1.69983302e-03) (9.92455167e-14,-9.75260238e-14)
-1.61322645e+00 (1.64196189e-03,-4.19032327e-03) (-4.31631045e-03,-1.78066698e-03) (-3.49205008e-14,-7.09272444e-14)
-1.59318637e+00 (1.71302512e-03,-4.39415698e-03) (-4.53209746e-03,-1.86501636e-03) (1.09525345e-13,-1.19051024e-13)
-1.57314629e+00 (1.78643711e-03,-4.60733774e-03) (-4.75836792e-03,-1.95299937e-03) (-3.20104506e-13,-4.50576013e-14)
-1.55310621e+00 (1.86218913e-03,-4.83023568e-03) (-4.99560118e-03,-2.04473408e-03) (1.79790910e-13,4.48857288e-13)
-1.53306613e+00 (1.94025860e-03,-5.06322896e-03) (-5.24429544e-03,-2.14033783e-03) (1.28630447e-13,-4.81996811e-14)
-1.51302605e+00 (2.02060698e-03,-5.30670297e-03) (-5.50496810e-03,-2.23992643e-03) (2.78822244e-13,6.58013212e-14)
-1.49298597e+00 (2.10317717e-03,-5.56104941e-03) (-5.77815614e-03,-2.34361333e-03) (-3.08998807e-13,-3.60993987e-13)
-1.47294589e+00 (2.18789077e-03,-5.82666517e-03) (-6.06441636e-03,-2.45150859e-03) (1.91732795e-14,2.31203244e-13)
-1.45290581e+00 (2.27464475e-03,-6.10395086e-03) (-6.36432566e-03,-2.56371777e-03) (-2.39044548e-13,-5.76970549e-14)
-1.43286573e+00 (2.36330780e-03,-6.39330920e-03) (-6.67848116e-03,-2.68034058e-03) (2.53838765e-13,3.82071312e-14)
-1.41282565e+00 (2.45371610e-03,-6.69514297e-03) (-7.00750025e-03,-2.80146937e-03) (3.16041807e-14,-1.37040421e-13)
-1.39278557e+00 (2.54566842e-03,-7.00985255e-03) (-7.35202059e-03,-2.92718737e-03) (5.14645349e-13,-3.08280702e-13)
-1.37274549e+00 (2.63892061e-03,-7.33783308e-03) (-7.71269985e-03,-3.05756668e-03) (5.76959105e-13,-6.51348646e-13)
-1.35270541e+00 (2.73317916e-03,-7.67947097e-03) (-8.09021542e-03,-3.19266596e-03) (5.51841695e-13,-9.95593843e-13)
-1.33266533e+00 (2.82809380e-03,-8.03513982e-03) (-8.48526386e-03,-3.33252779e-03) (1.08455098e-12,-4.75396582e-13)
-1.31262525e+00 (2.92324891e-03,-8.40519545e-03) (-8.89856015e-03,-3.47717560e-03) (1.63025806e-12,-1.61676371e-12)
-1.29258517e+00 (3.01815352e-03,-8.78997009e-03) (-9.33083663e-03,-3.62661014e-03) (1.80185691e-12,-1.52718677e-12)
-1.27254509e+00 (3.11222969e-03,-9.18976531e-03) (-9.78284171e-03,-3.78080547e-03) (4.13081774e-12,-2.99254826e-12)
-1.25250501e+00 (3.20479874e-03,-9.60484363e-03) (-1.02553381e-02,-3.93970419e-03) (5.85648242e-12,-5.08727435e-12)
-1.23246493e+00 (3.29506515e-03,-1.00354183e-02) (-1.07491005e-02,-4.10321208e-03) (9.86358102e-12,-8.02187256e-12)
-1.21242485e+00 (3.38209737e-03,-1.04816412e-02) (-1.12649132e-02,-4.27119171e-03) (1.56759102e-11,-1.24028947e-11)
-1.19238477e+00 (3.46480485e-03,-1.09435875e-02) (-1.18035662e-02,-4.44345514e-03) (2.61562490e-11,-2.09626494e-11)
-1.17234469e+00 (3.54191052e-03,-1.14212381e-02) (-1.23658513e-02,-4.61975524e-03) (4.12670929e-11,-3.24500434e-11)
-1.15230461e+00 (3.61191730e-03,-1.19144565e-02) (-1.29525565e-02,-4.79977559e-03) (6.72828729e-11,-5.29402048e-11)
-1.13226453e+00 (3.67306716e-03,-1.24229614e-02) (-1.35644599e-02,-4.98311847e-03) (1.09098576e-10,-8.44707745e-11)
-1.11222445e+00 (3.72329052e-03,-1.29462918e-02) (-1.42023214e-02,-5.16929057e-03) (1.76980748e-10,-1.35657951e-10)
-1.09218437e+00 (3.76014302e-03,-1.34837635e-02) (-1.48668725e-02,-5.35768597e-03) (2.87074290e-10,-2.18404142e-10)
-1.07214429e+00 (3.78072550e-03,-1.40344127e-02) (-1.55588042e-02,-5.54756548e-03) (4.67442806e-10,-3.52028232e-10)
-1.05210421e+00 (3.78158143e-03,-1.45969241e-02) (-1.62787513e-02,-5.73803150e-03) (7.64716255e-10,-5.68589959e-10)
-1.03206413e+00 (3.75856365e-03,-1.51695373e-02) (-1.70272723e-02,-5.92799712e-03) (1.25151858e-09,-9.20405332e-10)
-1.01202405e+00 (3.70665725e-03,-1.57499231e-02) (-1.78048249e-02,-6.11614752e-03) (2.05763298e-09,-1.48859055e-09)
-9.91983968e-01 (3.61973359e-03,-1.63350203e-02) (-1.86117335e-02,-6.30089129e-03) (3.41705728e-09,-2.40235426e-09)
-9.71943888e-01 (3.49019339e-03,-1.69207900e-02) (-1.94481476e-02,-6.48029707e-03) (5.77072636e-09,-3.92430553e-09)
-9.51903808e-01 (3.30849907e-03,-1.75017863e-02) (-2.03139853e-02,-6.65200894e-03) (9.80126306e-09,-6.71715500e-09)
-9.31863727e-01 (3.06282736e-03,-1.80705166e-02) (-2.12088484e-02,-6.81313606e-03) (1.58733503e-08,-1.20217712e-08)
-9.11823647e-01 (2.73914175e-03,-1.86174402e-02) (-2.21319010e-02,-6.96013306e-03) (2.29559652e-08,-1.97728301e-08)
-8.91783567e-01 (2.31970987e-03,-1.91340544e-02) (-2.30817852e-02,-7.08869701e-03) (3.24446910e-08,-2.18166905e-08)
-8.71743487e-01 (1.77092170e-03,-1.96185414e-02) (-2.40568099e-02,-7.19349866e-03) (7.08959081e-08,1.01502603e-09)
-8.51703407e-01 (1.00820009e-03,-2.00644452e-02) (-2.50554341e-02,-7.26685386e-03) (2.30450014e-07,3.78988987e-08)
-8.31663327e-01 (-1.41014685e-04,-2.03854077e-02) (-2.60753172e-02,-7.29492480e-03) (6.48294684e-07,-7.69252307e-08)
-8.11623246e-01 (-1.87354303e-03,-2.02612210e-02) (-2.71062306e-02,-7.25266762e-03) (1.28205969e-06,-7.69114340e-07)
-7.91583166e-01 (-4.12680465e-03,-1.90538562e-02) (-2.81136204e-02,-7.10644412e-03) (1.54084558e-06,-2.48941557e-06)
-7.71543086e-01 (-6.19708255e-03,-1.60902772e-02) (-2.90230715e-02,-6.83750611e-03) (3.08516818e-07,-5.01288312e-06)
-7.51503006e-01 (-6.75450356e-03,-1.13568577e-02) (-2.97323217e-02,-6.48301016e-03) (-3.13892485e-06,-6.97319773e-06)
-7.31462926e-01 (-4.62386077e-03,-6.00034166e-03) (-3.01655850e-02,-6.15799493e-03) (-8.00578672e-06,-6.67212615e-06)
-7.11422846e-01 (1.83446837e-04,-1.85792003e-03) (-3.03359632e-02,-6.01784421e-03) (-1.22514801e-05,-3.78064497e-06)
-6.91382766e-01 (6.30262779e-03,-1.99405208e-04) (-3.03524940e-02,-6.17644990e-03) (-1.44655779e-05,9.22389164e-08)
-6.71342685e-01 (1.20239756e-02,-9.08016677e-04) (-3.03560236e-02,-6.65189614e-03) (-1.52388672e-05,2.88685004e-06)
-6.51302605e-01 (1.64385752e-02,-2.88783972e-03) (-3.04438416e-02,-7.38607630e-03) (-1.64541169e-05,3.83647793e-06)
-6.31262525e-01 (1.96518668e-02,-5.07968972e-03) (-3.06465438e-02,-8.30563657e-03) (-1.96958242e-05,3.51295623e-06)
-6.11222445e-01 (2.22016389e-02,-7.01864787e-03) (-3.09548645e-02,-9.36307774e-03) (-2.57317444e-05,2.66616989e-06)
-5.91182365e-01 (2.45069884e-02,-8.70146930e-03) (-3.13526282e-02,-1.05391481e-02) (-3.51642296e-05,1.46179425e-06)
-5.71142285e-01 (2.67434760e-02,-1.02501819e-02) (-3.18302427e-02,-1.18285102e-02) (-4.91648499e-05,-4.69922329e-07)
-5.51102204e-01 (2.89568447e-02,-1.17443582e-02) (-3.23838088e-02,-1.32295740e-02) (-6.98202249e-05,-3.79814118e-06)
-5.31062124e-01 (3.11633933e-02,-1.32150820e-02) (-3.30117393e-02,-1.47416036e-02) (-1.00382757e-04,-9.49560487e-06)
-5.11022044e-01 (3.33793713e-02,-1.46758512e-02) (-3.37132620e-02,-1.63646488e-02) (-1.45750081e-04,-1.90598172e-05)
-4.90981964e-01 (3.56201102e-02,-1.61371275e-02) (-3.44881476e-02,-1.80996085e-02) (-2.13295736e-04,-3.48664600e-05)
-4.70941884e-01 (3.78975054e-02,-1.76085709e-02) (-3.53366764e-02,-1.99480747e-02) (-3.14152690e-04,-6.06922164e-05)
-4.50901804e-01 (4.02199733e-02,-1.90989070e-02) (-3.62595910e-02,-2.19121431e-02) (-4.65158963e-04,-1.02528081e-04)
-4.30861723e-01 (4.25928464e-02,-2.06161046e-02) (-3.72580494e-02,-2.39942524e-02) (-6.91814755e-04,-1.69863544e-04)
-4.10821643e-01 (4.50183562e-02,-2.21676859e-02) (-3.83335959e-02,-2.61970347e-02) (-1.03278303e-03,-2.77713279e-04)
-3.90781563e-01 (4.74951791e-02,-2.37609646e-02) (-3.94881453e-02,-2.85231532e-02) (-1.54673824e-03,-4.49813253e-04)
-3.70741483e-01 (5.00175479e-02,-2.54032040e-02) (-4.07239775e-02,-3.09751068e-02) (-2.32277864e-03,-7.23656642e-04)
-3.50701403e-01 (5.25738306e-02,-2.71017032e-02) (-4.20437381e-02,-3.35549786e-02) (-3.49622704e-03,-1.15841713e-03)
-3.30661323e-01 (5.51444018e-02,-2.88637872e-02) (-4.34504414e-02,-3.62640974e-02) (-5.27252847e-03,-1.84738590e-03)
-3.10621242e-01 (5.76985570e-02,-3.06966396e-02) (-4.49474698e-02,-3.91025718e-02) (-7.96319581e-03,-2.93741731e-03)
-2.90581162e-01 (6.01901367e-02,-3.26068574e-02) (-4.65385603e-02,-4.20686416e-02) (-1.20394011e-02,-4.65914359e-03)
-2.70541082e-01 (6.25514389e-02,-3.45995177e-02) (-4.82277589e-02,-4.51577719e-02) (-1.82107613e-02,-7.37345390e-03)
-2.50501002e-01 (6.46849559e-02,-3.66763911e-02) (-5.00193134e-02,-4.83613916e-02) (-2.75385949e-02,-1.16418575e-02)
-2.30460922e-01 (6.64525393e-02,-3.88327111e-02) (-5.19174480e-02,-5.16651562e-02) (-4.15928662e-02,-1.83302751e-02)
-2.10420842e-01 (6.76619809e-02,-4.10515640e-02) (-5.39259308e-02,-5.50465969e-02) (-6.26563507e-02,-2.87556452e-02)
-1.90380762e-01 (6.80520277e-02,-4.32945393e-02) (-5.60472846e-02,-5.84720329e-02) (-9.39599654e-02,-4.48776663e-02)
-1.70340681e-01 (6.72791315e-02,-4.54868686e-02) (-5.82814135e-02,-6.18927127e-02) (-1.39884166e-01,-6.95134149e-02)
-1.50300601e-01 (6.49135436e-02,-4.74952745e-02) (-6.06233183e-02,-6.52403944e-02) (-2.05959426e-01,-1.06490975e-01)
-1.30260521e-01 (6.04591498e-02,-4.90980381e-02) (-6.30594952e-02,-6.84230933e-02) (-2.98325479e-01,-1.60533931e-01)
-1.10220441e-01 (5.34190646e-02,-4.99510267e-02) (-6.55626400e-02,-7.13226575e-02) (-4.22101537e-01,-2.36478028e-01)
-9.01803607e-02 (4.34303176e-02,-4.95627155e-02) (-6.80846286e-02,-7.37971154e-02) (-5.78090711e-01,-3.37272742e-01)
-7.01402806e-02 (3.04705993e-02,-4.73059553e-02) (-7.05487088e-02,-7.56917997e-02) (-7.57904156e-01,-4.60479912e-01)
-5.01002004e-02 (1.50824241e-02,-4.25071798e-02) (-7.28436645e-02,-7.68624943e-02) (-9.39514243e-01,-5.94227949e-01)
-3.00601202e-02 (-1.51958986e-03,-3.46434939e-02) (-7.48249822e-02,-7.72091097e-02) (-1.08782097e+00,-7.15760008e-01)
-1.00200401e-02 (-1.76154934e-02,-2.36174205e-02) (-7.63288417e-02,-7.67096218e-02) (-1.16471741e+00,-7.96619645e-01)
1.00200401e-02 (-3.14490105e-02,-9.97895790e-03) (-7.72009231e-02,-7.54369699e-02) (-1.14658463e+00,-8.14659801e-01)
3.00601202e-02 (-4.17889951e-02,5.08265431e-03) (-7.73327368e-02,-7.35458135e-02) (-1.03777166e+00,-7.65676992e-01)
5.01002004e-02 (-4.82565822e-02,2.00450994e-02) (-7.66896019e-02,-7.12329467e-02) (-8.68547437e-01,-6.65319501e-01)
7.01402806e-02 (-5.12551787e-02,3.35104378e-02) (-7.53161757e-02,-6.86911433e-02) (-6.79029653e-01,-5.39929086e-01)
9.01803607e-02 (-5.16270300e-02,4.45585525e-02) (-7.33184116e-02,-6.60766141e-02) (-5.02094793e-01,-4.14268678e-01)
1.10220441e-01 (-5.02869198e-02,5.28464748e-02) (-7.08335318e-02,-6.34974020e-02) (-3.55588698e-01,-3.04243393e-01)
1.30260521e-01 (-4.79947419e-02,5.84919039e-02) (-6.80019927e-02,-6.10176895e-02) (-2.43921362e-01,-2.16245824e-01)
1.50300601e-01 (-4.52827082e-02,6.18743073e-02) (-6.49491759e-02,-5.86690732e-02) (-1.63556838e-01,-1.50111827e-01)
1.70340681e-01 (-4.24773271e-02,6.34612584e-02) (-6.17773630e-02,-5.64621946e-02) (-1.07956611e-01,-1.02494117e-01)
1.90380762e-01 (-3.97550058e-02,6.37001560e-02) (-5.85648970e-02,-5.43958031e-02) (-7.05048503e-02,-6.91989646e-02)
2.10420842e-01 (-3.71963620e-02,6.29689549e-02) (-5.53690507e-02,-5.24627933e-02) (-4.57252449e-02,-4.63757972e-02)
2.30460922e-01 (-3.48269296e-02,6.15644631e-02) (-5.22301445e-02,-5.06538043e-02) (-2.95224297e-02,-3.09367708e-02)
2.50501002e-01 (-3.26436660e-02,5.97092049e-02) (-4.91755917e-02,-4.89591623e-02) (-1.90084960e-02,-2.05828981e-02)
2.70541082e-01 (-3.06306351e-02,5.75648865e-02) (-4.62233266e-02,-4.73698123e-02) (-1.22189931e-02,-1.36772638e-02)
2.90581162e-01 (-2.87675605e-02,5.52463952e-02) (-4.33844949e-02,-4.58776835e-02) (-7.84754231e-03,-9.08655802e-03)
3.10621242e-01 (-2.70340904e-02,5.28338704e-02) (-4.06654729e-02,-4.44757611e-02) (-5.03777877e-03,-6.04007129e-03)
3.30661323e-01 (-2.54116533e-02,5.03822262e-02) (-3.80693440e-02,-4.31580215e-02) (-3.23341357e-03,-4.01967592e-03)
3.50701403e-01 (-2.38840497e-02,4.79282955e-02) (-3.55969603e-02,-4.19193182e-02) (-2.07513009e-03,-2.67958963e-03)
3.70741483e-01 (-2.24374307e-02,4.54960220e-02) (-3.32476998e-02,-4.07552574e-02) (-1.33163635e-03,-1.79009387e-03)
3.90781563e-01 (-2.10600156e-02,4.31001520e-02) (-3.10200058e-02,-3.96620857e-02) (-8.54343084e-04,-1.19898267e-03)
4.10821643e-01 (-1.97417278e-02,4.07488079e-02) (-2.89117727e-02,-3.86365945e-02) (-5.47888210e-04,-8.05547319e-04)
4.30861723e-01 (-1.84738317e-02,3.84452425e-02) (-2.69206267e-02,-3.76760441e-02) (-3.51093457e-04,-5.43185273e-04)
4.50901804e-01 (-1.72486006e-02,3.61889882e-02) (-2.50441351e-02,-3.67781049e-02) (-2.24710203e-04,-3.67843269e-04)
4.70941884e-01 (-1.60590189e-02,3.39765512e-02) (-2.32799710e-02,-3.59408142e-02) (-1.43552105e-04,-2.50365179e-04)
4.90981964e-01 (-1.48985005e-02,3.18017252e-02) (-2.16260532e-02,-3.51625482e-02) (-9.14502872e-05,-1.71436058e-04)
5.11022044e-01 (-1.37606430e-02,2.96555260e-02) (-2.00806792e-02,-3.44420071e-02) (-5.80200466e-05,-1.18244998e-04)
5.31062124e-01 (-1.26391864e-02,2.75258142e-02) (-1.86426716e-02,-3.37782110e-02) (-3.65889657e-05,-8.22830542e-05)
5.51102204e-01 (-1.15281162e-02,2.53973647e-02) (-1.73115492e-02,-3.31704898e-02) (-2.28682732e-05,-5.78880009e-05)
5.71142285e-01 (-1.04191655e-02,2.32534133e-02) (-1.60876662e-02,-3.26184687e-02) (-1.40932315e-05,-4.12819399e-05)
5.91182365e-01 (-9.28942490e-03,2.10727474e-02) (-1.49722279e-02,-3.21223092e-02) (-8.45637053e-06,-2.99526033e-05)
6.11222445e-01 (-8.08283835e-03,1.87973909e-02) (-1.39677225e-02,-3.16839413e-02) (-4.76268347e-06,-2.22998971e-05)
6.31262525e-01 (-6.74034024e-03,1.62501478e-02) (-1.30811877e-02,-3.13091659e-02) (-2.33858221e-06,-1.74225134e-05)
6.51302605e-01 (-5.36859058e-03,1.30814073e-02) (-1.23329381e-02,-3.10058550e-02) (-1.12718414e-06,-1.47664640e-05)
6.71342685e-01 (-4.49016875e-03,8.95767890e-03) (-1.17651824e-02,-3.07690793e-02) (-1.53554042e-06,-1.34965807e-05)
6.91382766e-01 (-5.01672775e-03,4.05569909e-03) (-1.14317848e-02,-3.05541386e-02) (-3.62809175e-06,-1.21410441e-05)
7.11422846e-01 (-7.63709836e-03,-5.90088313e-04) (-1.13571742e-02,-3.02643904e-02) (-6.28160074e-06,-9.31436944e-06)
7.31462926e-01 (-1.20208825e-02,-3.52014785e-03) (-1.14911484e-02,-2.97858374e-02) (-7.61831577e-06,-5.03587624e-06)
7.51503006e-01 (-1.67640269e-02,-3.91012687e-03) (-1.17113053e-02,-2.90550752e-02) (-6.64040214e-06,-8.86832755e-07)
7.71543086e-01 (-2.03262313e-02,-2.20966821e-03) (-1.18845119e-02,-2.80993561e-02) (-4.13044619e-06,1.50855171e-06)
7.91583166e-01 (-2.20414511e-02,3.11565878e-04) (-1.19336006e-02,-2.70102319e-02) (-1.70621434e-06,1.90956790e-06)
8.11623246e-01 (-2.22530142e-02,2.54461657e-03) (-1.18531680e-02,-2.58819596e-02) (-3.28542810e-07,1.26365225e-06)
8.31663327e-01 (-2.16993490e-02,4.06916599e-03) (-1.16776091e-02,-2.47715519e-02) (9.41336014e-08,5.60849620e-07)
8.51703407e-01 (-2.09293413e-02,4.99246579e-03) (-1.14438050e-02,-2.36989790e-02) (8.70439961e-08,1.82861638e-07)
8.71743487e-01 (-2.01611859e-02,5.55930316e-03) (-1.11753611e-02,-2.26660350e-02) (1.71347584e-08,5.87733187e-08)
8.91783567e-01 (-1.94235438e-02,5.93570410e-03) (-1.08845324e-02,-2.16707395e-02) (-1.10503234e-08,3.24183522e-08)
9.11823647e-01 (-1.87002524e-02,6.19411561e-03) (-1.05782221e-02,-2.07120031e-02) (-1.13782322e-08,2.40344485e-08)
9.31863727e-01 (-1.79840308e-02,6.36318609e-03) (-1.02613969e-02,-1.97894716e-02) (-6.45379274e-09,1.62131565e-08)
9.51903808e-01 (-1.72771778e-02,6.45994945e-03) (-9.93807792e-03,-1.89027880e-02) (-3.39935916e-09,9.83379055e-09)
9.71943888e-01 (-1.65838023e-02,6.49860396e-03) (-9.61151822e-03,-1.80513667e-02) (-1.98683791e-09,5.77986258e-09)
9.91983968e-01 (-1.59068698e-02,6.49098122e-03) (-9.28431054e-03,-1.72344376e-02) (-1.24863182e-09,3.44099507e-09)
1.01202405e+00 (-1.52482209e-02,6.44648608e-03) (-8.95851771e-03,-1.64511165e-02) (-7.89627781e-10,2.08246971e-09)
1.03206413e+00 (-1.46090185e-02,6.37254718e-03) (-8.63578629e-03,-1.57004482e-02) (-4.94413923e-10,1.26974150e-09)
1.05210421e+00 (-1.39899899e-02,6.27511585e-03) (-8.31743180e-03,-1.49814317e-02) (-3.08413750e-10,7.76498790e-10)
1.07214429e+00 (-1.33915415e-02,6.15902601e-03) (-8.00450209e-03,-1.42930384e-02) (-1.92583862e-10,4.76086467e-10)
1.09218437e+00 (-1.28138339e-02,6.02824110e-03) (-7.69782637e-03,-1.36342265e-02) (-1.20454764e-10,2.92724114e-10)
1.11222445e+00 (-1.22568402e-02,5.88603306e-03) (-7.39805379e-03,-1.30039513e-02) (-7.54293720e-11,1.80466113e-10)
1.13226453e+00 (-1.17203901e-02,5.73511748e-03) (-7.10568437e-03,-1.24011736e-02) (-4.72784850e-11,1.11522601e-10)
1.15230461e+00 (-1.12042047e-02,5.57775748e-03) (-6.82109407e-03,-1.18248660e-02) (-2.96600377e-11,6.90627428e-11)
1.17234469e+00 (-1.07079221e-02,5.41584474e-03) (-6.54455526e-03,-1.12740172e-02) (-1.86231480e-11,4.28497373e-11)
1.19238477e+00 (-1.02311185e-02,5.25096342e-03) (-6.27625358e-03,-1.07476361e-02) (-1.17027093e-11,2.66317361e-11)
1.21242485e+00 (-9.77332320e-03,5.08444131e-03) (-6.01630203e-03,-1.02447544e-02) (-7.35948472e-12,1.65779246e-11)
1.23246493e+00 (-9.33403219e-03,4.91739108e-03) (-5.76475267e-03,-9.76442806e-03) (-4.63145115e-12,1.03343211e-11)
1.25250501e+00 (-8.91271745e-03,4.75074399e-03) (-5.52160657e-03,-9.30573949e-03) (-2.91659936e-12,6.45065053e-12)
1.27254509e+00 (-8.50883521e-03,4.58527753e-03) (-5.28682212e-03,-8.86779796e-03) (-1.83782394e-12,4.03132087e-12)
1.29258517e+00 (-8.12183227e-03,4.42163846e-03) (-5.06032214e-03,-8.44974044e-03) (-1.15873059e-12,2.52215662e-12)
1.31262525e+00 (-7.75115115e-03,4.26036198e-03) (-4.84199997e-03,-8.05073187e-03) (-7.30958744e-13,1.57957268e-12)
1.33266533e+00 (-7.39623418e-03,4.10188781e-03) (-4.63172460e-03,-7.66996531e-03) (-4.61342924e-13,9.90191519e-13)
1.35270541e+00 (-7.05652687e-03,3.94657390e-03) (-4.42934512e-03,-7.30666182e-03) (-2.91324561e-13,6.21278275e-13)
1.37274549e+00 (-6.73148051e-03,3.79470791e-03) (-4.23469452e-03,-6.96007022e-03) (-1.84034584e-13,3.90118407e-13)
1.39278557e+00 (-6.42055433e-03,3.64651715e-03) (-4.04759295e-03,-6.62946679e-03) (-1.16296888e-13,2.45144044e-13)
1.41282565e+00 (-6.12321718e-03,3.50217704e-03) (-3.86785051e-03,-6.31415474e-03) (-7.35356348e-14,1.54165967e-13)
1.43286573e+00 (-5.83894888e-03,3.36181836e-03) (-3.69526972e-03,-6.01346377e-03) (-4.65086696e-14,9.70131329e-14)
1.45290581e+00 (-5.56724122e-03,3.22553353e-03) (-3.52964754e-03,-5.72674946e-03) (-2.94225116e-14,6.10834025e-14)
1.47294589e+00 (-5.30759879e-03,3.09338207e-03) (-3.37077717e-03,-5.45339261e-03) (-1.86243874e-14,3.84877443e-14)
1.49298597e+00 (-5.05953955e-03,2.96539527e-03) (-3.21844959e-03,-5.19279864e-03) (-1.17930826e-14,2.42658070e-14)
1.51302605e+00 (-4.82259522e-03,2.84158029e-03) (-3.07245484e-03,-4.94439685e-03) (-7.47235984e-15,1.53079136e-14)
1.53306613e+00 (-4.59631160e-03,2.72192373e-03) (-2.93258319e-03,-4.70763976e-03) (-4.72570148e-15,9.65330714e-15)
1.55310621e+00 (-4.38024872e-03,2.60639472e-03) (-2.79862604e-03,-4.48200238e-03) (-2.99862574e-15,6.09817475e-15)
1.57314629e+00 (-4.17398086e-03,2.49494763e-03) (-2.67037675e-03,-4.26698147e-03) (-1.90515947e-15,3.85607184e-15)
1.59318637e+00 (-3.97709655e-03,2.38752444e-03) (-2.54763131e-03,-4.06209489e-03) (-1.20164114e-15,2.43090139e-15)
1.61322645e+00 (-3.78919851e-03,2.28405676e-03) (-2.43018892e-03,-3.86688078e-03) (-7.62886390e-16,1.53513949e-15)
1.63326653e+00 (-3.60990345e-03,2.18446770e-03) (-2.31785246e-03,-3.68089696e-03) (-4.80725754e-16,9.66688211e-16)
1.65330661e+00 (-3.43884191e-03,2.08867340e-03) (-2.21042884e-03,-3.50372015e-03) (-3.02430574e-16,6.09739187e-16)
1.67334669e+00 (-3.27565799e-03,1.99658439e-03) (-2.10772940e-03,-3.33494533e-03) (-1.99998870e-16,3.93427261e-16)
1.69338677e+00 (-3.12000915e-03,1.90810684e-03) (-2.00957005e-03,-3.17418502e-03) (-1.23426911e-16,2.46428636e-16)
1.71342685e+00 (-2.97156586e-03,1.82314357e-03) (-1.91577156e-03,-3.02106866e-03) (-7.58275861e-17,1.52976088e-16)
1.73346693e+00 (-2.83001131e-03,1.74159496e-03) (-1.82615962e-03,-2.87524192e-03) (-4.98371765e-17,9.84436233e-17)
1.75350701e+00 (-2.69504110e-03,1.66335977e-03) (-1.74056501e-03,-2.73636612e-03) (-3.30527116e-17,6.42933762e-17)
1.77354709e+00 (-2.56636290e-03,1.58833578e-03) (-1.65882363e-03,-2.60411754e-03) (-2.06262828e-17,4.07384871e-17)
1.79358717e+00 (-2.44369608e-03,1.51642041e-03) (-1.58077652e-03,-2.47818692e-03) (-1.28258835e-17,2.58721036e-17)
1.81362725e+00 (-2.32677141e-03,1.44751124e-03) (-1.50626991e-03,-2.35827878e-03) (-9.61865130e-18,1.79978580e-17)
1.83366733e+00 (-2.21533065e-03,1.38150643e-03) (-1.43515515e-03,-2.24411092e-03) (-6.10349531e-18,1.14017919e-17)
1.85370741e+00 (-2.10912625e-03,1.31830509e-03) (-1.36728870e-03,-2.13541385e-03) (-2.73452790e-18,5.32177715e-18)
1.87374749e+00 (-2.00792098e-03,1.25780761e-03) (-1.30253207e-03,-2.03193028e-03) (1.06013919e-18,8.03904106e-19)
1.89378758e+00 (-1.91148756e-03,1.19991593e-03) (-1.24075174e-03,-1.93341459e-03) (-3.12309325e-18,4.39597618e-18)
1.91382766e+00 (-1.81960833e-03,1.14453375e-03) (-1.18181909e-03,-1.83963234e-03) (-2.97249107e-18,4.26183486e-18)
1.93386774e+00 (-1.73207492e-03,1.09156675e-03) (-1.12561027e-03,-1.75035980e-03) (4.43701519e-19,3.79450064e-19)
1.95390782e+00 (-1.64868790e-03,1.04092267e-03) (-1.07200616e-03,-1.66538352e-03) (5.45128881e-20,-4.26513828e-20)
1.97394790e+00 (-1.56925644e-03,9.92511516e-04) (-1.02089220e-03,-1.58449982e-03) (-7.42851558e-22,-7.35785734e-21)
1.99398798e+00 (-1.49359803e-03,9.46245594e-04) (-9.72158309e-04,-1.50751443e-03) (-3.09880767e-21,4.02509882e-21)
2.01402806e+00 (-1.42153810e-03,9.02039610e-04) (-9.25698756e-04,-1.43424206e-03) (1.42656403e-21,-3.02330578e-21)
2.03406814e+00 (-1.35290976e-03,8.59810710e-04) (-8.81412040e-04,-1.36450599e-03) (1.57499372e-22,2.10611880e-21)
2.05410822e+00 (-1.28755349e-03,8.19478518e-04) (-8.39200765e-04,-1.29813771e-03) (-1.12894740e-21,8.49979370e-23)
2.07414830e+00 (-1.22531686e-03,7.80965154e-04) (-7.98971516e-04,-1.23497656e-03) (5.34651768e-22,1.24815075e-21)
2.09418838e+00 (-1.16605419e-03,7.44195238e-04) (-7.60634731e-04,-1.17486936e-03) (-1.24168043e-21,-1.68357695e-21)
2.11422846e+00 (-1.10962636e-03,7.09095883e-04) (-7.24104580e-04,-1.11767011e-03) (1.87770249e-21,-5.88783394e-22)
2.13426854e+00 (-1.05590047e-03,6.75596679e-04) (-6.89298833e-04,-1.06323962e-03) (-3.56167743e-22,1.11900993e-21)
2.15430862e+00 (-1.00474963e-03,6.43629665e-04) (-6.56138741e-04,-1.01144525e-03) (-2.76751750e-22,-3.65995478e-22)
2.17434870e+00 (-9.56052688e-04,6.13129301e-04) (-6.24548914e-04,-9.62160597e-04) (2.66445214e-22,-1.90064401e-22)
2.19438878e+00 (-9.09693998e-04,5.84032427e-04) (-5.94457197e-04,-9.15265200e-04) (1.42969943e-22,4.73790376e-23)
2.21442886e+00 (-8.65563177e-04,5.56278217e-04) (-5.65794550e-04,-8.70644287e-04) (4.77251440e-23,1.76782567e-22)
2.23446894e+00 (-8.23554895e-04,5.29808133e-04) (-5.38494939e-04,-8.28188504e-04) (-6.13000176e-23,-5.37777617e-23)
2.25450902e+00 (-7.83568647e-04,5.04565876e-04) (-5.12495215e-04,-7.87793674e-04) (3.95649203e-23,4.98078837e-23)
2.27454910e+00 (-7.45508551e-04,4.80497326e-04) (-4.87735005e-04,-7.49360556e-04) (-6.04760341e-23,-9.60766488e-24)
2.29458918e+00 (-7.09283147e-04,4.57550490e-04) (-4.64156606e-04,-7.12794617e-04) (2.04031122e-23,-2.14242935e-23)
2.31462926e+00 (-6.74805202e-04,4.35675439e-04) (-4.41704876e-04,-6.78005818e-04) (9.41746236e-24,3.18298635e-23)
2.33466934e+00 (-6.41991528e-04,4.14824256e-04) (-4.20327133e-04,-6.44908403e-04) (-2.56016512e-23,-3.06319605e-24)
2.35470942e+00 (-6.10762797e-04,3.94950969e-04) (-3.99973057e-04,-6.13420699e-04) (1.08300645e-23,-1.68353892e-23)
2.37474950e+00 (-5.81043380e-04,3.76011492e-04) (-3.80594591e-04,-5.83464931e-04) (3.79089852e-24,1.26030968e-23)
2.39478958e+00 (-5.52761172e-04,3.57963568e-04) (-3.62145849e-04,-5.54967036e-04) (-7.13119457e-24,4.32201047e-24)
2.41482966e+00 (-5.25847445e-04,3.40766703e-04) (-3.44583025e-04,-5.27856492e-04) (-5.85158995e-25,-1.99239707e-24)
2.43486974e+00 (-5.00236685e-04,3.24382112e-04) (-3.27864308e-04,-5.02066151e-04) (2.61427592e-24,1.57240524e-24)
2.45490982e+00 (-4.75866458e-04,3.08772653e-04) (-3.11949795e-04,-4.77532080e-04) (5.11830045e-25,1.44187343e-24)
2.47494990e+00 (-4.52677264e-04,2.93902776e-04) (-2.96801408e-04,-4.54193413e-04) (-1.12778979e-24,-1.11651714e-24)
2.49498998e+00 (-4.30612406e-04,2.79738457e-04) (-2.82382822e-04,-4.31992203e-04) (5.57317790e-25,-3.88406865e-25)
2.51503006e+00 (-4.09617863e-04,2.66247150e-04) (-2.68659383e-04,-4.10873287e-04) (7.38881501e-25,-1.02506447e-25)
2.53507014e+00 (-3.89642166e-04,2.53397723e-04) (-2.55598039e-04,-3.90784154e-04) (-4.27281634e-25,-1.41359457e-25)
2.55511022e+00 (-3.70636283e-04,2.41160412e-04) (-2.43167268e-04,-3.71674817e-04) (-1.07279269e-25,6.53171533e-25)
2.57515030e+00 (-3.52553506e-04,2.29506762e-04) (-2.31337011e-04,-3.53497698e-04) (2.17096395e-25,-1.00316448e-25)
2.59519038e+00 (-3.35349343e-04,2.18409579e-04) (-2.20078611e-04,-3.36207510e-04) (-1.37406292e-25,-2.01756264e-25)
2.61523046e+00 (-3.18981419e-04,2.07842879e-04) (-2.09364745e-04,-3.19761151e-04) (1.39379473e-25,2.06819743e-25)
2.63527054e+00 (-3.03409375e-04,1.97781838e-04) (-1.99169368e-04,-3.04117596e-04) (1.19775900e-25,1.54451752e-26)
2.65531062e+00 (-2.88594773e-04,1.88202747e-04) (-1.89467654e-04,-2.89237803e-04) (5.03886975e-26,-2.93655046e-26)
2.67535070e+00 (-2.74501011e-04,1.79082966e-04) (-1.80235945e-04,-2.75084615e-04) (1.27791271e-25,1.36658661e-26)
2.69539078e+00 (-2.61093235e-04,1.70400879e-04) (-1.71451693e-04,-2.61622671e-04) (2.04797365e-25,-1.53560031e-25)
2.71543086e+00 (-2.48338256e-04,1.62135850e-04) (-1.63093412e-04,-2.48818321e-04) (-8.61002948e-26,-2.72848487e-25)
2.73547094e+00 (-2.36204476e-04,1.54268184e-04) (-1.55140631e-04,-2.36639544e-04) (-1.66122217e-25,-4.12416694e-26)
2.75551102e+00 (-2.24661807e-04,1.46779087e-04) (-1.47573847e-04,-2.25055867e-04) (-1.62626164e-25,-4.80343376e-27)
2.77555110e+00 (-2.13681608e-04,1.39650625e-04) (-1.40374479e-04,-2.14038296e-04) (-1.43767004e-25,2.05045687e-25)
2.79559118e+00 (-2.03236610e-04,1.32865691e-04) (-1.33524826e-04,-2.03559240e-04) (8.12537679e-26,1.89552258e-25)
2.81563126e+00 (-1.93300854e-04,1.26407966e-04) (-1.27008030e-04,-1.93592449e-04) (1.11925627e-25,1.63766007e-25)
2.83567134e+00 (-1.83849631e-04,1.20261883e-04) (-1.20808033e-04,-1.84112942e-04) (3.13111008e-25,3.52943392e-26)
2.85571142e+00 (-1.74859420e-04,1.14412602e-04) (-1.14909540e-04,-1.75096955e-04) (9.69937098e-26,-2.13531949e-25)
2.87575150e+00 (-1.66307831e-04,1.08845968e-04) (-1.09297988e-04,-1.66521874e-04) (5.30907595e-27,-2.25475028e-26)
2.89579158e+00 (-1.58173557e-04,1.03548487e-04) (-1.03959505e-04,-1.58366187e-04) (5.42577188e-26,-9.97545175e-26)
2.91583166e+00 (-1.50436314e-04,9.85072953e-05) (-9.88808853e-05,-1.50609424e-04) (-2.78257113e-26,-3.65857920e-26)
2.93587174e+00 (-1.43076800e-04,9.37101312e-05) (-9.40495527e-05,-1.43232113e-04) (-3.01673783e-26,-3.31118290e-26)
2.95591182e+00 (-1.36076643e-04,8.91453071e-05) (-8.94535334e-05,-1.36215726e-04) (1.87764631e-26,1.07233437e-25)
2.97595190e+00 (-1.29418362e-04,8.48016848e-05) (-8.50814276e-05,-1.29542639e-04) (1.21795216e-25,-8.58405128e-26)
2.99599198e+00 (-1.23085318e-04,8.06686499e-05) (-8.09223819e-05,-1.23196083e-04) (-4.40353504e-26,4.05920334e-26)
3.01603206e+00 (-1.17061677e-04,7.67360887e-05) (-7.69660644e-05,-1.17160108e-04) (1.90292817e-25,-7.39206821e-26)
3.03607214e+00 (-1.11332375e-04,7.29943649e-05) (-7.32026392e-05,-1.11419538e-04) (-1.25200243e-25,-9.42519241e-26)
3.05611222e+00 (-1.05883073e-04,6.94342978e-05) (-6.96227435e-05,-1.05959937e-04) (1.26276881e-25,4.03810491e-26)
3.07615230e+00 (-1.00700130e-04,6.60471418e-05) (-6.62174653e-05,-1.00767573e-04) (-9.22238060e-26,-1.42123600e-25)
3.09619238e+00 (-9.57705651e-05,6.28245660e-05) (-6.29783216e-05,-9.58293829e-05) (7.33201713e-26,1.18902158e-25)
3.11623246e+00 (-9.10820273e-05,5.97586355e-05) (-5.98972384e-05,-9.11329393e-05) (1.02243447e-26,-1.96230070e-25)
3.13627255e+00 (-8.66227650e-05,5.68417924e-05) (-5.69665311e-05,-8.66664215e-05) (-3.93945124e-26,1.10011048e-25)
3.15631263e+00 (-8.23815970e-05,5.40668392e-05) (-5.41788858e-05,-8.24185850e-05) (1.17676386e-25,-1.63083432e-25)
3.17635271e+00 (-7.83478851e-05,5.14269215e-05) (-5.15273420e-05,-7.83787338e-05) (-1.16823976e-25,-2.61721296e-26)
3.19639279e+00 (-7.45115082e-05,4.89155120e-05) (-4.90052756e-05,-7.45366935e-05) (7.22049448e-26,-8.63127231e-26)
3.21643287e+00 (-7.08628371e-05,4.65263957e-05) (-4.66063827e-05,-7.08827864e-05) (-1.18434428e-25,-1.07647529e-25)
3.23647295e+00 (-6.73927107e-05,4.42536547e-05) (-4.43246643e-05,-6.74078069e-05) (-6.38185814e-26,-5.24612771e-26)
3.25651303e+00 (-6.40924139e-05,4.20916548e-05) (-4.21544118e-05,-6.41029987e-05) (-9.91456044e-26,-1.42137051e-26)
3.27655311e+00 (-6.09536553e-05,4.00350318e-05) (-4.00901932e-05,-6.09600330e-05) (-3.25014588e-26,-1.24454991e-25)
3.29659319e+00 (-5.79685475e-05,3.80786790e-05) (-3.81268395e-05,-5.79709877e-05) (-3.10601797e-25,-3.45785121e-26)
3.31663327e+00 (-5.51295869e-05,3.62177351e-05) (-3.62594323e-05,-5.51283274e-05) (-8.00428619e-26,1.75808941e-25)
3.33667335e+00 (-5.24296357e-05,3.44475725e-05) (-3.44832918e-05,-5.24248850e-05) (-9.32118400e-26,2.30536465e-26)
3.35671343e+00 (-4.98619036e-05,3.27637863e-05) (-3.27939651e-05,-4.98538431e-05) (-5.07129444e-26,1.48894560e-25)
3.37675351e+00 (-4.74199315e-05,3.11621838e-05) (-3.11872155e-05,-4.74087175e-05) (6.54594782e-27,1.98683098e-26)
3.39679359e+00 (-4.50975753e-05,2.96387743e-05) (-2.96590119e-05,-4.50833409e-05) (-7.13453472e-26,6.72715866e-26)
3.41683367e+00 (-4.28889905e-05,2.81897596e-05) (-2.82055191e-05,-4.28718472e-05) (1.93806662e-26,1.00031097e-25)
3.43687375e+00 (-4.07886176e-05,2.68115251e-05) (-2.68230882e-05,-4.07686569e-05) (5.24290868e-26,-2.75672755e-27)
3.45691383e+00 (-3.87911687e-05,2.55006307e-05) (-2.55082475e-05,-3.87684632e-05) (-3.56365641e-26,2.57837729e-28)
3.47695391e+00 (-3.68916138e-05,2.42538024e-05) (-2.42576941e-05,-3.68662187e-05) (3.86868938e-26,-1.07182748e-26)
3.49699399e+00 (-3.50851686e-05,2.30679250e-05) (-2.30682858e-05,-3.50571225e-05) (-1.17747679e-25,-7.53017063e-26)
3.51703407e+00 (-3.33672826e-05,2.19400338e-05) (-2.19370331e-05,-3.33366086e-05) (-8.62582725e-26,1.16638387e-25)
3.53707415e+00 (-3.17336276e-05,2.08673078e-05) (-2.08610920e-05,-3.17003338e-05) (-1.63543178e-26,5.83127793e-26)
3.55711423e+00 (-3.01800868e-05,1.98470628e-05) (-1.98377569e-05,-3.01441675e-05) (3.57483310e-26,9.98538349e-26)
3.57715431e+00 (-2.87027448e-05,1.88767447e-05) (-1.88644536e-05,-2.86641808e-05) (3.86412324e-26,-3.61006250e-26)
3.59719439e+00 (-2.72978776e-05,1.79539236e-05) (-1.79387336e-05,-2.72566368e-05) (-5.95865474e-27,4.03290579e-26)
3.61723447e+00 (-2.59619435e-05,1.70762873e-05) (-1.70582673e-05,-2.59179814e-05) (1.58052250e-26,-6.81022764e-26)
3.63727455e+00 (-2.46915739e-05,1.62416361e-05) (-1.62208386e-05,-2.46448341e-05) (-8.62899296e-26,3.53434207e-26)
3.65731463e+00 (-2.34835652e-05,1.54478773e-05) (-1.54243392e-05,-2.34339794e-05) (-3.44074517e-27,-1.00405620e-26)
3.67735471e+00 (-2.23348708e-05,1.46930199e-05) (-1.46667636e-05,-2.22823592e-05) (-9.49268391e-26,7.38624639e-26)
3.69739479e+00 (-2.12425931e-05,1.39751701e-05) (-1.39462037e-05,-2.11870646e-05) (5.79041213e-26,2.69002485e-26)
3.71743487e+00 (-2.02039766e-05,1.32925259e-05) (-1.32608447e-05,-2.01453288e-05) (-9.24906311e-26,1.36143656e-26)
3.73747495e+00 (-1.92164009e-05,1.26433735e-05) (-1.26089597e-05,-1.91545202e-05) (3.34834032e-26,5.00860947e-26)
3.75751503e+00 (-1.82773739e-05,1.20260825e-05) (-1.19889061e-05,-1.82121357e-05) (-1.10153525e-25,-5.26986784e-27)
3.77755511e+00 (-1.73845261e-05,1.14391023e-05) (-1.13991213e-05,-1.73157944e-05) (3.31678187e-27,1.23477280e-25)
3.79759519e+00 (-1.65356039e-05,1.08809576e-05) (-1.08381187e-05,-1.64632315e-05) (-4.93134772e-26,1.58176307e-27)
3.81763527e+00 (-1.57284648e-05,1.03502457e-05) (-1.03044839e-05,-1.56522928e-05) (-7.93680056e-27,1.31353701e-25)
3.83767535e+00 (-1.49610711e-05,9.84563221e-06) (-9.79687149e-06,-1.48809290e-05) (-8.53041684e-27,-1.98148878e-27)
3.85771543e+00 (-1.42314856e-05,9.36584801e-06) (-9.31400144e-06,-1.41471910e-05) (-3.93892764e-26,1.29222072e-25)
3.87775551e+00 (-1.35378663e-05,8.90968628e-06) (-8.85465591e-06,-1.34492245e-05) (2.84967765e-26,2.70018202e-26)
3.89779559e+00 (-1.28784618e-05,8.47599928e-06) (-8.41767628e-06,-1.27852654e-05) (-4.38768840e-26,1.23392101e-25)
3.91783567e+00 (-1.22516070e-05,8.06369562e-06) (-8.00196019e-06,-1.21536357e-05) (9.05280268e-26,5.51471530e-26)
3.93787575e+00 (-1.16557188e-05,7.67173747e-06) (-7.60645881e-06,-1.15527390e-05) (-3.00319118e-26,5.19021173e-26)
3.95791583e+00 (-1.10892924e-05,7.29913803e-06) (-7.23017418e-06,-1.09810564e-05) (9.09436410e-26,6.83468237e-26)
3.97795591e+00 (-1.05508970e-05,6.94495906e-06) (-6.87215675e-06,-1.04371429e-05) (-1.74271678e-26,-1.74331985e-26)
3.99799599e+00 (-1.00391727e-05,6.60830852e-06) (-6.53150295e-06,-9.91962349e-06) (3.70114520e-26,8.43704999e-26)
4.01803607e+00 (-9.55282694e-06,6.28833838e-06) (-6.20735296e-06,-9.42719002e-06) (1.76187879e-26,-3.57801783e-26)
4.03807615e+00 (-9.09063104e-06,5.98424250e-06) (-5.89888855e-06,-8.95859761e-06) (-1.33078638e-26,6.76313149e-26)
4.05811623e+00 (-8.65141732e-06,5.69525458e-06) (-5.60533097e-06,-8.51266161e-06) (3.83541586e-26,-2.31309603e-26)
4.07815631e+00 (-8.23407612e-06,5.42064630e-06) (-5.32593909e-06,-8.08825462e-06) (-4.02669562e-26,3.76584358e-26)
4.09819639e+00 (-7.83755294e-06,5.15972547e-06) (-5.06000744e-06,-7.68430365e-06) (4.15076097e-26,-3.00189849e-27)
4.11823647e+00 (-7.46084587e-06,4.91183429e-06) (-4.80686450e-06,-7.29978737e-06) (-4.23936888e-26,7.38981095e-27)
4.13827655e+00 (-7.10300297e-06,4.67634776e-06) (-4.56587100e-06,-6.93373359e-06) (3.31659767e-26,1.40535018e-27)
4.15831663e+00 (-6.76311998e-06,4.45267203e-06) (-4.33641829e-06,-6.58521673e-06) (-4.51293893e-26,-2.00458944e-26)
4.17835671e+00 (-6.44033795e-06,4.24024299e-06) (-4.11792684e-06,-6.25335558e-06) (1.43197936e-26,7.77158401e-27)
4.19839679e+00 (-6.13384113e-06,4.03852483e-06) (-3.90984475e-06,-5.93731099e-06) (-3.47548164e-26,-3.91559934e-26)
4.21843687e+00 (-5.84285486e-06,3.84700867e-06) (-3.71164639e-06,-5.63628379e-06) (-1.32826997e-26,3.64387147e-27)
4.23847695e+00 (-5.56664370e-06,3.66521135e-06) (-3.52283105e-06,-5.34951277e-06) (-1.80402559e-26,-3.69355063e-26)
4.25851703e+00 (-5.30450949e-06,3.49267416e-06) (-3.34292172e-06,-5.07627274e-06) (-2.90937231e-26,-1.60076482e-26)
4.27855711e+00 (-5.05578963e-06,3.32896170e-06) (-3.17146383e-06,-4.81587274e-06) (-1.09138156e-26,-2.60603804e-26)
4.29859719e+00 (-4.81985543e-06,3.17366081e-06) (-3.00802417e-06,-4.56765423e-06) (-3.04260343e-26,-4.07183764e-26)
4.31863727e+00 (-4.59611046e-06,3.02637952e-06) (-2.85218974e-06,-4.33098948e-06) (-2.11766696e-26,-1.70891771e-26)
4.33867735e+00 (-4.38398912e-06,2.88674608e-06) (-2.70356675e-06,-4.10527999e-06) (-1.89259109e-26,-5.08260380e-26)
4.35871743e+00 (-4.18295516e-06,2.75440799e-06) (-2.56177961e-06,-3.88995491e-06) (-3.77777141e-26,-2.59764417e-26)
4.37875752e+00 (-3.99250033e-06,2.62903116e-06) (-2.42646999e-06,-3.68446967e-06) (-2.14167712e-26,-3.52852401e-26)
4.39879760e+00 (-3.81214314e-06,2.51029903e-06) (-2.29729592e-06,-3.48830457e-06) (-3.48879761e-26,-3.44273636e-26)
4.41883768e+00 (-3.64142760e-06,2.39791180e-06) (-2.17393089e-06,-3.30096348e-06) (-3.52183127e-26,-1.56580494e-26)
4.43887776e+00 (-3.47992208e-06,2.29158569e-06) (-2.05606311e-06,-3.12197258e-06) (-1.44145072e-26,-3.48969657e-26)
4.45891784e+00 (-3.32721824e-06,2.19105218e-06) (-1.94339462e-06,-2.95087914e-06) (-5.67362338e-26,-4.71249736e-27)
4.47895792e+00 (-3.18292998e-06,2.09605737e-06) (-1.83564062e-06,-2.78725042e-06) (1.42879840e-26,-2.05947620e-26)
4.49899800e+00 (-3.04669246e-06,2.00636135e-06) (-1.73252873e-06,-2.63067256e-06) (-7.31377179e-26,-7.46955438e-27)
4.51903808e+00 (-2.91816121e-06,1.92173756e-06) (-1.63379826e-06,-2.48074950e-06) (3.94861975e-26,9.75252107e-28)
4.53907816e+00 (-2.79701121e-06,1.84197224e-06) (-1.53919962e-06,-2.33710203e-06) (-8.08068963e-26,-1.95610276e-26)
4.55911824e+00 (-2.68293612e-06,1.76686391e-06) (-1.44849364e-06,-2.19936681e-06) (5.47698519e-26,2.34056120e-26)
4.57915832e+00 (-2.57564748e-06,1.69622281e-06) (-1.36145098e-06,-2.06719543e-06) (-8.07282051e-26,-3.40985107e-26)
4.59919840e+00 (-2.47487399e-06,1.62987051e-06) (-1.27785158e-06,-1.94025357e-06) (5.90936036e-26,4.44219785e-26)
4.61923848e+00 (-2.38036082e-06,1.56763935e-06) (-1.19748405e-06,-1.81822013e-06) (-7.10909351e-26,-4.51002317e-26)
4.63927856e+00 (-2.29186895e-06,1.50937212e-06) (-1.12014518e-06,-1.70078641e-06) (5.26551790e-26,5.90528447e-26)
4.65931864e+00 (-2.20917460e-06,1.45492159e-06) (-1.04563940e-06,-1.58765536e-06) (-5.27958275e-26,-4.69085823e-26)
4.67935872e+00 (-2.13206866e-06,1.40415019e-06) (-9.73778316e-07,-1.47854079e-06) (3.98516224e-26,6.02668062e-26)
4.69939880e+00 (-2.06035613e-06,1.35692964e-06) (-9.04380203e-07,-1.37316669e-06) (-3.41642476e-26,-3.53481841e-26)
4.71943888e+00 (-1.99385565e-06,1.31314060e-06) (-8.37269563e-07,-1.27126649e-06) (3.01629967e-26,5.01534344e-26)
4.73947896e+00 (-1.93239905e-06,1.27267245e-06) (-7.72276679e-07,-1.17258241e-06) (-1.96471185e-26,-1.74458557e-26)
4.75951904e+00 (-1.87583091e-06,1.23542291e-06) (-7.09237185e-07,-1.07686482e-06) (2.54103108e-26,3.23833571e-26)
4.77955912e+00 (-1.82400817e-06,1.20129786e-06) (-6.47991649e-07,-9.83871566e-07) (-1.21929457e-26,8.85002997e-28)
4.79959920e+00 (-1.77679977e-06,1.17021107e-06) (-5.88385176e-07,-8.93367403e-07) (2.50749041e-26,1.35389973e-26)
4.81963928e+00 (-1.73408632e-06,1.14208398e-06) (-5.30267009e-07,-8.05123373e-07) (-8.95400720e-27,1.35922599e-26)
4.83967936e+00 (-1.69575981e-06,1.11684552e-06) (-4.73490154e-07,-7.18916234e-07) (2.49789072e-26,-3.60385457e-27)
4.85971944e+00 (-1.66172330e-06,1.09443193e-06) (-4.17911006e-07,-6.34527897e-07) (-8.45849497e-27,2.04329084e-26)
4.87975952e+00 (-1.63189072e-06,1.07478655e-06) (-3.63388986e-07,-5.51744872e-07) (2.47104000e-26,-1.60655035e-26)
4.89979960e+00 (-1.60618664e-06,1.05785977e-06) (-3.09786187e-07,-4.70357728e-07) (-8.86743343e-27,1.90244594e-26)
4.91983968e+00 (-1.58454605e-06,1.04360880e-06) (-2.56967022e-07,-3.90160565e-07) (2.13028138e-26,-2.06885989e-26)
4.93987976e+00 (-1.56691423e-06,1.03199767e-06) (-2.04797886e-07,-3.10950490e-07) (-6.78748282e-27,1.06295708e-26)
4.95991984e+00 (-1.55324659e-06,1.02299703e-06) (-1.53146815e-07,-2.32527109e-07) (1.42562847e-26,-1.81669309e-26)
4.97995992e+00 (-1.54350859e-06,1.01658417e-06) (-1.01883154e-07,-1.54692016e-07) (-1.03236556e-27,-1.15274788e-27)
5.00000000e+00 (-1.53572802e-06,1.01146034e-06) (-5.08772252e-08,-7.72482892e-08) (4.98813500e-27,-1.01577232e-26)
