0.546 	 500
Z	 ux	 uz 	 rho
-5.00000000e+00 (-9.93414957e-03,1.00163874e-02) (1.09598147e-04,1.08698311e-04) (4.67283560e-13,-3.75131645e-12)
-4.97995992e+00 (-9.93652745e-03,1.00187693e-02) (2.19209325e-04,2.17409630e-04) (3.24456551e-13,-2.48634446e-12)
-4.95991984e+00 (-9.93950008e-03,1.00217466e-02) (3.28846565e-04,3.26146968e-04) (1.44564194e-13,-2.81214578e-12)
-4.93987976e+00 (-9.94366250e-03,1.00259147e-02) (4.38522898e-04,4.34923340e-04) (1.01216292e-12,-4.00844454e-12)
-4.91983968e+00 (-9.94901539e-03,1.00312736e-02) (5.48251352e-04,5.43751767e-04) (-3.83152946e-13,-1.53600800e-12)
-4.89979960e+00 (-9.95555956e-03,1.00378232e-02) (6.58044956e-04,6.52645280e-04) (3.73297928e-12,-1.41235807e-12)
-4.87975952e+00 (-9.96329595e-03,1.00455637e-02) (7.67916741e-04,7.61616918e-04) (2.91081653e-12,-6.04160093e-13)
-4.85971944e+00 (-9.97222560e-03,1.00544950e-02) (8.77879736e-04,8.70679732e-04) (2.59572725e-12,-1.76396153e-12)
-4.83967936e+00 (-9.98234970e-03,1.00646174e-02) (9.87946972e-04,9.79846785e-04) (2.93573040e-12,4.23328201e-13)
-4.81963928e+00 (-9.99366954e-03,1.00759310e-02) (1.09813148e-03,1.08913115e-03) (2.34937879e-12,-1.25575470e-12)
-4.79959920e+00 (-1.00061866e-02,1.00884364e-02) (1.20844631e-03,1.19854593e-03) (4.06663931e-12,-1.15265561e-12)
-4.77955912e+00 (-1.00199023e-02,1.01021337e-02) (1.31890448e-03,1.30810421e-03) (2.57284716e-12,-1.61656579e-13)
-4.75951904e+00 (-1.00348185e-02,1.01170236e-02) (1.42951905e-03,1.41781914e-03) (-8.40228410e-14,9.92872772e-13)
-4.73947896e+00 (-1.00509370e-02,1.01331067e-02) (1.54030307e-03,1.52770385e-03) (4.09597599e-13,1.31083127e-12)
-4.71943888e+00 (-1.00682597e-02,1.01503835e-02) (1.65126960e-03,1.63777151e-03) (4.99175829e-13,7.17892404e-13)
-4.69939880e+00 (-1.00867889e-02,1.01688549e-02) (1.76243171e-03,1.74803530e-03) (1.95466229e-12,-5.57326897e-13)
-4.67935872e+00 (-1.01065267e-02,1.01885215e-02) (1.87380246e-03,1.85850845e-03) (-3.51534076e-14,-8.31746762e-14)
-4.65931864e+00 (-1.01274757e-02,1.02093844e-02) (1.98539494e-03,1.96920418e-03) (4.01130125e-13,1.75862280e-12)
-4.63927856e+00 (-1.01496385e-02,1.02314443e-02) (2.09722225e-03,2.08013577e-03) (-5.81856403e-13,-7.33523410e-14)
-4.61923848e+00 (-1.01730176e-02,1.02547023e-02) (2.20929749e-03,2.19131651e-03) (1.82056575e-12,5.77268999e-13)
-4.59919840e+00 (-1.01976162e-02,1.02791593e-02) (2.32163377e-03,2.30275973e-03) (1.62279274e-12,1.73761940e-12)
-4.57915832e+00 (-1.02234371e-02,1.03048164e-02) (2.43424422e-03,2.41447877e-03) (3.76205260e-12,1.84319006e-12)
-4.55911824e+00 (-1.02504837e-02,1.03316747e-02) (2.54714198e-03,2.52648705e-03) (4.50999645e-12,3.20943992e-13)
-4.53907816e+00 (-1.02787591e-02,1.03597353e-02) (2.66034019e-03,2.63879798e-03) (2.69344641e-12,2.64062061e-12)
-4.51903808e+00 (-1.03082671e-02,1.03889993e-02) (2.77385202e-03,2.75142502e-03) (6.04431622e-12,2.73558575e-12)
-4.49899800e+00 (-1.03390111e-02,1.04194679e-02) (2.88769064e-03,2.86438170e-03) (5.41808651e-12,1.96416540e-12)
-4.47895792e+00 (-1.03709950e-02,1.04511422e-02) (3.00186923e-03,2.97768154e-03) (4.38237908e-12,4.76464505e-12)
-4.45891784e+00 (-1.04042228e-02,1.04840233e-02) (3.11640100e-03,3.09133814e-03) (4.28917044e-12,2.53396749e-12)
-4.43887776e+00 (-1.04386986e-02,1.05181125e-02) (3.23129916e-03,3.20536513e-03) (3.05791888e-12,3.91612016e-12)
-4.41883768e+00 (-1.04744267e-02,1.05534109e-02) (3.34657693e-03,3.31977619e-03) (1.78200879e-12,5.82772906e-12)
-4.39879760e+00 (-1.05114116e-02,1.05899195e-02) (3.46224755e-03,3.43458505e-03) (3.37043332e-12,6.58531498e-12)
-4.37875752e+00 (-1.05496578e-02,1.06276394e-02) (3.57832427e-03,3.54980548e-03) (3.52016574e-12,6.94065669e-12)
-4.35871743e+00 (-1.05891700e-02,1.06665718e-02) (3.69482034e-03,3.66545131e-03) (3.56349221e-12,7.39788211e-12)
-4.33867735e+00 (-1.06299533e-02,1.07067175e-02) (3.81174904e-03,3.78153642e-03) (1.20908575e-12,7.89919674e-12)
-4.31863727e+00 (-1.06720127e-02,1.07480774e-02) (3.92912366e-03,3.89807474e-03) (2.54602500e-12,1.10125905e-11)
-4.29859719e+00 (-1.07153535e-02,1.07906525e-02) (4.04695747e-03,4.01508026e-03) (9.75052945e-13,1.11903392e-11)
-4.27855711e+00 (-1.07599811e-02,1.08344435e-02) (4.16526379e-03,4.13256704e-03) (3.10032861e-12,1.58124986e-11)
-4.25851703e+00 (-1.08059010e-02,1.08794510e-02) (4.28405591e-03,4.25054919e-03) (3.46148515e-12,1.61563707e-11)
-4.23847695e+00 (-1.08531191e-02,1.09256755e-02) (4.40334716e-03,4.36904087e-03) (3.63089912e-12,2.10116746e-11)
-4.21843687e+00 (-1.09016412e-02,1.09731176e-02) (4.52315086e-03,4.48805632e-03) (4.15241154e-12,2.10136356e-11)
-4.19839679e+00 (-1.09514735e-02,1.10217775e-02) (4.64348032e-03,4.60760985e-03) (4.21784625e-12,2.55591482e-11)
-4.17835671e+00 (-1.10026222e-02,1.10716553e-02) (4.76434887e-03,4.72771582e-03) (3.86038953e-12,2.69161951e-11)
-4.15831663e+00 (-1.10550938e-02,1.11227509e-02) (4.88576985e-03,4.84838868e-03) (2.48177919e-12,3.27532747e-11)
-4.13827655e+00 (-1.11088949e-02,1.11750641e-02) (5.00775657e-03,4.96964293e-03) (5.82225287e-12,3.64613404e-11)
-4.11823647e+00 (-1.11640324e-02,1.12285946e-02) (5.13032236e-03,5.09149315e-03) (4.42310265e-12,3.92170517e-11)
-4.09819639e+00 (-1.12205131e-02,1.12833415e-02) (5.25348052e-03,5.21395402e-03) (5.05375425e-12,4.56830688e-11)
-4.07815631e+00 (-1.12783442e-02,1.13393040e-02) (5.37724438e-03,5.33704025e-03) (4.37372646e-12,5.01997261e-11)
-4.05811623e+00 (-1.13375332e-02,1.13964808e-02) (5.50162721e-03,5.46076668e-03) (5.42328741e-12,5.97040147e-11)
-4.03807615e+00 (-1.13980875e-02,1.14548706e-02) (5.62664231e-03,5.58514819e-03) (5.07352927e-12,6.90686787e-11)
-4.01803607e+00 (-1.14600148e-02,1.15144715e-02) (5.75230294e-03,5.71019978e-03) (8.86313852e-12,7.90938677e-11)
-3.99799599e+00 (-1.15233232e-02,1.15752813e-02) (5.87862233e-03,5.83593649e-03) (7.47094159e-12,8.89701117e-11)
-3.97795591e+00 (-1.15880206e-02,1.16372977e-02) (6.00561371e-03,5.96237350e-03) (1.01659520e-11,1.03794242e-10)
-3.95791583e+00 (-1.16541154e-02,1.17005176e-02) (6.13329025e-03,6.08952604e-03) (1.11350457e-11,1.19285268e-10)
-3.93787575e+00 (-1.17216162e-02,1.17649377e-02) (6.26166511e-03,6.21740945e-03) (1.32770552e-11,1.35189258e-10)
-3.91783567e+00 (-1.17905316e-02,1.18305543e-02) (6.39075141e-03,6.34603917e-03) (1.23032096e-11,1.57892509e-10)
-3.89779559e+00 (-1.18608704e-02,1.18973631e-02) (6.52056221e-03,6.47543071e-03) (1.80585277e-11,1.77887725e-10)
-3.87775551e+00 (-1.19326420e-02,1.19653594e-02) (6.65111054e-03,6.60559970e-03) (1.65866511e-11,2.03683983e-10)
-3.85771543e+00 (-1.20058555e-02,1.20345378e-02) (6.78240936e-03,6.73656187e-03) (2.01267738e-11,2.31529256e-10)
-3.83767535e+00 (-1.20805205e-02,1.21048923e-02) (6.91447157e-03,6.86833305e-03) (1.81287976e-11,2.65916854e-10)
-3.81763527e+00 (-1.21566467e-02,1.21764164e-02) (7.04731000e-03,7.00092917e-03) (2.39764130e-11,3.03012605e-10)
-3.79759519e+00 (-1.22342443e-02,1.22491029e-02) (7.18093743e-03,7.13436628e-03) (2.31898677e-11,3.46101964e-10)
-3.77755511e+00 (-1.23133233e-02,1.23229437e-02) (7.31536652e-03,7.26866053e-03) (2.95299274e-11,3.93912087e-10)
-3.75751503e+00 (-1.23938941e-02,1.23979302e-02) (7.45060987e-03,7.40382818e-03) (2.80337543e-11,4.47792160e-10)
-3.73747495e+00 (-1.24759676e-02,1.24740528e-02) (7.58667995e-03,7.53988563e-03) (3.49765069e-11,5.13026023e-10)
-3.71743487e+00 (-1.25595545e-02,1.25513010e-02) (7.72358914e-03,7.67684936e-03) (3.57108607e-11,5.83609007e-10)
-3.69739479e+00 (-1.26446660e-02,1.26296635e-02) (7.86134970e-03,7.81473600e-03) (4.26674973e-11,6.67610187e-10)
-3.67735471e+00 (-1.27313135e-02,1.27091281e-02) (7.99997376e-03,7.95356229e-03) (4.55327390e-11,7.61353649e-10)
-3.65731463e+00 (-1.28195086e-02,1.27896812e-02) (8.13947330e-03,8.09334510e-03) (5.74910446e-11,8.71164695e-10)
-3.63727455e+00 (-1.29092633e-02,1.28713084e-02) (8.27986017e-03,8.23410144e-03) (6.26887791e-11,9.89322106e-10)
-3.61723447e+00 (-1.30005896e-02,1.29539941e-02) (8.42114602e-03,8.37584842e-03) (7.11538373e-11,1.13026038e-09)
-3.59719439e+00 (-1.30935000e-02,1.30377214e-02) (8.56334236e-03,8.51860332e-03) (7.87985064e-11,1.28727365e-09)
-3.57715431e+00 (-1.31880072e-02,1.31224720e-02) (8.70646049e-03,8.66238353e-03) (9.07528686e-11,1.47082679e-09)
-3.55711423e+00 (-1.32841242e-02,1.32082262e-02) (8.85051149e-03,8.80720660e-03) (1.04891931e-10,1.67431057e-09)
-3.53707415e+00 (-1.33818642e-02,1.32949631e-02) (8.99550624e-03,8.95309022e-03) (1.19625134e-10,1.90379501e-09)
-3.51703407e+00 (-1.34812408e-02,1.33826598e-02) (9.14145537e-03,9.10005221e-03) (1.29964171e-10,2.16770643e-09)
-3.49699399e+00 (-1.35822678e-02,1.34712921e-02) (9.28836926e-03,9.24811055e-03) (1.48999369e-10,2.47196528e-09)
-3.47695391e+00 (-1.36849593e-02,1.35608339e-02) (9.43625800e-03,9.39728340e-03) (1.69817577e-10,2.81340368e-09)
-3.45691383e+00 (-1.37893298e-02,1.36512572e-02) (9.58513139e-03,9.54758902e-03) (1.94306900e-10,3.20113485e-09)
-3.43687375e+00 (-1.38953942e-02,1.37425320e-02) (9.73499893e-03,9.69904588e-03) (2.20447373e-10,3.64125348e-09)
-3.41683367e+00 (-1.40031674e-02,1.38346263e-02) (9.88586977e-03,9.85167260e-03) (2.49054114e-10,4.14198656e-09)
-3.39679359e+00 (-1.41126651e-02,1.39275060e-02) (1.00377527e-02,1.00054879e-02) (2.79277680e-10,4.71817568e-09)
-3.37675351e+00 (-1.42239028e-02,1.40211344e-02) (1.01906561e-02,1.01605109e-02) (3.21934364e-10,5.36878915e-09)
-3.35671343e+00 (-1.43368969e-02,1.41154726e-02) (1.03445879e-02,1.03167605e-02) (3.64907533e-10,6.10854862e-09)
-3.33667335e+00 (-1.44516638e-02,1.42104790e-02) (1.04995558e-02,1.04742562e-02) (4.19628933e-10,6.94919029e-09)
-3.31663327e+00 (-1.45682205e-02,1.43061093e-02) (1.06555667e-02,1.06330174e-02) (4.73678708e-10,7.90267439e-09)
-3.29659319e+00 (-1.46865841e-02,1.44023161e-02) (1.08126274e-02,1.07930637e-02) (5.34811442e-10,8.99008688e-09)
-3.27655311e+00 (-1.48067725e-02,1.44990493e-02) (1.09707437e-02,1.09544152e-02) (6.06300395e-10,1.02272380e-08)
-3.25651303e+00 (-1.49288037e-02,1.45962552e-02) (1.11299212e-02,1.11170917e-02) (6.91411322e-10,1.16312570e-08)
-3.23647295e+00 (-1.50526962e-02,1.46938770e-02) (1.12901647e-02,1.12811136e-02) (7.85417831e-10,1.32229087e-08)
-3.21643287e+00 (-1.51784690e-02,1.47918540e-02) (1.14514786e-02,1.14465014e-02) (8.91936817e-10,1.50326223e-08)
-3.19639279e+00 (-1.53061415e-02,1.48901221e-02) (1.16138662e-02,1.16132757e-02) (1.01141159e-09,1.70860118e-08)
-3.17635271e+00 (-1.54357336e-02,1.49886129e-02) (1.17773305e-02,1.17814575e-02) (1.14783402e-09,1.94222155e-08)
-3.15631263e+00 (-1.55672656e-02,1.50872538e-02) (1.19418736e-02,1.19510677e-02) (1.30696097e-09,2.20732254e-08)
-3.13627255e+00 (-1.57007585e-02,1.51859679e-02) (1.21074965e-02,1.21221279e-02) (1.48360371e-09,2.50807735e-08)
-3.11623246e+00 (-1.58362337e-02,1.52846734e-02) (1.22741997e-02,1.22946595e-02) (1.68384173e-09,2.85008016e-08)
-3.09619238e+00 (-1.59737130e-02,1.53832837e-02) (1.24419827e-02,1.24686843e-02) (1.91703379e-09,3.23842782e-08)
-3.07615230e+00 (-1.61132190e-02,1.54817069e-02) (1.26108440e-02,1.26442245e-02) (2.17884728e-09,3.67888892e-08)
-3.05611222e+00 (-1.62547747e-02,1.55798458e-02) (1.27807808e-02,1.28213023e-02) (2.47727417e-09,4.17930577e-08)
-3.03607214e+00 (-1.63984039e-02,1.56775970e-02) (1.29517897e-02,1.29999402e-02) (2.81477380e-09,4.74721749e-08)
-3.01603206e+00 (-1.65441307e-02,1.57748515e-02) (1.31238657e-02,1.31801611e-02) (3.20021737e-09,5.39250065e-08)
-2.99599198e+00 (-1.66919801e-02,1.58714935e-02) (1.32970029e-02,1.33619881e-02) (3.64351827e-09,6.12424155e-08)
-2.97595190e+00 (-1.68419777e-02,1.59674004e-02) (1.34711938e-02,1.35454446e-02) (4.13894317e-09,6.95500658e-08)
-2.95591182e+00 (-1.69941499e-02,1.60624427e-02) (1.36464297e-02,1.37305541e-02) (4.70566015e-09,7.89815356e-08)
-2.93587174e+00 (-1.71485237e-02,1.61564833e-02) (1.38227005e-02,1.39173406e-02) (5.34824913e-09,8.96863210e-08)
-2.91583166e+00 (-1.73051268e-02,1.62493770e-02) (1.39999945e-02,1.41058284e-02) (6.07895649e-09,1.01837998e-07)
-2.89579158e+00 (-1.74639880e-02,1.63409705e-02) (1.41782981e-02,1.42960419e-02) (6.91051694e-09,1.15633744e-07)
-2.87575150e+00 (-1.76251364e-02,1.64311016e-02) (1.43575965e-02,1.44880062e-02) (7.86338340e-09,1.31285965e-07)
-2.85571142e+00 (-1.77886025e-02,1.65195988e-02) (1.45378725e-02,1.46817463e-02) (8.93668648e-09,1.49045131e-07)
-2.83567134e+00 (-1.79544174e-02,1.66062809e-02) (1.47191075e-02,1.48772879e-02) (1.01550430e-08,1.69208310e-07)
-2.81563126e+00 (-1.81226132e-02,1.66909565e-02) (1.49012805e-02,1.50746566e-02) (1.15457150e-08,1.92091141e-07)
-2.79559118e+00 (-1.82932229e-02,1.67734235e-02) (1.50843685e-02,1.52738789e-02) (1.31246783e-08,2.18056028e-07)
-2.77555110e+00 (-1.84662808e-02,1.68534681e-02) (1.52683462e-02,1.54749813e-02) (1.49180533e-08,2.47524579e-07)
-2.75551102e+00 (-1.86418218e-02,1.69308649e-02) (1.54531859e-02,1.56779907e-02) (1.69565745e-08,2.80964291e-07)
-2.73547094e+00 (-1.88198825e-02,1.70053758e-02) (1.56388573e-02,1.58829346e-02) (1.92753201e-08,3.18913212e-07)
-2.71543086e+00 (-1.90005001e-02,1.70767495e-02) (1.58253276e-02,1.60898406e-02) (2.19127703e-08,3.61971212e-07)
-2.69539078e+00 (-1.91837134e-02,1.71447207e-02) (1.60125610e-02,1.62987371e-02) (2.49075548e-08,4.10828900e-07)
-2.67535070e+00 (-1.93695623e-02,1.72090096e-02) (1.62005187e-02,1.65096526e-02) (2.83108406e-08,4.66271722e-07)
-2.65531062e+00 (-1.95580883e-02,1.72693210e-02) (1.63891589e-02,1.67226161e-02) (3.21835808e-08,5.29184758e-07)
-2.63527054e+00 (-1.97493341e-02,1.73253434e-02) (1.65784365e-02,1.69376572e-02) (3.65896527e-08,6.00564444e-07)
-2.61523046e+00 (-1.99433438e-02,1.73767483e-02) (1.67683027e-02,1.71548059e-02) (4.15937445e-08,6.81556603e-07)
-2.59519038e+00 (-2.01401634e-02,1.74231895e-02) (1.69587052e-02,1.73740927e-02) (4.72875272e-08,7.73460624e-07)
-2.57515030e+00 (-2.03398403e-02,1.74643017e-02) (1.71495877e-02,1.75955486e-02) (5.37669635e-08,8.77735124e-07)
-2.55511022e+00 (-2.05424237e-02,1.74997000e-02) (1.73408899e-02,1.78192051e-02) (6.11327533e-08,9.96047955e-07)
-2.53507014e+00 (-2.07479646e-02,1.75289786e-02) (1.75325471e-02,1.80450942e-02) (6.95113783e-08,1.13029211e-06)
-2.51503006e+00 (-2.09565160e-02,1.75517101e-02) (1.77244900e-02,1.82732487e-02) (7.90422782e-08,1.28261293e-06)
-2.49498998e+00 (-2.11681328e-02,1.75674438e-02) (1.79166446e-02,1.85037017e-02) (8.98889793e-08,1.45544439e-06)
-2.47494990e+00 (-2.13828721e-02,1.75757051e-02) (1.81089319e-02,1.87364872e-02) (1.02229121e-07,1.65154182e-06)
-2.45490982e+00 (-2.16007934e-02,1.75759941e-02) (1.83012673e-02,1.89716395e-02) (1.16266870e-07,1.87404658e-06)
-2.43486974e+00 (-2.18219584e-02,1.75677840e-02) (1.84935608e-02,1.92091939e-02) (1.32241527e-07,2.12651767e-06)
-2.41482966e+00 (-2.20464313e-02,1.75505203e-02) (1.86857166e-02,1.94491862e-02) (1.50426877e-07,2.41299415e-06)
-2.39478958e+00 (-2.22742791e-02,1.75236191e-02) (1.88776324e-02,1.96916529e-02) (1.71131984e-07,2.73805355e-06)
-2.37474950e+00 (-2.25055715e-02,1.74864654e-02) (1.90691994e-02,1.99366313e-02) (1.94704091e-07,3.10689505e-06)
-2.35470942e+00 (-2.27403813e-02,1.74384120e-02) (1.92603021e-02,2.01841596e-02) (2.21539772e-07,3.52542742e-06)
-2.33466934e+00 (-2.29787843e-02,1.73787777e-02) (1.94508176e-02,2.04342766e-02) (2.52100348e-07,4.00035831e-06)
-2.31462926e+00 (-2.32208597e-02,1.73068456e-02) (1.96406152e-02,2.06870220e-02) (2.86911161e-07,4.53929544e-06)
-2.29458918e+00 (-2.34666904e-02,1.72218611e-02) (1.98295565e-02,2.09424365e-02) (3.26568099e-07,5.15087561e-06)
-2.27454910e+00 (-2.37163628e-02,1.71230305e-02) (2.00174944e-02,2.12005616e-02) (3.71750563e-07,5.84490992e-06)
-2.25450902e+00 (-2.39699674e-02,1.70095186e-02) (2.02042730e-02,2.14614398e-02) (4.23238865e-07,6.63254470e-06)
-2.23446894e+00 (-2.42275992e-02,1.68804469e-02) (2.03897268e-02,2.17251148e-02) (4.81931792e-07,7.52642559e-06)
-2.21442886e+00 (-2.44893572e-02,1.67348914e-02) (2.05736807e-02,2.19916310e-02) (5.48842398e-07,8.54091355e-06)
-2.19438878e+00 (-2.47553457e-02,1.65718805e-02) (2.07559493e-02,2.22610342e-02) (6.25133433e-07,9.69233120e-06)
-2.17434870e+00 (-2.50256738e-02,1.63903924e-02) (2.09363359e-02,2.25333712e-02) (7.12140175e-07,1.09992202e-05)
-2.15430862e+00 (-2.53004562e-02,1.61893526e-02) (2.11146328e-02,2.28086902e-02) (8.11401601e-07,1.24826382e-05)
-2.13426854e+00 (-2.55798134e-02,1.59676319e-02) (2.12906199e-02,2.30870405e-02) (9.24670452e-07,1.41664990e-05)
-2.11422846e+00 (-2.58638721e-02,1.57240430e-02) (2.14640647e-02,2.33684729e-02) (1.05394395e-06,1.60779831e-05)
-2.09418838e+00 (-2.61527656e-02,1.54573381e-02) (2.16347212e-02,2.36530395e-02) (1.20152318e-06,1.82479884e-05)
-2.07414830e+00 (-2.64466342e-02,1.51662057e-02) (2.18023295e-02,2.39407939e-02) (1.37005150e-06,2.07116196e-05)
-2.05410822e+00 (-2.67456259e-02,1.48492679e-02) (2.19666150e-02,2.42317915e-02) (1.56255322e-06,2.35087855e-05)
-2.03406814e+00 (-2.70498966e-02,1.45050767e-02) (2.21272875e-02,2.45260890e-02) (1.78251188e-06,2.66848543e-05)
-2.01402806e+00 (-2.73596110e-02,1.41321109e-02) (2.22840407e-02,2.48237451e-02) (2.03392028e-06,3.02914037e-05)
-1.99398798e+00 (-2.76749427e-02,1.37287723e-02) (2.24365513e-02,2.51248204e-02) (2.32136916e-06,3.43870903e-05)
-1.97394790e+00 (-2.79960752e-02,1.32933824e-02) (2.25844780e-02,2.54293771e-02) (2.65013528e-06,3.90386286e-05)
-1.95390782e+00 (-2.83232026e-02,1.28241776e-02) (2.27274606e-02,2.57374800e-02) (3.02628880e-06,4.43219145e-05)
-1.93386774e+00 (-2.86565298e-02,1.23193058e-02) (2.28651193e-02,2.60491955e-02) (3.45682725e-06,5.03233017e-05)
-1.91382766e+00 (-2.89962741e-02,1.17768215e-02) (2.29970534e-02,2.63645928e-02) (3.94981188e-06,5.71410513e-05)
-1.89378758e+00 (-2.93426651e-02,1.11946811e-02) (2.31228405e-02,2.66837432e-02) (4.51453145e-06,6.48870080e-05)
-1.87374749e+00 (-2.96959467e-02,1.05707376e-02) (2.32420352e-02,2.70067209e-02) (5.16170520e-06,7.36885053e-05)
-1.85370741e+00 (-3.00563775e-02,9.90273566e-03) (2.33541681e-02,2.73336024e-02) (5.90370744e-06,8.36905380e-05)
-1.83366733e+00 (-3.04242327e-02,9.18830530e-03) (2.34587444e-02,2.76644676e-02) (6.75483428e-06,9.50582598e-05)
-1.81362725e+00 (-3.07998056e-02,8.42495592e-03) (2.35552428e-02,2.79993993e-02) (7.73162092e-06,1.07979830e-04)
-1.79358717e+00 (-3.11834098e-02,7.61006975e-03) (2.36431141e-02,2.83384834e-02) (8.85320188e-06,1.22669671e-04)
-1.77354709e+00 (-3.15753819e-02,6.74089502e-03) (2.37217798e-02,2.86818098e-02) (1.01417375e-05,1.39372218e-04)
-1.75350701e+00 (-3.19760846e-02,5.81453893e-03) (2.37906303e-02,2.90294717e-02) (1.16229236e-05,1.58366196e-04)
-1.73346693e+00 (-3.23859105e-02,4.82796064e-03) (2.38490238e-02,2.93815670e-02) (1.33265809e-05,1.79969534e-04)
-1.71342685e+00 (-3.28052869e-02,3.77796440e-03) (2.38962843e-02,2.97381975e-02) (1.52873514e-05,2.04545012e-04)
-1.69338677e+00 (-3.32346802e-02,2.66119312e-03) (2.39316999e-02,3.00994702e-02) (1.75455183e-05,2.32506727e-04)
-1.67334669e+00 (-3.36746023e-02,1.47412283e-03) (2.39545212e-02,3.04654975e-02) (2.01479758e-05,2.64327549e-04)
-1.65330661e+00 (-3.41256149e-02,2.13058180e-04) (2.39639593e-02,3.08363974e-02) (2.31493774e-05,3.00547687e-04)
-1.63326653e+00 (-3.45883349e-02,-1.12587061e-03) (2.39591837e-02,3.12122945e-02) (2.66134897e-05,3.41784547e-04)
-1.61322645e+00 (-3.50634370e-02,-2.54670917e-03) (2.39393210e-02,3.15933205e-02) (3.06148077e-05,3.88744111e-04)
-1.59318637e+00 (-3.55516539e-02,-4.05367895e-03) (2.39034521e-02,3.19796146e-02) (3.52404704e-05,4.42234056e-04)
-1.57314629e+00 (-3.60537715e-02,-5.65117624e-03) (2.38506112e-02,3.23713246e-02) (4.05925534e-05,5.03178912e-04)
-1.55310621e+00 (-3.65706178e-02,-7.34377142e-03) (2.37797831e-02,3.27686070e-02) (4.67907916e-05,5.72637594e-04)
-1.53306613e+00 (-3.71030435e-02,-9.13621060e-03) (2.36899018e-02,3.31716275e-02) (5.39758633e-05,6.51823717e-04)
-1.51302605e+00 (-3.76518907e-02,-1.10334230e-02) (2.35798484e-02,3.35805614e-02) (6.23133224e-05,7.42129157e-04)
-1.49298597e+00 (-3.82179506e-02,-1.30405384e-02) (2.34484490e-02,3.39955927e-02) (7.19983596e-05,8.45151434e-04)
-1.47294589e+00 (-3.88019069e-02,-1.51629221e-02) (2.32944723e-02,3.44169141e-02) (8.32615847e-05,9.62725570e-04)
-1.45290581e+00 (-3.94042682e-02,-1.74062341e-02) (2.31166271e-02,3.48447246e-02) (9.63760461e-05,1.09696122e-03)
-1.43286573e+00 (-4.00252902e-02,-1.97765232e-02) (2.29135583e-02,3.52792279e-02) (1.11665846e-04,1.25028606e-03)
-1.41282565e+00 (-4.06648974e-02,-2.22803672e-02) (2.26838423e-02,3.57206288e-02) (1.29516754e-04,1.42549649e-03)
-1.39278557e+00 (-4.13226134e-02,-2.49250697e-02) (2.24259799e-02,3.61691291e-02) (1.50389331e-04,1.62581710e-03)
-1.37274549e+00 (-4.19975185e-02,-2.77189249e-02) (2.21383878e-02,3.66249233e-02) (1.74835247e-04,1.85497032e-03)
-1.35270541e+00 (-4.26882565e-02,-3.06715582e-02) (2.18193854e-02,3.70881930e-02) (2.03517604e-04,2.11725834e-03)
-1.33266533e+00 (-4.33931221e-02,-3.37943455e-02) (2.14671786e-02,3.75591031e-02) (2.37236251e-04,2.41765942e-03)
-1.31262525e+00 (-4.41102652e-02,-3.71009073e-02) (2.10798378e-02,3.80377980e-02) (2.76959381e-04,2.76194162e-03)
-1.29258517e+00 (-4.48380529e-02,-4.06076600e-02) (2.06552710e-02,3.85244019e-02) (3.23863101e-04,3.15679749e-03)
-1.27254509e+00 (-4.55756358e-02,-4.43343964e-02) (2.01911892e-02,3.90190236e-02) (3.79381514e-04,3.61000439e-03)
-1.25250501e+00 (-4.63237602e-02,-4.83048455e-02) (1.96850673e-02,3.95217685e-02) (4.45271467e-04,4.13061602e-03)
-1.23246493e+00 (-4.70858649e-02,-5.25471458e-02) (1.91340972e-02,4.00327620e-02) (5.23698546e-04,4.72919059e-03)
-1.21242485e+00 (-4.78694857e-02,-5.70941417e-02) (1.85351378e-02,4.05521847e-02) (6.17353416e-04,5.41805882e-03)
-1.19238477e+00 (-4.86879695e-02,-6.19833953e-02) (1.78846623e-02,4.10803267e-02) (7.29607562e-04,6.21162894e-03)
-1.17234469e+00 (-4.95624711e-02,-6.72567892e-02) (1.71787076e-02,4.16176609e-02) (8.64709077e-04,7.12671658e-03)
-1.15230461e+00 (-5.05241631e-02,-7.29595871e-02) (1.64128304e-02,4.21649403e-02) (1.02799383e-03,8.18288129e-03)
-1.13226453e+00 (-5.16165482e-02,-7.91388201e-02) (1.55820770e-02,4.27233199e-02) (1.22603817e-03,9.40276685e-03)
-1.11222445e+00 (-5.28977059e-02,-8.58408840e-02) (1.46809748e-02,4.32945048e-02) (1.46661205e-03,1.08125111e-02)
-1.09218437e+00 (-5.44422590e-02,-9.31082643e-02) (1.37035550e-02,4.38809210e-02) (1.75824327e-03,1.24424568e-02)
-1.07214429e+00 (-5.63427948e-02,-1.00975358e-01) (1.26434152e-02,4.44859065e-02) (2.10926403e-03,1.43286850e-02)
-1.05210421e+00 (-5.87104415e-02,-1.09463430e-01) (1.14938337e-02,4.51139136e-02) (2.52652646e-03,1.65162677e-02)
-1.03206413e+00 (-6.16742758e-02,-1.18574826e-01) (1.02479430e-02,4.57707122e-02) (3.01470712e-03,1.90654246e-02)
-1.01202405e+00 (-6.53792397e-02,-1.28286660e-01) (8.89896982e-03,4.64635792e-02) (3.57834018e-03,2.20616093e-02)
-9.91983968e-01 (-6.99822628e-02,-1.38544314e-01) (7.44054751e-03,4.72014563e-02) (4.23021551e-03,2.56294239e-02)
-9.71943888e-01 (-7.56463355e-02,-1.49255172e-01) (5.86709826e-03,4.79950547e-02) (5.01087211e-03,2.99477088e-02)
-9.51903808e-01 (-8.25323545e-02,-1.60283175e-01) (4.17428202e-03,4.88568831e-02) (6.02341316e-03,3.52591500e-02)
-9.31863727e-01 (-9.07886831e-02,-1.71444875e-01) (2.35949852e-03,4.98011736e-02) (7.48434212e-03,4.18632415e-02)
-9.11823647e-01 (-1.00538548e-01,-1.82507817e-01) (4.22422223e-04,5.08436815e-02) (9.78367401e-03,5.00786313e-02)
-8.91783567e-01 (-1.11865661e-01,-1.93192175e-01) (-1.63446013e-03,5.20013358e-02) (1.35369466e-02,6.01629765e-02)
-8.71743487e-01 (-1.24798826e-01,-2.03176614e-01) (-3.80535043e-03,5.32917236e-02) (1.96012468e-02,7.21883596e-02)
-8.51703407e-01 (-1.39296761e-01,-2.12109224e-01) (-6.08072991e-03,5.47324043e-02) (2.90228080e-02,8.58886928e-02)
-8.31663327e-01 (-1.55234882e-01,-2.19624072e-01) (-8.44709939e-03,5.63400616e-02) (4.28917147e-02,1.00518475e-01)
-8.11623246e-01 (-1.72396247e-01,-2.25363235e-01) (-1.08869320e-02,5.81295284e-02) (6.21035780e-02,1.14780814e-01)
-7.91583166e-01 (-1.90469068e-01,-2.29003289e-01) (-1.33788960e-02,6.01127410e-02) (8.70657825e-02,1.26884864e-01)
-7.71543086e-01 (-2.09052934e-01,-2.30284058e-01) (-1.58983868e-02,6.22977092e-02) (1.17425215e-01,1.34769280e-01)
-7.51503006e-01 (-2.27675084e-01,-2.29036356e-01) (-1.84183788e-02,6.46876068e-02) (1.51916928e-01,1.36478682e-01)
-7.31462926e-01 (-2.45816641e-01,-2.25204708e-01) (-2.09105652e-02,6.72800978e-02) (1.88421509e-01,1.30617596e-01)
-7.11422846e-01 (-2.62946914e-01,-2.18861053e-01) (-2.33467063e-02,7.00670010e-02) (2.24266599e-01,1.16755678e-01)
-6.91382766e-01 (-2.78562074e-01,-2.10206272e-01) (-2.57000696e-02,7.30343669e-02) (2.56727136e-01,9.56460844e-02)
-6.71342685e-01 (-2.92223236e-01,-1.99558199e-01) (-2.79468115e-02,7.61629887e-02) (2.83599036e-01,6.91604676e-02)
-6.51302605e-01 (-3.03588613e-01,-1.87327011e-01) (-3.00671548e-02,7.94293123e-02) (3.03678046e-01,3.99313200e-02)
-6.31262525e-01 (-3.12435250e-01,-1.73981210e-01) (-3.20462323e-02,8.28066513e-02) (3.16993885e-01,1.07936512e-02)
-6.11222445e-01 (-3.18667639e-01,-1.60009025e-01) (-3.38745191e-02,8.62665727e-02) (3.24727811e-01,-1.58091998e-02)
-5.91182365e-01 (-3.22312885e-01,-1.45880643e-01) (-3.55478326e-02,8.97802999e-02) (3.28849683e-01,-3.82793828e-02)
-5.71142285e-01 (-3.23504388e-01,-1.32016087e-01) (-3.70669372e-02,9.33199929e-02) (3.31602997e-01,-5.60575076e-02)
-5.51102204e-01 (-3.22457616e-01,-1.18762014e-01) (-3.84368419e-02,9.68597947e-02) (3.35005093e-01,-6.95320995e-02)
-5.31062124e-01 (-3.19442214e-01,-1.06378773e-01) (-3.96658975e-02,1.00376580e-01) (3.40502231e-01,-7.97392943e-02)
-5.11022044e-01 (-3.14754354e-01,-9.50372206e-02) (-4.07648103e-02,1.03850394e-01) (3.48844134e-01,-8.79821211e-02)
-4.90981964e-01 (-3.08692295e-01,-8.48235311e-02) (-4.17456700e-02,1.07264592e-01) (3.60157397e-01,-9.54969122e-02)
-4.70941884e-01 (-3.01536860e-01,-7.57496497e-02) (-4.26210687e-02,1.10605744e-01) (3.74138241e-01,-1.03246631e-01)
-4.50901804e-01 (-2.93537452e-01,-6.77670418e-02) (-4.34033577e-02,1.13863354e-01) (3.90270111e-01,-1.11856686e-01)
-4.30861723e-01 (-2.84903426e-01,-6.07817801e-02) (-4.41040669e-02,1.17029450e-01) (4.07995001e-01,-1.21657988e-01)
-4.10821643e-01 (-2.75800208e-01,-5.46695010e-02) (-4.47334921e-02,1.20098114e-01) (4.26808490e-01,-1.32780665e-01)
-3.90781563e-01 (-2.66349363e-01,-4.92892113e-02) (-4.53004416e-02,1.23064997e-01) (4.46285148e-01,-1.45248585e-01)
-3.70741483e-01 (-2.56631789e-01,-4.44952647e-02) (-4.58121257e-02,1.25926842e-01) (4.66060493e-01,-1.59046540e-01)
-3.50701403e-01 (-2.46693188e-01,-4.01470788e-02) (-4.62741656e-02,1.28681068e-01) (4.85797397e-01,-1.74154113e-01)
-3.30661323e-01 (-2.36551017e-01,-3.61163696e-02) (-4.66906950e-02,1.31325418e-01) (5.05155863e-01,-1.90553989e-01)
-3.10621242e-01 (-2.26202118e-01,-3.22918763e-02) (-4.70645278e-02,1.33857695e-01) (5.23774092e-01,-2.08226400e-01)
-2.90581162e-01 (-2.15630312e-01,-2.85817400e-02) (-4.73973629e-02,1.36275573e-01) (5.41261042e-01,-2.27138948e-01)
-2.70541082e-01 (-2.04813355e-01,-2.49138658e-02) (-4.76900040e-02,1.38576499e-01) (5.57197548e-01,-2.47236729e-01)
-2.50501002e-01 (-1.93728819e-01,-2.12347188e-02) (-4.79425722e-02,1.40757661e-01) (5.71143124e-01,-2.68434286e-01)
-2.30460922e-01 (-1.82358625e-01,-1.75070604e-02) (-4.81546996e-02,1.42816015e-01) (5.82646720e-01,-2.90609365e-01)
-2.10420842e-01 (-1.70692173e-01,-1.37071251e-02) (-4.83256926e-02,1.44748355e-01) (5.91260702e-01,-3.13598215e-01)
-1.90380762e-01 (-1.58728119e-01,-9.82166973e-03) (-4.84546632e-02,1.46551403e-01) (5.96557666e-01,-3.37192504e-01)
-1.70340681e-01 (-1.46475004e-01,-5.84523055e-03) (-4.85406278e-02,1.48221924e-01) (5.98149529e-01,-3.61138214e-01)
-1.50300601e-01 (-1.33950973e-01,-1.77780295e-03) (-4.85825788e-02,1.49756828e-01) (5.95707952e-01,-3.85137019e-01)
-1.30260521e-01 (-1.21182842e-01,2.37695190e-03) (-4.85795328e-02,1.51153276e-01) (5.88984762e-01,-4.08850566e-01)
-1.10220441e-01 (-1.08204779e-01,6.61296666e-03) (-4.85305622e-02,1.52408765e-01) (5.77830780e-01,-4.31907885e-01)
-9.01803607e-02 (-9.50567850e-02,1.09225545e-02) (-4.84348162e-02,1.53521204e-01) (5.62211315e-01,-4.53915874e-01)
-7.01402806e-02 (-8.17831466e-02,1.52968256e-02) (-4.82915355e-02,1.54488966e-01) (5.42216694e-01,-4.74472532e-01)
-5.01002004e-02 (-6.84309489e-02,1.97258489e-02) (-4.81000640e-02,1.55310927e-01) (5.18066437e-01,-4.93182276e-01)
-3.00601202e-02 (-5.50487230e-02,2.41986727e-02) (-4.78598596e-02,1.55986493e-01) (4.90106190e-01,-5.09672416e-01)
-1.00200401e-02 (-4.16852463e-02,2.87032972e-02) (-4.75705059e-02,1.56515601e-01) (4.58797130e-01,-5.23609665e-01)
1.00200401e-02 (-2.83885045e-02,3.32266711e-02) (-4.72317233e-02,1.56898723e-01) (4.24698277e-01,-5.34715431e-01)
3.00601202e-02 (-1.52048070e-02,3.77547623e-02) (-4.68433811e-02,1.57136848e-01) (3.88442865e-01,-5.42778697e-01)
5.01002004e-02 (-2.17803663e-03,4.22727303e-02) (-4.64055069e-02,1.57231461e-01) (3.50710508e-01,-5.47665444e-01)
7.01402806e-02 (1.06509888e-02,4.67652151e-02) (-4.59182945e-02,1.57184512e-01) (3.12197312e-01,-5.49323898e-01)
9.01803607e-02 (2.32450780e-02,5.12167381e-02) (-4.53821078e-02,1.56998378e-01) (2.73586225e-01,-5.47785236e-01)
1.10220441e-01 (3.55711913e-02,5.56121985e-02) (-4.47974793e-02,1.56675822e-01) (2.35519800e-01,-5.43159826e-01)
1.30260521e-01 (4.76009797e-02,5.99374268e-02) (-4.41651034e-02,1.56219946e-01) (1.98577199e-01,-5.35629474e-01)
1.50300601e-01 (5.93113885e-02,6.41797366e-02) (-4.34858226e-02,1.55634133e-01) (1.63256695e-01,-5.25436481e-01)
1.70340681e-01 (7.06853721e-02,6.83283867e-02) (-4.27606089e-02,1.54921989e-01) (1.29964362e-01,-5.12870505e-01)
1.90380762e-01 (8.17127432e-02,7.23748433e-02) (-4.19905401e-02,1.54087271e-01) (9.90089713e-02,-4.98254368e-01)
2.10420842e-01 (9.23911466e-02,7.63127105e-02) (-4.11767747e-02,1.53133807e-01) (7.06026151e-02,-4.81929856e-01)
2.30460922e-01 (1.02727096e-01,8.01371927e-02) (-4.03205305e-02,1.52065405e-01) (4.48661244e-02,-4.64244475e-01)
2.50501002e-01 (1.12736950e-01,8.38439675e-02) (-3.94230710e-02,1.50885751e-01) (2.18381360e-02,-4.45539886e-01)
2.70541082e-01 (1.22447655e-01,8.74273885e-02) (-3.84857086e-02,1.49598295e-01) (1.48655204e-03,-4.26142479e-01)
2.90581162e-01 (1.31896999e-01,9.08780062e-02) (-3.75098304e-02,1.48206135e-01) (-1.62787458e-02,-4.06356302e-01)
3.10621242e-01 (1.41133140e-01,9.41794904e-02) (-3.64969554e-02,1.46711892e-01) (-3.15928293e-02,-3.86458417e-01)
3.30661323e-01 (1.50213122e-01,9.73051463e-02) (-3.54488283e-02,1.45117610e-01) (-4.46229342e-02,-3.66696817e-01)
3.50701403e-01 (1.59200189e-01,1.00214329e-01) (-3.43675522e-02,1.43424663e-01) (-5.55565609e-02,-3.47291420e-01)
3.70741483e-01 (1.68159763e-01,1.02849161e-01) (-3.32557612e-02,1.41633710e-01) (-6.45916580e-02,-3.28438967e-01)
3.90781563e-01 (1.77154089e-01,1.05132006e-01) (-3.21168251e-02,1.39744694e-01) (-7.19314438e-02,-3.10322454e-01)
4.10821643e-01 (1.86235716e-01,1.06964200e-01) (-3.09550768e-02,1.37756911e-01) (-7.77880754e-02,-2.93123907e-01)
4.30861723e-01 (1.95440091e-01,1.08226466e-01) (-2.97760454e-02,1.35669155e-01) (-8.23998249e-02,-2.77035369e-01)
4.50901804e-01 (2.04777719e-01,1.08781417e-01) (-2.85866740e-02,1.33479946e-01) (-8.60634478e-02,-2.62257806e-01)
4.70941884e-01 (2.14226420e-01,1.08478422e-01) (-2.73954982e-02,1.31187847e-01) (-8.91754536e-02,-2.48974150e-01)
4.90981964e-01 (2.23724363e-01,1.07161043e-01) (-2.62127574e-02,1.28791864e-01) (-9.22641915e-02,-2.37285611e-01)
5.11022044e-01 (2.33164648e-01,1.04677074e-01) (-2.50504108e-02,1.26291915e-01) (-9.59843589e-02,-2.27113205e-01)
5.31062124e-01 (2.42392393e-01,1.00891055e-01) (-2.39220286e-02,1.23689343e-01) (-1.01045095e-01,-2.18088057e-01)
5.51102204e-01 (2.51205382e-01,9.56987669e-02) (-2.28425344e-02,1.20987456e-01) (-1.08059219e-01,-2.09476161e-01)
5.71142285e-01 (2.59359369e-01,8.90427424e-02) (-2.18277791e-02,1.18192023e-01) (-1.17334131e-01,-2.00192581e-01)
5.91182365e-01 (2.66578891e-01,8.09272197e-02) (-2.08939437e-02,1.15311696e-01) (-1.28663189e-01,-1.88944447e-01)
6.11222445e-01 (2.72573837e-01,7.14303970e-02) (-2.00567866e-02,1.12358273e-01) (-1.41200781e-01,-1.74499875e-01)
6.31262525e-01 (2.77061089e-01,6.07115458e-02) (-1.93307775e-02,1.09346753e-01) (-1.53496607e-01,-1.56024396e-01)
6.51302605e-01 (2.79789360e-01,4.90107338e-02) (-1.87281893e-02,1.06295132e-01) (-1.63719672e-01,-1.33382435e-01)
6.71342685e-01 (2.80564265e-01,3.66397357e-02) (-1.82582380e-02,1.03223908e-01) (-1.70033820e-01,-1.07293436e-01)
6.91382766e-01 (2.79270052e-01,2.39640922e-02) (-1.79263738e-02,1.00155329e-01) (-1.71023113e-01,-7.92703742e-02)
7.11422846e-01 (2.75884480e-01,1.13779242e-02) (-1.77338134e-02,9.71124272e-02) (-1.66036799e-01,-5.13407345e-02)
7.31462926e-01 (2.70484314e-01,-7.25411362e-04) (-1.76773819e-02,9.41179373e-02) (-1.55345323e-01,-2.56268519e-02)
7.51503006e-01 (2.63240414e-01,-1.19828535e-02) (-1.77496881e-02,9.11932114e-02) (-1.40062862e-01,-3.91086707e-03)
7.71543086e-01 (2.54403271e-01,-2.20873567e-02) (-1.79396119e-02,8.83572452e-02) (-1.21870783e-01,1.26902978e-02)
7.91583166e-01 (2.44281367e-01,-3.08066102e-02) (-1.82330427e-02,8.56259094e-02) (-1.02637517e-01,2.38599153e-02)
8.11623246e-01 (2.33215751e-01,-3.79929829e-02) (-1.86137766e-02,8.30114486e-02) (-8.40512320e-02,3.00151521e-02)
8.31663327e-01 (2.21554404e-01,-4.35845163e-02) (-1.90644723e-02,8.05222701e-02) (-6.73596555e-02,3.20910833e-02)
8.51703407e-01 (2.09629448e-01,-4.75981789e-02) (-1.95675700e-02,7.81630035e-02) (-5.32616676e-02,3.12610411e-02)
8.71743487e-01 (1.97739254e-01,-5.01174959e-02) (-2.01060998e-02,7.59347880e-02) (-4.19414834e-02,2.86784213e-02)
8.91783567e-01 (1.86136414e-01,-5.12769957e-02) (-2.06643297e-02,7.38357236e-02) (-3.31983212e-02,2.52972333e-02)
9.11823647e-01 (1.75021485e-01,-5.12457395e-02) (-2.12282336e-02,7.18614220e-02) (-2.66115465e-02,2.17905066e-02)
9.31863727e-01 (1.64541765e-01,-5.02117136e-02) (-2.17857795e-02,7.00055941e-02) (-2.16906034e-02,1.85530948e-02)
9.51903808e-01 (1.54793954e-01,-4.83682537e-02) (-2.23270551e-02,6.82606282e-02) (-1.79805365e-02,1.57575544e-02)
9.71943888e-01 (1.45829507e-01,-4.59031037e-02) (-2.28442591e-02,6.66181192e-02) (-1.51164135e-02,1.34294886e-02)
9.91983968e-01 (1.37661559e-01,-4.29902648e-02) (-2.33315880e-02,6.50693292e-02) (-1.28358569e-02,1.15170935e-02)
1.01202405e+00 (1.30272549e-01,-3.97844995e-02) (-2.37850481e-02,6.36055657e-02) (-1.09657197e-02,9.94186549e-03)
1.03206413e+00 (1.23621847e-01,-3.64181844e-02) (-2.42022227e-02,6.22184750e-02) (-9.39828351e-03,8.62809671e-03)
1.05210421e+00 (1.17652904e-01,-3.30001296e-02) (-2.45820152e-02,6.09002539e-02) (-8.06768308e-03,7.51528998e-03)
1.07214429e+00 (1.12299615e-01,-2.96159609e-02) (-2.49243899e-02,5.96437862e-02) (-6.93182135e-03,6.55987108e-03)
1.09218437e+00 (1.07491699e-01,-2.63296718e-02) (-2.52301240e-02,5.84427153e-02) (-5.96085949e-03,5.73192704e-03)
1.11222445e+00 (1.03159010e-01,-2.31859757e-02) (-2.55005823e-02,5.72914629e-02) (-5.13107099e-03,5.01079368e-03)
1.13226453e+00 (9.92347784e-02,-2.02131294e-02) (-2.57375205e-02,5.61852075e-02) (-4.42214850e-03,4.38138411e-03)
1.15230461e+00 (9.56578501e-02,-1.74259470e-02) (-2.59429217e-02,5.51198321e-02) (-3.81629156e-03,3.83178679e-03)
1.17234469e+00 (9.23740268e-02,-1.48287724e-02) (-2.61188659e-02,5.40918533e-02) (-3.29798011e-03,3.35195853e-03)
1.19238477e+00 (8.93366592e-02,-1.24182405e-02) (-2.62674311e-02,5.30983403e-02) (-2.85388039e-03,2.93312269e-03)
1.21242485e+00 (8.65066467e-02,-1.01857096e-02) (-2.63906238e-02,5.21368306e-02) (-2.47268952e-03,2.56752607e-03)
1.23246493e+00 (8.38520042e-02,-8.11930045e-03) (-2.64903328e-02,5.12052490e-02) (-2.14490460e-03,2.24833416e-03)
1.25250501e+00 (8.13471418e-02,-6.20552008e-03) (-2.65683046e-02,5.03018329e-02) (-1.86255916e-03,1.96955763e-03)
1.27254509e+00 (7.89719868e-02,-4.43048520e-03) (-2.66261330e-02,4.94250670e-02) (-1.61896913e-03,1.72597453e-03)
1.29258517e+00 (7.67110515e-02,-2.78078200e-03) (-2.66652603e-02,4.85736283e-02) (-1.40851057e-03,1.51304561e-03)
1.31262525e+00 (7.45525236e-02,-1.24401571e-03) (-2.66869870e-02,4.77463402e-02) (-1.22643571e-03,1.32682937e-03)
1.33266533e+00 (7.24874347e-02,1.90890406e-04) (-2.66924841e-02,4.69421382e-02) (-1.06872362e-03,1.16390337e-03)
1.35270541e+00 (7.05089371e-02,1.53358688e-03) (-2.66828096e-02,4.61600421e-02) (-9.31959528e-04,1.02129432e-03)
1.37274549e+00 (6.86117049e-02,2.79232523e-03) (-2.66589234e-02,4.53991370e-02) (-8.13236420e-04,8.96417584e-04)
1.39278557e+00 (6.67914582e-02,3.97407271e-03) (-2.66217030e-02,4.46585595e-02) (-7.10074166e-04,7.87025069e-04)
1.41282565e+00 (6.50446027e-02,5.08467570e-03) (-2.65719558e-02,4.39374882e-02) (-6.20352523e-04,6.91160407e-04)
1.43286573e+00 (6.33679704e-02,6.12904203e-03) (-2.65104311e-02,4.32351385e-02) (-5.42255402e-04,6.07120207e-04)
1.45290581e+00 (6.17586428e-02,7.11132126e-03) (-2.64378292e-02,4.25507583e-02) (-4.74224354e-04,5.33420570e-04)
1.47294589e+00 (6.02138395e-02,8.03506920e-03) (-2.63548086e-02,4.18836267e-02) (-4.14919682e-04,4.68768084e-04)
1.49298597e+00 (5.87308559e-02,8.90338937e-03) (-2.62619916e-02,4.12330526e-02) (-3.63187849e-04,4.12034720e-04)
1.51302605e+00 (5.73070349e-02,9.71904841e-03) (-2.61599689e-02,4.05983743e-02) (-3.18034105e-04,3.62236109e-04)
1.53306613e+00 (5.59397600e-02,1.04845659e-02) (-2.60493022e-02,3.99789588e-02) (-2.78599424e-04,3.18512741e-04)
1.55310621e+00 (5.46264628e-02,1.12022808e-02) (-2.59305271e-02,3.93742016e-02) (-2.44141035e-04,2.80113700e-04)
1.57314629e+00 (5.33646349e-02,1.18743990e-02) (-2.58041541e-02,3.87835260e-02) (-2.14015925e-04,2.46382586e-04)
1.59318637e+00 (5.21518426e-02,1.25030238e-02) (-2.56706705e-02,3.82063823e-02) (-1.87666835e-04,2.16745322e-04)
1.61322645e+00 (5.09857391e-02,1.30901760e-02) (-2.55305409e-02,3.76422472e-02) (-1.64610335e-04,1.90699579e-04)
1.63326653e+00 (4.98640751e-02,1.36378045e-02) (-2.53842081e-02,3.70906223e-02) (-1.44426655e-04,1.67805609e-04)
1.65330661e+00 (4.87847047e-02,1.41477917e-02) (-2.52320943e-02,3.65510334e-02) (-1.26750985e-04,1.47678283e-04)
1.67334669e+00 (4.77455888e-02,1.46219551e-02) (-2.50746012e-02,3.60230291e-02) (-1.11266024e-04,1.29980173e-04)
1.69338677e+00 (4.67447950e-02,1.50620473e-02) (-2.49121109e-02,3.55061800e-02) (-9.76955854e-05,1.14415528e-04)
1.71342685e+00 (4.57804958e-02,1.54697555e-02) (-2.47449868e-02,3.50000769e-02) (-8.57991014e-05,1.00725042e-04)
1.73346693e+00 (4.48509642e-02,1.58467007e-02) (-2.45735743e-02,3.45043303e-02) (-7.53668904e-05,8.86812822e-05)
1.75350701e+00 (4.39545695e-02,1.61944372e-02) (-2.43982013e-02,3.40185688e-02) (-6.62160786e-05,7.80847141e-05)
1.77354709e+00 (4.30897711e-02,1.65144531e-02) (-2.42191790e-02,3.35424387e-02) (-5.81870798e-05,6.87602268e-05)
1.79358717e+00 (4.22551131e-02,1.68081711e-02) (-2.40368028e-02,3.30756023e-02) (-5.11405532e-05,6.05541029e-05)
1.81362725e+00 (4.14492189e-02,1.70769500e-02) (-2.38513529e-02,3.26177376e-02) (-4.49547723e-05,5.33313698e-05)
1.83366733e+00 (4.06707854e-02,1.73220863e-02) (-2.36630948e-02,3.21685372e-02) (-3.95233459e-05,4.69734854e-05)
1.85370741e+00 (3.99185783e-02,1.75448169e-02) (-2.34722804e-02,3.17277076e-02) (-3.47532433e-05,4.13763148e-05)
1.87374749e+00 (3.91914275e-02,1.77463206e-02) (-2.32791481e-02,3.12949683e-02) (-3.05630814e-05,3.64483591e-05)
1.89378758e+00 (3.84882229e-02,1.79277214e-02) (-2.30839240e-02,3.08700515e-02) (-2.68816363e-05,3.21092062e-05)
1.91382766e+00 (3.78079107e-02,1.80900903e-02) (-2.28868221e-02,3.04527010e-02) (-2.36465517e-05,2.82881739e-05)
1.93386774e+00 (3.71494900e-02,1.82344481e-02) (-2.26880447e-02,3.00426720e-02) (-2.08032140e-05,2.49231209e-05)
1.95390782e+00 (3.65120096e-02,1.83617674e-02) (-2.24877836e-02,2.96397302e-02) (-1.83037745e-05,2.19594058e-05)
1.97394790e+00 (3.58945655e-02,1.84729751e-02) (-2.22862201e-02,2.92436517e-02) (-1.61062979e-05,1.93489738e-05)
1.99398798e+00 (3.52962978e-02,1.85689545e-02) (-2.20835253e-02,2.88542219e-02) (-1.41740193e-05,1.70495566e-05)
2.01402806e+00 (3.47163890e-02,1.86505469e-02) (-2.18798614e-02,2.84712357e-02) (-1.24746980e-05,1.50239698e-05)
2.03406814e+00 (3.41540613e-02,1.87185543e-02) (-2.16753811e-02,2.80944965e-02) (-1.09800521e-05,1.32394969e-05)
2.05410822e+00 (3.36085745e-02,1.87737401e-02) (-2.14702289e-02,2.77238161e-02) (-9.66526633e-06,1.16673493e-05)
2.07414830e+00 (3.30792245e-02,1.88168319e-02) (-2.12645409e-02,2.73590143e-02) (-8.50856154e-06,1.02821908e-05)
2.09418838e+00 (3.25653410e-02,1.88485223e-02) (-2.10584457e-02,2.69999181e-02) (-7.49081851e-06,9.06172142e-06)
2.11422846e+00 (3.20662862e-02,1.88694710e-02) (-2.08520643e-02,2.66463619e-02) (-6.59524946e-06,7.98631133e-06)
2.13426854e+00 (3.15814527e-02,1.88803060e-02) (-2.06455106e-02,2.62981869e-02) (-5.80711052e-06,7.03867924e-06)
2.15430862e+00 (3.11102626e-02,1.88816249e-02) (-2.04388920e-02,2.59552408e-02) (-5.11345029e-06,6.20360993e-06)
2.17434870e+00 (3.06521652e-02,1.88739966e-02) (-2.02323095e-02,2.56173772e-02) (-4.50288969e-06,5.46770601e-06)
2.19438878e+00 (3.02066364e-02,1.88579622e-02) (-2.00258579e-02,2.52844559e-02) (-3.96542929e-06,4.81916967e-06)
2.21442886e+00 (2.97731769e-02,1.88340365e-02) (-1.98196263e-02,2.49563422e-02) (-3.49228049e-06,4.24761083e-06)
2.23446894e+00 (2.93513114e-02,1.88027093e-02) (-1.96136982e-02,2.46329066e-02) (-3.07571764e-06,3.74387847e-06)
2.25450902e+00 (2.89405867e-02,1.87644461e-02) (-1.94081521e-02,2.43140249e-02) (-2.70894842e-06,3.29991223e-06)
2.27454910e+00 (2.85405713e-02,1.87196895e-02) (-1.92030614e-02,2.39995775e-02) (-2.38600020e-06,2.90861193e-06)
2.29458918e+00 (2.81508542e-02,1.86688602e-02) (-1.89984948e-02,2.36894497e-02) (-2.10162037e-06,2.56372282e-06)
2.31462926e+00 (2.77710433e-02,1.86123582e-02) (-1.87945164e-02,2.33835308e-02) (-1.85118897e-06,2.25973449e-06)
2.33466934e+00 (2.74007654e-02,1.85505633e-02) (-1.85911863e-02,2.30817146e-02) (-1.63064193e-06,1.99179207e-06)
2.35470942e+00 (2.70396645e-02,1.84838363e-02) (-1.83885602e-02,2.27838988e-02) (-1.43640378e-06,1.75561799e-06)
2.37474950e+00 (2.66874013e-02,1.84125200e-02) (-1.81866903e-02,2.24899849e-02) (-1.26532856e-06,1.54744313e-06)
2.39478958e+00 (2.63436523e-02,1.83369399e-02) (-1.79856249e-02,2.21998779e-02) (-1.11464791e-06,1.36394624e-06)
2.41482966e+00 (2.60081091e-02,1.82574047e-02) (-1.77854090e-02,2.19134865e-02) (-9.81925523e-07,1.20220055e-06)
2.43486974e+00 (2.56804776e-02,1.81742079e-02) (-1.75860841e-02,2.16307225e-02) (-8.65017081e-07,1.05962685e-06)
2.45490982e+00 (2.53604773e-02,1.80876275e-02) (-1.73876888e-02,2.13515009e-02) (-7.62035123e-07,9.33952115e-07)
2.47494990e+00 (2.50478406e-02,1.79979277e-02) (-1.71902587e-02,2.10757397e-02) (-6.71318116e-07,8.23173070e-07)
2.49498998e+00 (2.47423124e-02,1.79053586e-02) (-1.69938264e-02,2.08033598e-02) (-5.91403300e-07,7.25524129e-07)
2.51503006e+00 (2.44436491e-02,1.78101579e-02) (-1.67984220e-02,2.05342847e-02) (-5.21002809e-07,6.39449142e-07)
2.53507014e+00 (2.41516184e-02,1.77125506e-02) (-1.66040730e-02,2.02684407e-02) (-4.58982680e-07,5.63576510e-07)
2.55511022e+00 (2.38659985e-02,1.76127499e-02) (-1.64108046e-02,2.00057563e-02) (-4.04344393e-07,4.96697270e-07)
2.57515030e+00 (2.35865778e-02,1.75109582e-02) (-1.62186397e-02,1.97461627e-02) (-3.56208639e-07,4.37745780e-07)
2.59519038e+00 (2.33131542e-02,1.74073669e-02) (-1.60275989e-02,1.94895931e-02) (-3.13801040e-07,3.85782712e-07)
2.61523046e+00 (2.30455348e-02,1.73021574e-02) (-1.58377009e-02,1.92359831e-02) (-2.76439594e-07,3.39980062e-07)
2.63527054e+00 (2.27835355e-02,1.71955015e-02) (-1.56489625e-02,1.89852700e-02) (-2.43523618e-07,2.99607942e-07)
2.65531062e+00 (2.25269802e-02,1.70875618e-02) (-1.54613986e-02,1.87373935e-02) (-2.14524032e-07,2.64022947e-07)
2.67535070e+00 (2.22757011e-02,1.69784922e-02) (-1.52750223e-02,1.84922948e-02) (-1.88974798e-07,2.32657897e-07)
2.69539078e+00 (2.20295376e-02,1.68684382e-02) (-1.50898452e-02,1.82499172e-02) (-1.66465397e-07,2.05012802e-07)
2.71543086e+00 (2.17883362e-02,1.67575375e-02) (-1.49058773e-02,1.80102055e-02) (-1.46634195e-07,1.80646897e-07)
2.73547094e+00 (2.15519504e-02,1.66459203e-02) (-1.47231271e-02,1.77731063e-02) (-1.29162615e-07,1.59171625e-07)
2.75551102e+00 (2.13202402e-02,1.65337096e-02) (-1.45416018e-02,1.75385676e-02) (-1.13769998e-07,1.40244453e-07)
2.77555110e+00 (2.10930714e-02,1.64210218e-02) (-1.43613073e-02,1.73065391e-02) (-1.00209087e-07,1.23563413e-07)
2.79559118e+00 (2.08703162e-02,1.63079666e-02) (-1.41822480e-02,1.70769718e-02) (-8.82620402e-08,1.08862304e-07)
2.81563126e+00 (2.06518519e-02,1.61946477e-02) (-1.40044275e-02,1.68498180e-02) (-7.77369327e-08,9.59064501e-08)
2.83567134e+00 (2.04375614e-02,1.60811631e-02) (-1.38278481e-02,1.66250315e-02) (-6.84646655e-08,8.44889718e-08)
2.85571142e+00 (2.02273326e-02,1.59676052e-02) (-1.36525111e-02,1.64025671e-02) (-6.02962495e-08,7.44274908e-08)
2.87575150e+00 (2.00210583e-02,1.58540609e-02) (-1.34784168e-02,1.61823812e-02) (-5.31004119e-08,6.55612300e-08)
2.89579158e+00 (1.98186358e-02,1.57406125e-02) (-1.33055645e-02,1.59644310e-02) (-4.67614875e-08,5.77484560e-08)
2.91583166e+00 (1.96199667e-02,1.56273374e-02) (-1.31339528e-02,1.57486748e-02) (-4.11775620e-08,5.08642242e-08)
2.93587174e+00 (1.94249571e-02,1.55143085e-02) (-1.29635795e-02,1.55350722e-02) (-3.62588367e-08,4.47983907e-08)
2.95591182e+00 (1.92335166e-02,1.54015944e-02) (-1.27944413e-02,1.53235835e-02) (-3.19261872e-08,3.94538607e-08)
2.97595190e+00 (1.90455590e-02,1.52892597e-02) (-1.26265346e-02,1.51141704e-02) (-2.81098943e-08,3.47450428e-08)
2.99599198e+00 (1.88610016e-02,1.51773652e-02) (-1.24598547e-02,1.49067950e-02) (-2.47485262e-08,3.05964878e-08)
3.01603206e+00 (1.86797650e-02,1.50659680e-02) (-1.22943966e-02,1.47014206e-02) (-2.17879531e-08,2.69416873e-08)
3.03607214e+00 (1.85017733e-02,1.49551218e-02) (-1.21301546e-02,1.44980113e-02) (-1.91804793e-08,2.37220155e-08)
3.05611222e+00 (1.83269535e-02,1.48448769e-02) (-1.19671222e-02,1.42965321e-02) (-1.68840787e-08,2.08857959e-08)
3.07615230e+00 (1.81552357e-02,1.47352807e-02) (-1.18052927e-02,1.40969485e-02) (-1.48617209e-08,1.83874780e-08)
3.09619238e+00 (1.79865529e-02,1.46263775e-02) (-1.16446588e-02,1.38992271e-02) (-1.30807781e-08,1.61869125e-08)
3.11623246e+00 (1.78208407e-02,1.45182088e-02) (-1.14852125e-02,1.37033350e-02) (-1.15125012e-08,1.42487113e-08)
3.13627255e+00 (1.76580374e-02,1.44108135e-02) (-1.13269457e-02,1.35092400e-02) (-1.01315596e-08,1.25416835e-08)
3.15631263e+00 (1.74980836e-02,1.43042280e-02) (-1.11698496e-02,1.33169106e-02) (-8.91563481e-09,1.10383386e-08)
3.17635271e+00 (1.73409224e-02,1.41984864e-02) (-1.10139153e-02,1.31263160e-02) (-7.84506252e-09,9.71444796e-09)
3.19639279e+00 (1.71864992e-02,1.40936205e-02) (-1.08591332e-02,1.29374259e-02) (-6.90251733e-09,8.54865831e-09)
3.21643287e+00 (1.70347613e-02,1.39896598e-02) (-1.07054937e-02,1.27502106e-02) (-6.07273484e-09,7.52215121e-09)
3.23647295e+00 (1.68856583e-02,1.38866321e-02) (-1.05529868e-02,1.25646411e-02) (-5.34226684e-09,6.61834253e-09)
3.25651303e+00 (1.67391416e-02,1.37845630e-02) (-1.04016019e-02,1.23806888e-02) (-4.69926541e-09,5.82261773e-09)
3.27655311e+00 (1.65951645e-02,1.36834765e-02) (-1.02513286e-02,1.21983256e-02) (-4.13329271e-09,5.12209835e-09)
3.29659319e+00 (1.64536822e-02,1.35833949e-02) (-1.01021559e-02,1.20175241e-02) (-3.63515357e-09,4.50543618e-09)
3.31663327e+00 (1.63146514e-02,1.34843387e-02) (-9.95407274e-03,1.18382571e-02) (-3.19674762e-09,3.96263181e-09)
3.33667335e+00 (1.61780305e-02,1.33863271e-02) (-9.80706777e-03,1.16604981e-02) (-2.81093922e-09,3.48487465e-09)
3.35671343e+00 (1.60437796e-02,1.32893777e-02) (-9.66112946e-03,1.14842208e-02) (-2.47144281e-09,3.06440192e-09)
3.37675351e+00 (1.59118601e-02,1.31935068e-02) (-9.51624611e-03,1.13093997e-02) (-2.17272182e-09,2.69437432e-09)
3.39679359e+00 (1.57822349e-02,1.30987294e-02) (-9.37240583e-03,1.11360094e-02) (-1.90989958e-09,2.36876640e-09)
3.41683367e+00 (1.56548682e-02,1.30050594e-02) (-9.22959656e-03,1.09640250e-02) (-1.67868071e-09,2.08227001e-09)
3.43687375e+00 (1.55297257e-02,1.29125094e-02) (-9.08780613e-03,1.07934219e-02) (-1.47528217e-09,1.83020909e-09)
3.45691383e+00 (1.54067740e-02,1.28210910e-02) (-8.94702221e-03,1.06241760e-02) (-1.29637228e-09,1.60846461e-09)
3.47695391e+00 (1.52859813e-02,1.27308147e-02) (-8.80723236e-03,1.04562636e-02) (-1.13901697e-09,1.41340841e-09)
3.49699399e+00 (1.51673166e-02,1.26416902e-02) (-8.66842402e-03,1.02896612e-02) (-1.00063240e-09,1.24184487e-09)
3.51703407e+00 (1.50507501e-02,1.25537263e-02) (-8.53058455e-03,1.01243456e-02) (-8.78943193e-10,1.09095950e-09)
3.53707415e+00 (1.49362532e-02,1.24669307e-02) (-8.39370119e-03,9.96029407e-03) (-7.71945929e-10,9.58273580e-10)
3.55711423e+00 (1.48237981e-02,1.23813106e-02) (-8.25776113e-03,9.79748411e-03) (-6.77876625e-10,8.41604256e-10)
3.57715431e+00 (1.47133580e-02,1.22968723e-02) (-8.12275147e-03,9.63589352e-03) (-5.95182123e-10,7.39029390e-10)
3.59719439e+00 (1.46049070e-02,1.22136214e-02) (-7.98865924e-03,9.47550040e-03) (-5.22495112e-10,6.48856456e-10)
3.61723447e+00 (1.44984204e-02,1.21315629e-02) (-7.85547142e-03,9.31628313e-03) (-4.58611936e-10,5.69595210e-10)
3.63727455e+00 (1.43938738e-02,1.20507010e-02) (-7.72317494e-03,9.15822034e-03) (-4.02472946e-10,4.99933649e-10)
3.65731463e+00 (1.42912440e-02,1.19710397e-02) (-7.59175668e-03,9.00129094e-03) (-3.53145417e-10,4.38716736e-10)
3.67735471e+00 (1.41905086e-02,1.18925820e-02) (-7.46120349e-03,8.84547408e-03) (-3.09808462e-10,3.84927687e-10)
3.69739479e+00 (1.40916458e-02,1.18153308e-02) (-7.33150218e-03,8.69074915e-03) (-2.71739608e-10,3.37671519e-10)
3.71743487e+00 (1.39946345e-02,1.17392882e-02) (-7.20263954e-03,8.53709578e-03) (-2.38303041e-10,2.96160509e-10)
3.73747495e+00 (1.38994543e-02,1.16644560e-02) (-7.07460232e-03,8.38449382e-03) (-2.08939290e-10,2.59701376e-10)
3.75751503e+00 (1.38060857e-02,1.15908355e-02) (-6.94737729e-03,8.23292335e-03) (-1.83156030e-10,2.27684034e-10)
3.77755511e+00 (1.37145096e-02,1.15184279e-02) (-6.82095117e-03,8.08236465e-03) (-1.60520137e-10,1.99571622e-10)
3.79759519e+00 (1.36247075e-02,1.14472337e-02) (-6.69531069e-03,7.93279821e-03) (-1.40650567e-10,1.74891756e-10)
3.81763527e+00 (1.35366618e-02,1.13772532e-02) (-6.57044257e-03,7.78420472e-03) (-1.23212046e-10,1.53228861e-10)
3.83767535e+00 (1.34503551e-02,1.13084864e-02) (-6.44633353e-03,7.63656505e-03) (-1.07909707e-10,1.34217345e-10)
3.85771543e+00 (1.33657707e-02,1.12409329e-02) (-6.32297029e-03,7.48986027e-03) (-9.44842816e-11,1.17535603e-10)
3.87775551e+00 (1.32828926e-02,1.11745923e-02) (-6.20033957e-03,7.34407163e-03) (-8.27077115e-11,1.02900791e-10)
3.89779559e+00 (1.32017050e-02,1.11094637e-02) (-6.07842811e-03,7.19918054e-03) (-7.23794155e-11,9.00641688e-11)
3.91783567e+00 (1.31221930e-02,1.10455461e-02) (-5.95722264e-03,7.05516859e-03) (-6.33230823e-11,7.88069720e-11)
3.93787575e+00 (1.30443417e-02,1.09828383e-02) (-5.83670994e-03,6.91201752e-03) (-5.53836738e-11,6.89368601e-11)
3.95791583e+00 (1.29681370e-02,1.09213388e-02) (-5.71687676e-03,6.76970925e-03) (-4.84248966e-11,6.02847306e-11)
3.97795591e+00 (1.28935653e-02,1.08610460e-02) (-5.59770990e-03,6.62822582e-03) (-4.23269611e-11,5.27019281e-11)
3.99799599e+00 (1.28206131e-02,1.08019581e-02) (-5.47919616e-03,6.48754946e-03) (-3.69845866e-11,4.60577968e-11)
4.01803607e+00 (1.27492677e-02,1.07440734e-02) (-5.36132236e-03,6.34766251e-03) (-3.23052872e-11,4.02374999e-11)
4.03807615e+00 (1.26795166e-02,1.06873897e-02) (-5.24407536e-03,6.20854745e-03) (-2.82077686e-11,3.51401351e-11)
4.05811623e+00 (1.26113476e-02,1.06319049e-02) (-5.12744201e-03,6.07018691e-03) (-2.46206200e-11,3.06770362e-11)
4.07815631e+00 (1.25447492e-02,1.05776169e-02) (-5.01140922e-03,5.93256365e-03) (-2.14811009e-11,2.67703093e-11)
4.09819639e+00 (1.24797099e-02,1.05245232e-02) (-4.89596390e-03,5.79566054e-03) (-1.87341025e-11,2.33515371e-11)
4.11823647e+00 (1.24162189e-02,1.04726215e-02) (-4.78109300e-03,5.65946058e-03) (-1.63312561e-11,2.03606257e-11)
4.13827655e+00 (1.23542655e-02,1.04219093e-02) (-4.66678349e-03,5.52394689e-03) (-1.42300857e-11,1.77448094e-11)
4.15831663e+00 (1.22938396e-02,1.03723841e-02) (-4.55302236e-03,5.38910270e-03) (-1.23933011e-11,1.54577560e-11)
4.17835671e+00 (1.22349311e-02,1.03240434e-02) (-4.43979664e-03,5.25491136e-03) (-1.07881558e-11,1.34587885e-11)
4.19839679e+00 (1.21775304e-02,1.02768846e-02) (-4.32709339e-03,5.12135632e-03) (-9.38590236e-12,1.17122051e-11)
4.21843687e+00 (1.21216284e-02,1.02309050e-02) (-4.21489969e-03,4.98842112e-03) (-8.16131682e-12,1.01866811e-11)
4.23847695e+00 (1.20672160e-02,1.01861019e-02) (-4.10320265e-03,4.85608942e-03) (-7.09230978e-12,8.85472483e-12)
4.25851703e+00 (1.20142845e-02,1.01424728e-02) (-3.99198940e-03,4.72434497e-03) (-6.15949655e-12,7.69222314e-12)
4.27855711e+00 (1.19628255e-02,1.01000151e-02) (-3.88124713e-03,4.59317161e-03) (-5.34584833e-12,6.67803259e-12)
4.29859719e+00 (1.19128310e-02,1.00587259e-02) (-3.77096302e-03,4.46255328e-03) (-4.63643887e-12,5.79360587e-12)
4.31863727e+00 (1.18642931e-02,1.00186028e-02) (-3.66112431e-03,4.33247399e-03) (-4.01819871e-12,5.02267775e-12)
4.33867735e+00 (1.18172042e-02,9.97964297e-03) (-3.55171825e-03,4.20291785e-03) (-3.47966603e-12,4.35099528e-12)
4.35871743e+00 (1.17715572e-02,9.94184397e-03) (-3.44273212e-03,4.07386904e-03) (-3.01079798e-12,3.76606538e-12)
4.37875752e+00 (1.17273449e-02,9.90520317e-03) (-3.33415325e-03,3.94531182e-03) (-2.60278799e-12,3.25694734e-12)
4.39879760e+00 (1.16845606e-02,9.86971804e-03) (-3.22596896e-03,3.81723055e-03) (-2.24793150e-12,2.81405661e-12)
4.41883768e+00 (1.16431978e-02,9.83538608e-03) (-3.11816663e-03,3.68960962e-03) (-1.93950711e-12,2.42898762e-12)
4.43887776e+00 (1.16032503e-02,9.80220483e-03) (-3.01073366e-03,3.56243351e-03) (-1.67158269e-12,2.09439607e-12)
4.45891784e+00 (1.15647119e-02,9.77017189e-03) (-2.90365746e-03,3.43568678e-03) (-1.43897326e-12,1.80385311e-12)
4.47895792e+00 (1.15275769e-02,9.73928490e-03) (-2.79692549e-03,3.30935405e-03) (-1.23717751e-12,1.55172624e-12)
4.49899800e+00 (1.14918397e-02,9.70954157e-03) (-2.69052521e-03,3.18341997e-03) (-1.06225993e-12,1.33309039e-12)
4.51903808e+00 (1.14574950e-02,9.68093967e-03) (-2.58444414e-03,3.05786930e-03) (-9.10753637e-13,1.14364189e-12)
4.53907816e+00 (1.14245377e-02,9.65347702e-03) (-2.47866978e-03,2.93268681e-03) (-7.79614541e-13,9.79617901e-13)
4.55911824e+00 (1.13929630e-02,9.62715152e-03) (-2.37318969e-03,2.80785737e-03) (-6.66206759e-13,8.37721094e-13)
4.57915832e+00 (1.13627660e-02,9.60196114e-03) (-2.26799143e-03,2.68336586e-03) (-5.68226361e-13,7.15073955e-13)
4.59919840e+00 (1.13339424e-02,9.57790392e-03) (-2.16306260e-03,2.55919724e-03) (-4.83652437e-13,6.09168754e-13)
4.61923848e+00 (1.13064879e-02,9.55497799e-03) (-2.05839081e-03,2.43533650e-03) (-4.10724611e-13,5.17817346e-13)
4.63927856e+00 (1.12803985e-02,9.53318154e-03) (-1.95396369e-03,2.31176869e-03) (-3.47920184e-13,4.39108606e-13)
4.65931864e+00 (1.12556704e-02,9.51251286e-03) (-1.84976888e-03,2.18847888e-03) (-2.93913972e-13,3.71371813e-13)
4.67935872e+00 (1.12322998e-02,9.49297033e-03) (-1.74579407e-03,2.06545221e-03) (-2.47529638e-13,3.13150858e-13)
4.69939880e+00 (1.12102835e-02,9.47455239e-03) (-1.64202693e-03,1.94267384e-03) (-2.07728800e-13,2.63178023e-13)
4.71943888e+00 (1.11896181e-02,9.45725761e-03) (-1.53845517e-03,1.82012897e-03) (-1.73623887e-13,2.20347492e-13)
4.73947896e+00 (1.11703007e-02,9.44108462e-03) (-1.43506650e-03,1.69780284e-03) (-1.44461167e-13,1.83696459e-13)
4.75951904e+00 (1.11523283e-02,9.42603218e-03) (-1.33184866e-03,1.57568071e-03) (-1.19581574e-13,1.52388856e-13)
4.77955912e+00 (1.11356983e-02,9.41209910e-03) (-1.22878940e-03,1.45374788e-03) (-9.83926836e-14,1.25700220e-13)
4.79959920e+00 (1.11204083e-02,9.39928434e-03) (-1.12587648e-03,1.33198968e-03) (-8.03785169e-14,1.02998511e-13)
4.81963928e+00 (1.11064559e-02,9.38758693e-03) (-1.02309765e-03,1.21039145e-03) (-6.51047998e-14,8.37304161e-14)
4.83967936e+00 (1.10938391e-02,9.37700601e-03) (-9.20440705e-04,1.08893858e-03) (-5.21912847e-14,6.74182542e-14)
4.85971944e+00 (1.10825559e-02,9.36754082e-03) (-8.17893430e-04,9.67616456e-04) (-4.13053889e-14,5.36481597e-14)
4.87975952e+00 (1.10726045e-02,9.35919069e-03) (-7.15443619e-04,8.46410503e-04) (-3.21590390e-14,4.20583165e-14)
4.89979960e+00 (1.10639834e-02,9.35195504e-03) (-6.13079076e-04,7.25306154e-04) (-2.45035249e-14,3.23298392e-14)
4.91983968e+00 (1.10566911e-02,9.34583339e-03) (-5.10787609e-04,6.04288862e-04) (-1.81085566e-14,2.41832696e-14)
4.93987976e+00 (1.10507265e-02,9.34082532e-03) (-4.08557031e-04,4.83344095e-04) (-1.27382733e-14,1.73967446e-14)
4.95991984e+00 (1.10460885e-02,9.33693050e-03) (-3.06375159e-04,3.62457332e-04) (-8.16071717e-15,1.18679361e-14)
4.97995992e+00 (1.10427762e-02,9.33414866e-03) (-2.04229815e-04,2.41614062e-04) (-4.27881570e-15,7.70615887e-15)
5.00000000e+00 (1.10401267e-02,9.33192326e-03) (-1.02108820e-04,1.20799784e-04) (-1.44432258e-15,5.14667638e-15)
