0.54 	 500
Z	 ux	 uz 	 rho
-5.00000000e+00 (1.57868205e-02,2.45041232e-03) (2.65174886e-05,-1.70839340e-04) (-1.11367872e-12,2.01097055e-12)
-4.97995992e+00 (1.57905127e-02,2.45098604e-03) (5.30380809e-05,-3.41698658e-04) (9.19526139e-15,5.61042649e-13)
-4.95991984e+00 (1.57951281e-02,2.45170325e-03) (7.95648818e-05,-5.12597932e-04) (-2.14621424e-12,2.14905443e-12)
-4.93987976e+00 (1.58015900e-02,2.45270753e-03) (1.06100997e-04,-6.83557142e-04) (1.52526743e-12,-7.49843258e-14)
-4.91983968e+00 (1.58098990e-02,2.45399898e-03) (1.32649534e-04,-8.54596273e-04) (-3.19429633e-12,1.52797740e-12)
-4.89979960e+00 (1.58200558e-02,2.45557776e-03) (1.59213600e-04,-1.02573532e-03) (2.74303481e-12,1.27628041e-12)
-4.87975952e+00 (1.58320612e-02,2.45744406e-03) (1.85796307e-04,-1.19699427e-03) (-2.74185632e-12,-1.37838331e-13)
-4.85971944e+00 (1.58459163e-02,2.45959809e-03) (2.12400766e-04,-1.36839315e-03) (1.62372306e-12,1.76911653e-12)
-4.83967936e+00 (1.58616226e-02,2.46204009e-03) (2.39030093e-04,-1.53995198e-03) (-1.20063944e-12,-7.58450503e-13)
-4.81963928e+00 (1.58791814e-02,2.46477034e-03) (2.65687405e-04,-1.71169080e-03) (-6.33586942e-13,9.05952158e-13)
-4.79959920e+00 (1.58985945e-02,2.46778917e-03) (2.92375824e-04,-1.88362966e-03) (-3.66879497e-13,6.47716621e-13)
-4.77955912e+00 (1.59198637e-02,2.47109691e-03) (3.19098473e-04,-2.05578863e-03) (-1.25521939e-12,-9.97800938e-13)
-4.75951904e+00 (1.59429912e-02,2.47469395e-03) (3.45858483e-04,-2.22818783e-03) (-1.42604023e-12,2.30408149e-12)
-4.73947896e+00 (1.59679793e-02,2.47858072e-03) (3.72658984e-04,-2.40084736e-03) (3.21423520e-13,-1.84344731e-12)
-4.71943888e+00 (1.59948303e-02,2.48275765e-03) (3.99503115e-04,-2.57378738e-03) (-3.76307223e-12,1.68558541e-12)
-4.69939880e+00 (1.60235470e-02,2.48722523e-03) (4.26394019e-04,-2.74702806e-03) (1.92779822e-12,-3.80116417e-13)
-4.67935872e+00 (1.60541322e-02,2.49198397e-03) (4.53334844e-04,-2.92058960e-03) (-4.34980075e-12,-7.29666298e-13)
-4.65931864e+00 (1.60865890e-02,2.49703443e-03) (4.80328742e-04,-3.09449224e-03) (8.43038544e-13,1.63849108e-12)
-4.63927856e+00 (1.61209206e-02,2.50237719e-03) (5.07378875e-04,-3.26875626e-03) (-2.09480868e-12,-1.43658388e-12)
-4.61923848e+00 (1.61571304e-02,2.50801287e-03) (5.34488409e-04,-3.44340195e-03) (-1.15657157e-12,-2.62166483e-14)
-4.59919840e+00 (1.61952220e-02,2.51394212e-03) (5.61660517e-04,-3.61844966e-03) (-2.74780255e-12,9.90124723e-13)
-4.57915832e+00 (1.62351992e-02,2.52016563e-03) (5.88898379e-04,-3.79391978e-03) (6.66218042e-13,-2.23177226e-12)
-4.55911824e+00 (1.62770660e-02,2.52668411e-03) (6.16205184e-04,-3.96983273e-03) (-7.54757135e-12,8.36218664e-13)
-4.53907816e+00 (1.63208265e-02,2.53349831e-03) (6.43584127e-04,-4.14620898e-03) (3.67384645e-12,2.50527502e-12)
-4.51903808e+00 (1.63664850e-02,2.54060904e-03) (6.71038414e-04,-4.32306905e-03) (-7.30977492e-12,-4.55969079e-12)
-4.49899800e+00 (1.64140461e-02,2.54801710e-03) (6.98571257e-04,-4.50043351e-03) (-1.16730448e-12,7.83325330e-12)
-4.47895792e+00 (1.64635144e-02,2.55572336e-03) (7.26185878e-04,-4.67832296e-03) (-4.43066200e-13,-4.39594640e-12)
-4.45891784e+00 (1.65148947e-02,2.56372871e-03) (7.53885510e-04,-4.85675807e-03) (-6.13937478e-12,4.08512152e-12)
-4.43887776e+00 (1.65681921e-02,2.57203406e-03) (7.81673393e-04,-5.03575955e-03) (7.56753762e-13,1.78421410e-12)
-4.41883768e+00 (1.66234117e-02,2.58064038e-03) (8.09552780e-04,-5.21534820e-03) (-2.64444115e-12,1.98816918e-13)
-4.39879760e+00 (1.66805590e-02,2.58954866e-03) (8.37526932e-04,-5.39554482e-03) (-3.03537374e-12,2.49777364e-12)
-4.37875752e+00 (1.67396393e-02,2.59875993e-03) (8.65599124e-04,-5.57637031e-03) (5.97720720e-13,3.07788409e-12)
-4.35871743e+00 (1.68006584e-02,2.60827526e-03) (8.93772638e-04,-5.75784563e-03) (-1.37742540e-12,-5.31588143e-13)
-4.33867735e+00 (1.68636221e-02,2.61809574e-03) (9.22050773e-04,-5.93999178e-03) (-4.92986281e-13,3.55684575e-12)
-4.31863727e+00 (1.69285364e-02,2.62822249e-03) (9.50436835e-04,-6.12282984e-03) (4.46095714e-13,-1.57452938e-12)
-4.29859719e+00 (1.69954074e-02,2.63865670e-03) (9.78934145e-04,-6.30638094e-03) (-3.20583382e-12,3.27545825e-12)
-4.27855711e+00 (1.70642414e-02,2.64939957e-03) (1.00754604e-03,-6.49066631e-03) (4.15001934e-12,1.25090854e-12)
-4.25851703e+00 (1.71350447e-02,2.66045232e-03) (1.03627586e-03,-6.67570721e-03) (-1.94969526e-12,-3.45959524e-12)
-4.23847695e+00 (1.72078240e-02,2.67181623e-03) (1.06512697e-03,-6.86152499e-03) (-1.77336030e-12,2.94813118e-12)
-4.21843687e+00 (1.72825859e-02,2.68349261e-03) (1.09410274e-03,-7.04814108e-03) (2.46636528e-12,-5.21045146e-13)
-4.19839679e+00 (1.73593373e-02,2.69548280e-03) (1.12320657e-03,-7.23557695e-03) (-1.45333241e-12,-1.24692803e-12)
-4.17835671e+00 (1.74380851e-02,2.70778819e-03) (1.15244185e-03,-7.42385419e-03) (1.41752839e-12,7.86161690e-13)
-4.15831663e+00 (1.75188363e-02,2.72041018e-03) (1.18181201e-03,-7.61299442e-03) (4.01818875e-13,-3.92940623e-12)
-4.13827655e+00 (1.76015981e-02,2.73335022e-03) (1.21132047e-03,-7.80301938e-03) (-2.79060359e-12,-6.44412592e-13)
-4.11823647e+00 (1.76863778e-02,2.74660980e-03) (1.24097069e-03,-7.99395086e-03) (2.39787205e-13,-1.34698948e-12)
-4.09819639e+00 (1.77731828e-02,2.76019045e-03) (1.27076613e-03,-8.18581072e-03) (-3.26625169e-12,-1.78257123e-12)
-4.07815631e+00 (1.78620206e-02,2.77409370e-03) (1.30071028e-03,-8.37862094e-03) (-1.16138093e-12,7.37274998e-13)
-4.05811623e+00 (1.79528988e-02,2.78832117e-03) (1.33080664e-03,-8.57240356e-03) (-2.07256059e-12,-1.51607578e-12)
-4.03807615e+00 (1.80458249e-02,2.80287448e-03) (1.36105871e-03,-8.76718068e-03) (-2.35849785e-12,1.09284281e-12)
-4.01803607e+00 (1.81408068e-02,2.81775529e-03) (1.39147005e-03,-8.96297452e-03) (-2.17592196e-12,-7.50538484e-13)
-3.99799599e+00 (1.82378523e-02,2.83296530e-03) (1.42204420e-03,-9.15980736e-03) (-4.63145748e-12,3.41179993e-12)
-3.97795591e+00 (1.83369691e-02,2.84850625e-03) (1.45278473e-03,-9.35770158e-03) (2.15103152e-12,3.85956220e-12)
-3.95791583e+00 (1.84381652e-02,2.86437992e-03) (1.48369524e-03,-9.55667964e-03) (-1.65928887e-12,-2.15886126e-12)
-3.93787575e+00 (1.85414486e-02,2.88058811e-03) (1.51477933e-03,-9.75676407e-03) (-3.87315392e-12,5.69326180e-12)
-3.91783567e+00 (1.86468272e-02,2.89713268e-03) (1.54604063e-03,-9.95797752e-03) (4.06339469e-12,3.25597063e-12)
-3.89779559e+00 (1.87543090e-02,2.91401550e-03) (1.57748280e-03,-1.01603427e-02) (-8.55012262e-13,4.12169947e-13)
-3.87775551e+00 (1.88639021e-02,2.93123849e-03) (1.60910950e-03,-1.03638824e-02) (2.35672465e-12,3.68842329e-12)
-3.85771543e+00 (1.89756143e-02,2.94880362e-03) (1.64092443e-03,-1.05686195e-02) (9.89212516e-13,-1.03078310e-12)
-3.83767535e+00 (1.90894539e-02,2.96671288e-03) (1.67293130e-03,-1.07745771e-02) (-7.08288059e-13,4.37136107e-12)
-3.81763527e+00 (1.92054286e-02,2.98496829e-03) (1.70513385e-03,-1.09817781e-02) (5.20541854e-12,3.71772530e-12)
-3.79759519e+00 (1.93235464e-02,3.00357193e-03) (1.73753583e-03,-1.11902457e-02) (5.99677219e-12,4.11587447e-13)
-3.77755511e+00 (1.94438152e-02,3.02252590e-03) (1.77014102e-03,-1.14000031e-02) (5.45398998e-12,-3.10597517e-12)
-3.75751503e+00 (1.95662428e-02,3.04183234e-03) (1.80295322e-03,-1.16110737e-02) (1.74197957e-12,-2.82011702e-12)
-3.73747495e+00 (1.96908369e-02,3.06149343e-03) (1.83597627e-03,-1.18234809e-02) (4.45413234e-12,-1.47306449e-12)
-3.71743487e+00 (1.98176050e-02,3.08151139e-03) (1.86921400e-03,-1.20372481e-02) (3.80407715e-12,-7.03808693e-12)
-3.69739479e+00 (1.99465546e-02,3.10188847e-03) (1.90267030e-03,-1.22523990e-02) (-2.21706934e-12,-6.47986550e-12)
-3.67735471e+00 (2.00776932e-02,3.12262696e-03) (1.93634906e-03,-1.24689571e-02) (-2.71185212e-12,-2.96413849e-12)
-3.65731463e+00 (2.02110278e-02,3.14372919e-03) (1.97025421e-03,-1.26869463e-02) (-2.09930140e-12,-2.55123396e-12)
-3.63727455e+00 (2.03465655e-02,3.16519753e-03) (2.00438970e-03,-1.29063902e-02) (-3.35610823e-12,-2.21699878e-12)
-3.61723447e+00 (2.04843130e-02,3.18703438e-03) (2.03875949e-03,-1.31273128e-02) (-3.07073443e-12,1.19537297e-12)
-3.59719439e+00 (2.06242768e-02,3.20924218e-03) (2.07336759e-03,-1.33497381e-02) (1.67105689e-12,-3.07639376e-13)
-3.57715431e+00 (2.07664633e-02,3.23182340e-03) (2.10821804e-03,-1.35736900e-02) (-1.82131863e-12,-5.10981801e-12)
-3.55711423e+00 (2.09108785e-02,3.25478057e-03) (2.14331487e-03,-1.37991926e-02) (-5.85704174e-12,-1.50046632e-12)
-3.53707415e+00 (2.10575281e-02,3.27811623e-03) (2.17866219e-03,-1.40262701e-02) (-5.00873219e-12,1.52974456e-12)
-3.51703407e+00 (2.12064174e-02,3.30183298e-03) (2.21426408e-03,-1.42549467e-02) (-3.19544190e-12,4.18356955e-12)
-3.49699399e+00 (2.13575515e-02,3.32593343e-03) (2.25012470e-03,-1.44852467e-02) (9.99365073e-13,3.58944535e-12)
-3.47695391e+00 (2.15109350e-02,3.35042027e-03) (2.28624821e-03,-1.47171943e-02) (4.25375449e-13,2.69172349e-13)
-3.45691383e+00 (2.16665719e-02,3.37529618e-03) (2.32263881e-03,-1.49508140e-02) (-1.13693076e-12,2.70673469e-12)
-3.43687375e+00 (2.18244660e-02,3.40056390e-03) (2.35930072e-03,-1.51861301e-02) (3.88000435e-12,3.06234285e-12)
-3.41683367e+00 (2.19846205e-02,3.42622621e-03) (2.39623819e-03,-1.54231672e-02) (3.94201151e-12,-3.27190363e-12)
-3.39679359e+00 (2.21470380e-02,3.45228593e-03) (2.43345551e-03,-1.56619496e-02) (-1.79403359e-12,-3.46458845e-12)
-3.37675351e+00 (2.23117204e-02,3.47874590e-03) (2.47095700e-03,-1.59025019e-02) (-1.54371212e-12,5.19227392e-13)
-3.35671343e+00 (2.24786693e-02,3.50560900e-03) (2.50874701e-03,-1.61448485e-02) (7.33423151e-13,-1.13505998e-12)
-3.33667335e+00 (2.26478853e-02,3.53287816e-03) (2.54682990e-03,-1.63890141e-02) (-2.05587587e-12,-2.72890261e-12)
-3.31663327e+00 (2.28193684e-02,3.56055633e-03) (2.58521010e-03,-1.66350232e-02) (-4.25776688e-12,-6.68242757e-13)
-3.29659319e+00 (2.29931178e-02,3.58864652e-03) (2.62389204e-03,-1.68829003e-02) (-4.38983496e-12,2.82713980e-12)
-3.27655311e+00 (2.31691317e-02,3.61715174e-03) (2.66288021e-03,-1.71326698e-02) (7.96294152e-14,4.80047534e-12)
-3.25651303e+00 (2.33474078e-02,3.64607507e-03) (2.70217909e-03,-1.73843564e-02) (2.72382558e-12,2.50985285e-13)
-3.23647295e+00 (2.35279424e-02,3.67541960e-03) (2.74179325e-03,-1.76379845e-02) (-1.10849673e-12,-2.36180074e-12)
-3.21643287e+00 (2.37107310e-02,3.70518848e-03) (2.78172725e-03,-1.78935784e-02) (-3.20098613e-12,1.86112945e-13)
-3.19639279e+00 (2.38957680e-02,3.73538486e-03) (2.82198571e-03,-1.81511626e-02) (-2.51552378e-12,9.66198858e-13)
-3.17635271e+00 (2.40830466e-02,3.76601196e-03) (2.86257326e-03,-1.84107614e-02) (-3.32799784e-12,2.26102942e-12)
-3.15631263e+00 (2.42725588e-02,3.79707302e-03) (2.90349459e-03,-1.86723989e-02) (-1.36040801e-12,3.43545743e-12)
-3.13627255e+00 (2.44642952e-02,3.82857131e-03) (2.94475440e-03,-1.89360993e-02) (-1.72098914e-12,2.92295714e-12)
-3.11623246e+00 (2.46582451e-02,3.86051014e-03) (2.98635745e-03,-1.92018867e-02) (-7.34328210e-14,5.37221836e-12)
-3.09619238e+00 (2.48543963e-02,3.89289284e-03) (3.02830853e-03,-1.94697848e-02) (3.14191156e-12,3.25860668e-12)
-3.07615230e+00 (2.50527351e-02,3.92572278e-03) (3.07061245e-03,-1.97398175e-02) (2.78214891e-12,9.47175788e-13)
-3.05611222e+00 (2.52532459e-02,3.95900338e-03) (3.11327407e-03,-2.00120083e-02) (2.23227984e-12,-8.43509529e-13)
-3.03607214e+00 (2.54559115e-02,3.99273807e-03) (3.15629829e-03,-2.02863807e-02) (-1.55494928e-13,-2.19094888e-12)
-3.01603206e+00 (2.56607128e-02,4.02693031e-03) (3.19969004e-03,-2.05629579e-02) (-2.71343300e-12,-8.63547549e-13)
-2.99599198e+00 (2.58676288e-02,4.06158361e-03) (3.24345430e-03,-2.08417629e-02) (-2.70279103e-12,1.07629881e-12)
-2.97595190e+00 (2.60766362e-02,4.09670148e-03) (3.28759606e-03,-2.11228184e-02) (-3.14607271e-12,1.47259459e-12)
-2.95591182e+00 (2.62877097e-02,4.13228750e-03) (3.33212038e-03,-2.14061470e-02) (-3.25638799e-12,4.03709234e-12)
-2.93587174e+00 (2.65008214e-02,4.16834524e-03) (3.37703234e-03,-2.16917708e-02) (-7.02099463e-13,4.96981472e-12)
-2.91583166e+00 (2.67159412e-02,4.20487832e-03) (3.42233707e-03,-2.19797119e-02) (8.22803658e-13,4.08915994e-12)
-2.89579158e+00 (2.69330360e-02,4.24189038e-03) (3.46803973e-03,-2.22699916e-02) (1.40457323e-12,2.64845360e-12)
-2.87575150e+00 (2.71520704e-02,4.27938510e-03) (3.51414552e-03,-2.25626313e-02) (7.77255333e-13,1.47731661e-12)
-2.85571142e+00 (2.73730056e-02,4.31736616e-03) (3.56065969e-03,-2.28576517e-02) (-1.12494762e-12,1.13390933e-12)
-2.83567134e+00 (2.75958000e-02,4.35583730e-03) (3.60758751e-03,-2.31550731e-02) (-2.12247128e-12,4.36173183e-12)
-2.81563126e+00 (2.78204086e-02,4.39480226e-03) (3.65493432e-03,-2.34549155e-02) (1.57128794e-12,5.86153833e-12)
-2.79559118e+00 (2.80467830e-02,4.43426480e-03) (3.70270548e-03,-2.37571982e-02) (3.39630584e-12,3.81042994e-12)
-2.77555110e+00 (2.82748712e-02,4.47422873e-03) (3.75090639e-03,-2.40619400e-02) (3.69028587e-12,2.49602948e-12)
-2.75551102e+00 (2.85046173e-02,4.51469787e-03) (3.79954249e-03,-2.43691593e-02) (3.61824973e-12,1.56914070e-12)
-2.73547094e+00 (2.87359614e-02,4.55567605e-03) (3.84861929e-03,-2.46788736e-02) (3.63580444e-12,1.09487924e-12)
-2.71543086e+00 (2.89688392e-02,4.59716714e-03) (3.89814230e-03,-2.49910999e-02) (4.01465445e-12,7.30073778e-13)
-2.69539078e+00 (2.92031821e-02,4.63917503e-03) (3.94811709e-03,-2.53058545e-02) (4.26410326e-12,-6.55247218e-13)
-2.67535070e+00 (2.94389168e-02,4.68170361e-03) (3.99854929e-03,-2.56231528e-02) (2.76473164e-12,-7.17468632e-13)
-2.65531062e+00 (2.96759647e-02,4.72475681e-03) (4.04944455e-03,-2.59430094e-02) (3.72420646e-12,6.89495819e-13)
-2.63527054e+00 (2.99142424e-02,4.76833857e-03) (4.10080856e-03,-2.62654382e-02) (5.23676812e-12,-3.25028920e-14)
-2.61523046e+00 (3.01536607e-02,4.81245287e-03) (4.15264706e-03,-2.65904519e-02) (5.86972637e-12,-1.01651898e-12)
-2.59519038e+00 (3.03941247e-02,4.85710367e-03) (4.20496585e-03,-2.69180625e-02) (5.39428274e-12,-1.49176412e-12)
-2.57515030e+00 (3.06355334e-02,4.90229498e-03) (4.25777075e-03,-2.72482807e-02) (6.11811823e-12,3.56626361e-13)
-2.55511022e+00 (3.08777794e-02,4.94803082e-03) (4.31106763e-03,-2.75811161e-02) (9.42438124e-12,8.02309593e-13)
-2.53507014e+00 (3.11207485e-02,4.99431523e-03) (4.36486240e-03,-2.79165773e-02) (1.20835692e-11,-1.52659666e-13)
-2.51503006e+00 (3.13643196e-02,5.04115224e-03) (4.41916102e-03,-2.82546714e-02) (1.46082742e-11,-1.05912330e-12)
-2.49498998e+00 (3.16083639e-02,5.08854595e-03) (4.47396950e-03,-2.85954043e-02) (1.69712373e-11,-1.49236261e-12)
-2.47494990e+00 (3.18527450e-02,5.13650044e-03) (4.52929388e-03,-2.89387803e-02) (2.08118073e-11,-1.28700404e-12)
-2.45490982e+00 (3.20973183e-02,5.18501982e-03) (4.58514025e-03,-2.92848024e-02) (2.50327417e-11,-1.80741300e-12)
-2.43486974e+00 (3.23419306e-02,5.23410822e-03) (4.64151475e-03,-2.96334718e-02) (3.02001936e-11,-5.75906512e-13)
-2.41482966e+00 (3.25864196e-02,5.28376980e-03) (4.69842356e-03,-2.99847880e-02) (3.82889396e-11,3.25640411e-13)
-2.39478958e+00 (3.28306136e-02,5.33400873e-03) (4.75587290e-03,-3.03387490e-02) (4.77011024e-11,1.27591728e-12)
-2.37474950e+00 (3.30743309e-02,5.38482921e-03) (4.81386904e-03,-3.06953504e-02) (6.00407671e-11,2.73356583e-12)
-2.35470942e+00 (3.33173797e-02,5.43623547e-03) (4.87241830e-03,-3.10545862e-02) (7.59447213e-11,4.71894477e-12)
-2.33466934e+00 (3.35595569e-02,5.48823177e-03) (4.93152704e-03,-3.14164480e-02) (9.70009821e-11,5.78582636e-12)
-2.31462926e+00 (3.38006483e-02,5.54082241e-03) (4.99120167e-03,-3.17809253e-02) (1.21981464e-10,5.86780935e-12)
-2.29458918e+00 (3.40404276e-02,5.59401171e-03) (5.05144865e-03,-3.21480051e-02) (1.52632491e-10,5.43354175e-12)
-2.27454910e+00 (3.42786562e-02,5.64780405e-03) (5.11227447e-03,-3.25176720e-02) (1.89067532e-10,4.79472065e-12)
-2.25450902e+00 (3.45150821e-02,5.70220385e-03) (5.17368569e-03,-3.28899079e-02) (2.34430020e-10,4.42335412e-12)
-2.23446894e+00 (3.47494400e-02,5.75721559e-03) (5.23568890e-03,-3.32646919e-02) (2.89341561e-10,3.46711494e-12)
-2.21442886e+00 (3.49814501e-02,5.81284379e-03) (5.29829076e-03,-3.36420000e-02) (3.57019440e-10,3.54888322e-12)
-2.19438878e+00 (3.52108176e-02,5.86909308e-03) (5.36149795e-03,-3.40218054e-02) (4.40891891e-10,3.51904314e-12)
-2.17434870e+00 (3.54372323e-02,5.92596813e-03) (5.42531722e-03,-3.44040778e-02) (5.43952752e-10,3.61331383e-12)
-2.15430862e+00 (3.56603675e-02,5.98347371e-03) (5.48975537e-03,-3.47887836e-02) (6.70703731e-10,5.05858487e-12)
-2.13426854e+00 (3.58798796e-02,6.04161472e-03) (5.55481926e-03,-3.51758854e-02) (8.28560977e-10,7.97755720e-12)
-2.11422846e+00 (3.60954073e-02,6.10039614e-03) (5.62051577e-03,-3.55653421e-02) (1.02394263e-09,1.22208520e-11)
-2.09418838e+00 (3.63065707e-02,6.15982310e-03) (5.68685188e-03,-3.59571086e-02) (1.26789748e-09,1.90141914e-11)
-2.07414830e+00 (3.65129708e-02,6.21990087e-03) (5.75383459e-03,-3.63511356e-02) (1.57246324e-09,2.57248815e-11)
-2.05410822e+00 (3.67141883e-02,6.28063491e-03) (5.82147097e-03,-3.67473693e-02) (1.95011875e-09,3.09521884e-11)
-2.03406814e+00 (3.69097831e-02,6.34203084e-03) (5.88976817e-03,-3.71457513e-02) (2.41541875e-09,3.45088447e-11)
-2.01402806e+00 (3.70992934e-02,6.40409453e-03) (5.95873336e-03,-3.75462183e-02) (2.98852551e-09,3.81207081e-11)
-1.99398798e+00 (3.72822348e-02,6.46683207e-03) (6.02837382e-03,-3.79487019e-02) (3.69418001e-09,4.30714729e-11)
-1.97394790e+00 (3.74580993e-02,6.53024984e-03) (6.09869686e-03,-3.83531284e-02) (4.56571472e-09,5.28510304e-11)
-1.95390782e+00 (3.76263545e-02,6.59435453e-03) (6.16970989e-03,-3.87594183e-02) (5.64557178e-09,6.77527802e-11)
-1.93386774e+00 (3.77864429e-02,6.65915317e-03) (6.24142037e-03,-3.91674864e-02) (6.98512844e-09,8.69165758e-11)
-1.91382766e+00 (3.79377803e-02,6.72465320e-03) (6.31383585e-03,-3.95772411e-02) (8.64433047e-09,1.07829040e-10)
-1.89378758e+00 (3.80797558e-02,6.79086249e-03) (6.38696397e-03,-3.99885846e-02) (1.06971241e-08,1.31811676e-10)
-1.87374749e+00 (3.82117299e-02,6.85778940e-03) (6.46081243e-03,-4.04014122e-02) (1.32358731e-08,1.59240586e-10)
-1.85370741e+00 (3.83330342e-02,6.92544286e-03) (6.53538907e-03,-4.08156121e-02) (1.63759754e-08,1.92960769e-10)
-1.83366733e+00 (3.84429700e-02,6.99383242e-03) (6.61070178e-03,-4.12310650e-02) (2.02599571e-08,2.32691734e-10)
-1.81362725e+00 (3.85408076e-02,7.06296832e-03) (6.68675859e-03,-4.16476443e-02) (2.50630521e-08,2.83846426e-10)
-1.79358717e+00 (3.86257850e-02,7.13286156e-03) (6.76356763e-03,-4.20652148e-02) (3.10087065e-08,3.48979329e-10)
-1.77354709e+00 (3.86971074e-02,7.20352403e-03) (6.84113715e-03,-4.24836332e-02) (3.83696100e-08,4.28841632e-10)
-1.75350701e+00 (3.87539456e-02,7.27496858e-03) (6.91947556e-03,-4.29027474e-02) (4.74830049e-08,5.21176692e-10)
-1.73346693e+00 (3.87954354e-02,7.34720913e-03) (6.99859138e-03,-4.33223960e-02) (5.87570729e-08,6.26265369e-10)
-1.71342685e+00 (3.88206767e-02,7.42026078e-03) (7.07849331e-03,-4.37424081e-02) (7.27020355e-08,7.53649252e-10)
-1.69338677e+00 (3.88287324e-02,7.49413999e-03) (7.15919021e-03,-4.41626030e-02) (8.99560115e-08,9.14983009e-10)
-1.67334669e+00 (3.88186275e-02,7.56886467e-03) (7.24069113e-03,-4.45827895e-02) (1.11317295e-07,1.11896225e-09)
-1.65330661e+00 (3.87893482e-02,7.64445439e-03) (7.32300532e-03,-4.50027657e-02) (1.37768835e-07,1.36387568e-09)
-1.63326653e+00 (3.87398413e-02,7.72093053e-03) (7.40614225e-03,-4.54223185e-02) (1.70517840e-07,1.64978413e-09)
-1.61322645e+00 (3.86690132e-02,7.79831650e-03) (7.49011163e-03,-4.58412232e-02) (2.11056056e-07,1.98229615e-09)
-1.59318637e+00 (3.85757290e-02,7.87663793e-03) (7.57492345e-03,-4.62592430e-02) (2.61234627e-07,2.37553706e-09)
-1.57314629e+00 (3.84588122e-02,7.95592295e-03) (7.66058796e-03,-4.66761287e-02) (3.23354023e-07,2.84469517e-09)
-1.55310621e+00 (3.83170439e-02,8.03620242e-03) (7.74711577e-03,-4.70916181e-02) (4.00265201e-07,3.40469342e-09)
-1.53306613e+00 (3.81491625e-02,8.11751023e-03) (7.83451780e-03,-4.75054355e-02) (4.95502599e-07,4.07104017e-09)
-1.51302605e+00 (3.79538628e-02,8.19988366e-03) (7.92280537e-03,-4.79172913e-02) (6.13448256e-07,4.85770243e-09)
-1.49298597e+00 (3.77297962e-02,8.28336368e-03) (8.01199023e-03,-4.83268818e-02) (7.59532025e-07,5.77111335e-09)
-1.47294589e+00 (3.74755704e-02,8.36799538e-03) (8.10208458e-03,-4.87338881e-02) (9.40472095e-07,6.81386951e-09)
-1.45290581e+00 (3.71897489e-02,8.45382839e-03) (8.19310115e-03,-4.91379763e-02) (1.16459231e-06,7.99744637e-09)
-1.43286573e+00 (3.68708519e-02,8.54091734e-03) (8.28505321e-03,-4.95387965e-02) (1.44222551e-06,9.33917707e-09)
-1.41282565e+00 (3.65173557e-02,8.62932242e-03) (8.37795467e-03,-4.99359827e-02) (1.78619964e-06,1.08424446e-08)
-1.39278557e+00 (3.61276935e-02,8.71910992e-03) (8.47182011e-03,-5.03291521e-02) (2.21242041e-06,1.24858560e-08)
-1.37274549e+00 (3.57002563e-02,8.81035291e-03) (8.56666487e-03,-5.07179047e-02) (2.74060934e-06,1.42288064e-08)
-1.35270541e+00 (3.52333929e-02,8.90313190e-03) (8.66250510e-03,-5.11018230e-02) (3.39523767e-06,1.60076937e-08)
-1.33266533e+00 (3.47254116e-02,8.99753566e-03) (8.75935790e-03,-5.14804712e-02) (4.20668013e-06,1.77130587e-08)
-1.31262525e+00 (3.41745811e-02,9.09366204e-03) (8.85724135e-03,-5.18533950e-02) (5.21263638e-06,1.91720482e-08)
-1.29258517e+00 (3.35791322e-02,9.19161895e-03) (8.95617464e-03,-5.22201214e-02) (6.45991707e-06,2.01254685e-08)
-1.27254509e+00 (3.29372592e-02,9.29152543e-03) (9.05617819e-03,-5.25801578e-02) (8.00665838e-06,2.01830395e-08)
-1.25250501e+00 (3.22471222e-02,9.39351277e-03) (9.15727378e-03,-5.29329920e-02) (9.92507306e-06,1.87683425e-08)
-1.23246493e+00 (3.15068490e-02,9.49772583e-03) (9.25948468e-03,-5.32780915e-02) (1.23048754e-05,1.50546446e-08)
-1.21242485e+00 (3.07145383e-02,9.60432450e-03) (9.36283579e-03,-5.36149037e-02) (1.52575723e-05,7.87403494e-09)
-1.19238477e+00 (2.98682618e-02,9.71348527e-03) (9.46735383e-03,-5.39428551e-02) (1.89217987e-05,-4.43682209e-09)
-1.17234469e+00 (2.89660679e-02,9.82540306e-03) (9.57306753e-03,-5.42613511e-02) (2.34699474e-05,-2.42241965e-08)
-1.15230461e+00 (2.80059850e-02,9.94029317e-03) (9.68000784e-03,-5.45697760e-02) (2.91164618e-05,-5.47548056e-08)
-1.13226453e+00 (2.69860252e-02,1.00583935e-02) (9.78820814e-03,-5.48674926e-02) (3.61282085e-05,-1.00558360e-07)
-1.11222445e+00 (2.59041885e-02,1.01799673e-02) (9.89770453e-03,-5.51538423e-02) (4.48374211e-05,-1.67920256e-07)
-1.09218437e+00 (2.47584671e-02,1.03053054e-02) (1.00085361e-02,-5.54281444e-02) (5.56578537e-05,-2.65544795e-07)
-1.07214429e+00 (2.35468500e-02,1.04347301e-02) (1.01207452e-02,-5.56896969e-02) (6.91049814e-05,-4.05435849e-07)
-1.05210421e+00 (2.22673279e-02,1.05685984e-02) (1.02343779e-02,-5.59377756e-02) (8.58213114e-05,-6.04090415e-07)
-1.03206413e+00 (2.09178984e-02,1.07073059e-02) (1.03494844e-02,-5.61716350e-02) (1.06608101e-04,-8.84171075e-07)
-1.01202405e+00 (1.94965710e-02,1.08512919e-02) (1.04661192e-02,-5.63905077e-02) (1.32465072e-04,-1.27681715e-06)
-9.91983968e-01 (1.80013726e-02,1.10010445e-02) (1.05843420e-02,-5.65936049e-02) (1.64640213e-04,-1.82477996e-06)
-9.71943888e-01 (1.64303527e-02,1.11571063e-02) (1.07042180e-02,-5.67801166e-02) (2.04692309e-04,-2.58670178e-06)
-9.51903808e-01 (1.47815888e-02,1.13200823e-02) (1.08258185e-02,-5.69492117e-02) (2.54569574e-04,-3.64300315e-06)
-9.31863727e-01 (1.30531910e-02,1.14906474e-02) (1.09492218e-02,-5.71000387e-02) (3.16708556e-04,-5.10405794e-06)
-9.11823647e-01 (1.12433072e-02,1.16695561e-02) (1.10745139e-02,-5.72317257e-02) (3.94158610e-04,-7.12148363e-06)
-8.91783567e-01 (9.35012656e-03,1.18576539e-02) (1.12017893e-02,-5.73433808e-02) (4.90738804e-04,-9.90369492e-06)
-8.71743487e-01 (7.37188303e-03,1.20558904e-02) (1.13311525e-02,-5.74340931e-02) (6.11235974e-04,-1.37374756e-05)
-8.51703407e-01 (5.30685764e-03,1.22653350e-02) (1.14627184e-02,-5.75029326e-02) (7.61655017e-04,-1.90180097e-05)
-8.31663327e-01 (3.15337917e-03,1.24871946e-02) (1.15966146e-02,-5.75489510e-02) (9.49535538e-04,-2.62908816e-05)
-8.11623246e-01 (9.09822786e-04,1.27228354e-02) (1.17329823e-02,-5.75711821e-02) (1.18435285e-03,-3.63108315e-05)
-7.91583166e-01 (-1.42539468e-03,1.29738075e-02) (1.18719786e-02,-5.75686425e-02) (1.47802675e-03,-5.01242014e-05)
-7.71543086e-01 (-3.85382511e-03,1.32418734e-02) (1.20137782e-02,-5.75403319e-02) (1.84556782e-03,-6.91853818e-05)
-7.51503006e-01 (-6.37700856e-03,1.35290430e-02) (1.21585763e-02,-5.74852331e-02) (2.30589945e-03,-9.55218640e-05)
-7.31462926e-01 (-8.99650725e-03,1.38376174e-02) (1.23065911e-02,-5.74023125e-02) (2.88290463e-03,-1.31969104e-04)
-7.11422846e-01 (-1.17139613e-02,1.41702508e-02) (1.24580678e-02,-5.72905191e-02) (3.60676072e-03,-1.82506557e-04)
-6.91382766e-01 (-1.45311740e-02,1.45300426e-02) (1.26132819e-02,-5.71487838e-02) (4.51564275e-03,-2.52741046e-04)
-6.71342685e-01 (-1.74502328e-02,1.49206851e-02) (1.27725456e-02,-5.69760168e-02) (5.65789815e-03,-3.50605847e-04)
-6.51302605e-01 (-2.04736642e-02,1.53467025e-02) (1.29362146e-02,-5.67711034e-02) (7.09482322e-03,-4.87377775e-04)
-6.31262525e-01 (-2.36046054e-02,1.58138296e-02) (1.31046987e-02,-5.65328994e-02) (8.90420401e-03,-6.79165889e-04)
-6.11222445e-01 (-2.68469479e-02,1.63295897e-02) (1.32784778e-02,-5.62602222e-02) (1.11848212e-02,-9.49104080e-04)
-5.91182365e-01 (-3.02053684e-02,1.69041276e-02) (1.34581247e-02,-5.59518432e-02) (1.40621554e-02,-1.33060103e-03)
-5.71142285e-01 (-3.36851113e-02,1.75513344e-02) (1.36443387e-02,-5.56064788e-02) (1.76955544e-02,-1.87218920e-03)
-5.51102204e-01 (-3.72913374e-02,1.82902475e-02) (1.38379933e-02,-5.52227867e-02) (2.22871137e-02,-2.64481116e-03)
-5.31062124e-01 (-4.10278119e-02,1.91466200e-02) (1.40401998e-02,-5.47993717e-02) (2.80924053e-02,-3.75284992e-03)
-5.11022044e-01 (-4.48947051e-02,2.01544283e-02) (1.42523891e-02,-5.43348100e-02) (3.54328062e-02,-5.35093278e-03)
-4.90981964e-01 (-4.88853380e-02,2.13569298e-02) (1.44764079e-02,-5.38277027e-02) (4.47081681e-02,-7.66954593e-03)
-4.70941884e-01 (-5.29818515e-02,2.28067337e-02) (1.47146232e-02,-5.32767706e-02) (5.64062802e-02,-1.10535301e-02)
-4.50901804e-01 (-5.71500261e-02,2.45642367e-02) (1.49700205e-02,-5.26810013e-02) (7.11011879e-02,-1.60175453e-02)
-4.30861723e-01 (-6.13338196e-02,2.66937750e-02) (1.52462740e-02,-5.20398562e-02) (8.94257563e-02,-2.33191872e-02)
-4.10821643e-01 (-6.54505896e-02,2.92570069e-02) (1.55477616e-02,-5.13535359e-02) (1.11997155e-01,-3.40400268e-02)
-3.90781563e-01 (-6.93883436e-02,3.23034301e-02) (1.58794918e-02,-5.06232903e-02) (1.39273946e-01,-4.96451182e-02)
-3.70741483e-01 (-7.30065865e-02,3.58585847e-02) (1.62469139e-02,-4.98517441e-02) (1.71340879e-01,-7.19668637e-02)
-3.50701403e-01 (-7.61422551e-02,3.99113336e-02) (1.66555894e-02,-4.90431879e-02) (2.07659943e-01,-1.03045914e-01)
-3.30661323e-01 (-7.86216575e-02,4.44025185e-02) (1.71107264e-02,-4.82037754e-02) (2.46884618e-01,-1.44785439e-01)
-3.10621242e-01 (-8.02782128e-02,4.92179343e-02) (1.76166059e-02,-4.73415568e-02) (2.86873511e-01,-1.98451803e-01)
-2.90581162e-01 (-8.09741989e-02,5.41885962e-02) (1.81759642e-02,-4.64662910e-02) (3.25010505e-01,-2.64164304e-01)
-2.70541082e-01 (-8.06230837e-02,5.91003516e-02) (1.87894252e-02,-4.55890090e-02) (3.58817693e-01,-3.40593409e-01)
-2.50501002e-01 (-7.92079397e-02,6.37130023e-02) (1.94550901e-02,-4.47213425e-02) (3.86678135e-01,-4.25053904e-01)
-2.30460922e-01 (-7.67915448e-02,6.77866631e-02) (2.01683840e-02,-4.38746889e-02) (4.08373075e-01,-5.14016657e-01)
-2.10420842e-01 (-7.35152778e-02,7.11109191e-02) (2.09222163e-02,-4.30593211e-02) (4.25178783e-01,-6.03849052e-01)
-1.90380762e-01 (-6.95864785e-02,7.35312997e-02) (2.17074580e-02,-4.22835766e-02) (4.39461795e-01,-6.91467804e-01)
-1.70340681e-01 (-6.52566713e-02,7.49681463e-02) (2.25136753e-02,-4.15532410e-02) (4.53944102e-01,-7.74640000e-01)
-1.50300601e-01 (-6.07949694e-02,7.54248849e-02) (2.33300150e-02,-4.08712078e-02) (4.70937191e-01,-8.51865811e-01)
-1.30260521e-01 (-5.64614881e-02,7.49852598e-02) (2.41461176e-02,-4.02374381e-02) (4.91802590e-01,-9.21987724e-01)
-1.10220441e-01 (-5.24847311e-02,7.38013284e-02) (2.49529425e-02,-3.96491956e-02) (5.16743838e-01,-9.83772461e-01)
-9.01803607e-02 (-4.90452415e-02,7.20753207e-02) (2.57434210e-02,-3.91014960e-02) (5.44885009e-01,-1.03567252e+00)
-7.01402806e-02 (-4.62660529e-02,7.00387188e-02) (2.65128893e-02,-3.85876954e-02) (5.74521384e-01,-1.07585375e+00)
-5.01002004e-02 (-4.42091809e-02,6.79313746e-02) (2.72592890e-02,-3.81001466e-02) (6.03438615e-01,-1.10245564e+00)
-3.00601202e-02 (-4.28767800e-02,6.59825886e-02) (2.79831475e-02,-3.76308634e-02) (6.29239431e-01,-1.11397897e+00)
-1.00200401e-02 (-4.22155712e-02,6.43951834e-02) (2.86873691e-02,-3.71721521e-02) (6.49647636e-01,-1.10967512e+00)
1.00200401e-02 (-4.21235083e-02,6.33329235e-02) (2.93768709e-02,-3.67171797e-02) (6.62765599e-01,-1.08982658e+00)
3.00601202e-02 (-4.24581249e-02,6.29112188e-02) (3.00581017e-02,-3.62604610e-02) (6.67256258e-01,-1.05584482e+00)
5.01002004e-02 (-4.30464201e-02,6.31908771e-02) (3.07384765e-02,-3.57982464e-02) (6.62421729e-01,-1.01016054e+00)
7.01402806e-02 (-4.36963689e-02,6.41747038e-02) (3.14257600e-02,-3.53287950e-02) (6.48165866e-01,-9.55930557e-01)
9.01803607e-02 (-4.42101463e-02,6.58069157e-02) (3.21274280e-02,-3.48525133e-02) (6.24855193e-01,-8.96621366e-01)
1.10220441e-01 (-4.43989309e-02,6.79756033e-02) (3.28500379e-02,-3.43719421e-02) (5.93123454e-01,-8.35543393e-01)
1.30260521e-01 (-4.40987163e-02,7.05187204e-02) (3.35986434e-02,-3.38915746e-02) (5.53690805e-01,-7.75406191e-01)
1.50300601e-01 (-4.31859676e-02,7.32341822e-02) (3.43762948e-02,-3.34175010e-02) (5.07278054e-01,-7.17959976e-01)
1.70340681e-01 (-4.15913210e-02,7.58944329e-02) (3.51836718e-02,-3.29568883e-02) (4.54674599e-01,-6.63794116e-01)
1.90380762e-01 (-3.93090364e-02,7.82651873e-02) (3.60188997e-02,-3.25173281e-02) (3.96955545e-01,-6.12368918e-01)
2.10420842e-01 (-3.63998747e-02,8.01269829e-02) (3.68775877e-02,-3.21061115e-02) (3.35751805e-01,-5.62331285e-01)
2.30460922e-01 (-3.29857306e-02,8.12969614e-02) (3.77531110e-02,-3.17295152e-02) (2.73404888e-01,-5.12081491e-01)
2.50501002e-01 (-2.92357813e-02,8.16474128e-02) (3.86371211e-02,-3.13921919e-02) (2.12848220e-01,-4.60437101e-01)
2.70541082e-01 (-2.53458336e-02,8.11175740e-02) (3.95202293e-02,-3.10967568e-02) (1.57174641e-01,-4.07153919e-01)
2.90581162e-01 (-2.15143356e-02,7.97162456e-02) (4.03927720e-02,-3.08436248e-02) (1.09021838e-01,-3.53091342e-01)
3.10621242e-01 (-1.79194707e-02,7.75147646e-02) (4.12455509e-02,-3.06311158e-02) (7.00243801e-02,-2.99961314e-01)
3.30661323e-01 (-1.47014392e-02,7.46320909e-02) (4.20704463e-02,-3.04557885e-02) (4.05587855e-02,-2.49793131e-01)
3.50701403e-01 (-1.19525471e-02,7.12154349e-02) (4.28608346e-02,-3.03129284e-02) (1.98596422e-02,-2.04361365e-01)
3.70741483e-01 (-9.71566407e-03,6.74204169e-02) (4.36117824e-02,-3.01970961e-02) (6.41028579e-03,-1.64798572e-01)
3.90781563e-01 (-7.98971704e-03,6.33941720e-02) (4.43200340e-02,-3.01026495e-02) (-1.58341699e-03,-1.31484922e-01)
4.10821643e-01 (-6.73973054e-03,5.92634815e-02) (4.49838406e-02,-3.00241724e-02) (-5.80809698e-03,-1.04168229e-01)
4.30861723e-01 (-5.90865429e-03,5.51285159e-02) (4.56026905e-02,-2.99567796e-02) (-7.62782865e-03,-8.21952793e-02)
4.50901804e-01 (-5.42866158e-03,5.10615644e-02) (4.61770029e-02,-2.98962897e-02) (-8.02840510e-03,-6.47419024e-02)
4.70941884e-01 (-5.23040211e-03,4.71094341e-02) (4.67078306e-02,-2.98392855e-02) (-7.66195868e-03,-5.09793880e-02)
4.90981964e-01 (-5.24953137e-03,4.32980085e-02) (4.71966058e-02,-2.97830866e-02) (-6.93025213e-03,-4.01657053e-02)
5.11022044e-01 (-5.43051202e-03,3.96376125e-02) (4.76449418e-02,-2.97256684e-02) (-6.06628906e-03,-3.16789169e-02)
5.31062124e-01 (-5.72811409e-03,3.61281793e-02) (4.80544941e-02,-2.96655525e-02) (-5.19736816e-03,-2.50169293e-02)
5.51102204e-01 (-6.10724088e-03,3.27636044e-02) (4.84268743e-02,-2.96016931e-02) (-4.38779888e-03,-1.97824823e-02)
5.71142285e-01 (-6.54172858e-03,2.95350230e-02) (4.87636061e-02,-2.95333717e-02) (-3.66568295e-03,-1.56643605e-02)
5.91182365e-01 (-7.01267443e-03,2.64330065e-02) (4.90661093e-02,-2.94601086e-02) (-3.03900045e-03,-1.24197922e-02)
6.11222445e-01 (-7.50670040e-03,2.34488357e-02) (4.93357033e-02,-2.93815944e-02) (-2.50505991e-03,-9.85964320e-03)
6.31262525e-01 (-8.01440380e-03,2.05750818e-02) (4.95736192e-02,-2.92976390e-02) (-2.05597163e-03,-7.83653383e-03)
6.51302605e-01 (-8.52911266e-03,1.78057277e-02) (4.97810157e-02,-2.92081364e-02) (-1.68176295e-03,-6.23550384e-03)
6.71342685e-01 (-9.04596693e-03,1.51360326e-02) (4.99589937e-02,-2.91130409e-02) (-1.37209874e-03,-4.96675027e-03)
6.91382766e-01 (-9.56128820e-03,1.25622846e-02) (5.01086091e-02,-2.90123519e-02) (-1.11718020e-03,-3.96000385e-03)
7.11422846e-01 (-1.00721751e-02,1.00815357e-02) (5.02308828e-02,-2.89061032e-02) (-9.08165414e-04,-3.16018164e-03)
7.31462926e-01 (-1.05762583e-02,7.69136929e-03) (5.03268067e-02,-2.87943569e-02) (-7.37317706e-04,-2.52402681e-03)
7.51503006e-01 (-1.10715583e-02,5.38971734e-03) (5.03973493e-02,-2.86771983e-02) (-5.98004922e-04,-2.01750911e-03)
7.71543086e-01 (-1.15564037e-02,3.17472918e-03) (5.04434579e-02,-2.85547320e-02) (-4.84622652e-04,-1.61381092e-03)
7.91583166e-01 (-1.20293830e-02,1.04468195e-03) (5.04660609e-02,-2.84270797e-02) (-3.92483742e-04,-1.29176399e-03)
8.11623246e-01 (-1.24893113e-02,-1.00207747e-03) (5.04660683e-02,-2.82943766e-02) (-3.17698127e-04,-1.03463353e-03)
8.31663327e-01 (-1.29352052e-02,-2.96716924e-03) (5.04443726e-02,-2.81567700e-02) (-2.57055937e-04,-8.29170528e-04)
8.51703407e-01 (-1.33662612e-02,-4.85220352e-03) (5.04018490e-02,-2.80144163e-02) (-2.07920318e-04,-6.64871403e-04)
8.71743487e-01 (-1.37818354e-02,-6.65879474e-03) (5.03393550e-02,-2.78674801e-02) (-1.68132612e-04,-5.33398601e-04)
8.91783567e-01 (-1.41814254e-02,-8.38857047e-03) (5.02577308e-02,-2.77161321e-02) (-1.35930425e-04,-4.28126098e-04)
9.11823647e-01 (-1.45646544e-02,-1.00431767e-02) (5.01577987e-02,-2.75605475e-02) (-1.09877966e-04,-3.43782285e-04)
9.31863727e-01 (-1.49312556e-02,-1.16242808e-02) (5.00403634e-02,-2.74009051e-02) (-8.88075223e-05,-2.76168823e-04)
9.51903808e-01 (-1.52810603e-02,-1.31335723e-02) (4.99062111e-02,-2.72373860e-02) (-7.17707023e-05,-2.21938956e-04)
9.71943888e-01 (-1.56139855e-02,-1.45727628e-02) (4.97561097e-02,-2.70701727e-02) (-5.79980882e-05,-1.78422417e-04)
9.91983968e-01 (-1.59300244e-02,-1.59435842e-02) (4.95908086e-02,-2.68994481e-02) (-4.68660133e-05,-1.43486932e-04)
1.01202405e+00 (-1.62292370e-02,-1.72477867e-02) (4.94110382e-02,-2.67253946e-02) (-3.78693127e-05,-1.15428519e-04)
1.03206413e+00 (-1.65117424e-02,-1.84871357e-02) (4.92175098e-02,-2.65481940e-02) (-3.05990424e-05,-9.28844938e-05)
1.05210421e+00 (-1.67777112e-02,-1.96634084e-02) (4.90109158e-02,-2.63680263e-02) (-2.47243048e-05,-7.47643766e-05)
1.07214429e+00 (-1.70273596e-02,-2.07783904e-02) (4.87919291e-02,-2.61850692e-02) (-1.99774533e-05,-6.01949790e-05)
1.09218437e+00 (-1.72609430e-02,-2.18338719e-02) (4.85612031e-02,-2.59994982e-02) (-1.61420669e-05,-4.84766987e-05)
1.11222445e+00 (-1.74787508e-02,-2.28316437e-02) (4.83193723e-02,-2.58114857e-02) (-1.30431870e-05,-3.90487072e-05)
1.13226453e+00 (-1.76811020e-02,-2.37734936e-02) (4.80670513e-02,-2.56212006e-02) (-1.05394007e-05,-3.14611946e-05)
1.15230461e+00 (-1.78683404e-02,-2.46612027e-02) (4.78048358e-02,-2.54288085e-02) (-8.51642568e-06,-2.53532216e-05)
1.17234469e+00 (-1.80408308e-02,-2.54965417e-02) (4.75333019e-02,-2.52344710e-02) (-6.88191512e-06,-2.04350319e-05)
1.19238477e+00 (-1.81989555e-02,-2.62812676e-02) (4.72530068e-02,-2.50383457e-02) (-5.56125401e-06,-1.64739174e-05)
1.21242485e+00 (-1.83431107e-02,-2.70171206e-02) (4.69644889e-02,-2.48405858e-02) (-4.49415788e-06,-1.32829127e-05)
1.23246493e+00 (-1.84737041e-02,-2.77058210e-02) (4.66682675e-02,-2.46413405e-02) (-3.63192260e-06,-1.07117491e-05)
1.25250501e+00 (-1.85911518e-02,-2.83490664e-02) (4.63648438e-02,-2.44407541e-02) (-2.93520085e-06,-8.63960969e-06)
1.27254509e+00 (-1.86958762e-02,-2.89485295e-02) (4.60547006e-02,-2.42389668e-02) (-2.37220494e-06,-6.96932605e-06)
1.29258517e+00 (-1.87883034e-02,-2.95058553e-02) (4.57383025e-02,-2.40361139e-02) (-1.91725452e-06,-5.62272527e-06)
1.31262525e+00 (-1.88688617e-02,-3.00226597e-02) (4.54160969e-02,-2.38323262e-02) (-1.54960300e-06,-4.53689852e-06)
1.33266533e+00 (-1.89379796e-02,-3.05005270e-02) (4.50885135e-02,-2.36277298e-02) (-1.25248949e-06,-3.66120694e-06)
1.35270541e+00 (-1.89960845e-02,-3.09410088e-02) (4.47559652e-02,-2.34224461e-02) (-1.01237281e-06,-2.95487809e-06)
1.37274549e+00 (-1.90436008e-02,-3.13456225e-02) (4.44188484e-02,-2.32165921e-02) (-8.18312722e-07,-2.38507574e-06)
1.39278557e+00 (-1.90809493e-02,-3.17158500e-02) (4.40775429e-02,-2.30102800e-02) (-6.61470153e-07,-1.92534908e-06)
1.41282565e+00 (-1.91085456e-02,-3.20531370e-02) (4.37324131e-02,-2.28036176e-02) (-5.34703401e-07,-1.55438652e-06)
1.43286573e+00 (-1.91267996e-02,-3.23588919e-02) (4.33838077e-02,-2.25967082e-02) (-4.32242013e-07,-1.25501366e-06)
1.45290581e+00 (-1.91361142e-02,-3.26344854e-02) (4.30320604e-02,-2.23896508e-02) (-3.49423339e-07,-1.01338755e-06)
1.47294589e+00 (-1.91368851e-02,-3.28812499e-02) (4.26774902e-02,-2.21825398e-02) (-2.82479732e-07,-8.18348431e-07)
1.49298597e+00 (-1.91294995e-02,-3.31004795e-02) (4.23204021e-02,-2.19754657e-02) (-2.28366635e-07,-6.60898141e-07)
1.51302605e+00 (-1.91143366e-02,-3.32934295e-02) (4.19610870e-02,-2.17685146e-02) (-1.84623725e-07,-5.33780249e-07)
1.53306613e+00 (-1.90917660e-02,-3.34613166e-02) (4.15998228e-02,-2.15617686e-02) (-1.49262726e-07,-4.31142031e-07)
1.55310621e+00 (-1.90621484e-02,-3.36053190e-02) (4.12368742e-02,-2.13553060e-02) (-1.20676786e-07,-3.48262255e-07)
1.57314629e+00 (-1.90258346e-02,-3.37265765e-02) (4.08724933e-02,-2.11492011e-02) (-9.75672598e-08,-2.81331915e-07)
1.59318637e+00 (-1.89831656e-02,-3.38261908e-02) (4.05069202e-02,-2.09435244e-02) (-7.88845551e-08,-2.27277578e-07)
1.61322645e+00 (-1.89344725e-02,-3.39052260e-02) (4.01403833e-02,-2.07383430e-02) (-6.37803429e-08,-1.83619033e-07)
1.63326653e+00 (-1.88800762e-02,-3.39647092e-02) (3.97730997e-02,-2.05337202e-02) (-5.15689410e-08,-1.48354557e-07)
1.65330661e+00 (-1.88202875e-02,-3.40056306e-02) (3.94052754e-02,-2.03297161e-02) (-4.16961127e-08,-1.19868433e-07)
1.67334669e+00 (-1.87554069e-02,-3.40289446e-02) (3.90371061e-02,-2.01263874e-02) (-3.37138552e-08,-9.68563751e-08)
1.69338677e+00 (-1.86857251e-02,-3.40355700e-02) (3.86687772e-02,-1.99237875e-02) (-2.72600260e-08,-7.82653979e-08)
1.71342685e+00 (-1.86115224e-02,-3.40263913e-02) (3.83004645e-02,-1.97219669e-02) (-2.20418795e-08,-6.32453204e-08)
1.73346693e+00 (-1.85330693e-02,-3.40022588e-02) (3.79323343e-02,-1.95209730e-02) (-1.78227618e-08,-5.11096457e-08)
1.75350701e+00 (-1.84506263e-02,-3.39639897e-02) (3.75645438e-02,-1.93208503e-02) (-1.44113586e-08,-4.13040008e-08)
1.77354709e+00 (-1.83644444e-02,-3.39123691e-02) (3.71972419e-02,-1.91216408e-02) (-1.16530044e-08,-3.33806736e-08)
1.79358717e+00 (-1.82747649e-02,-3.38481503e-02) (3.68305687e-02,-1.89233834e-02) (-9.42265935e-09,-2.69780642e-08)
1.81362725e+00 (-1.81818196e-02,-3.37720562e-02) (3.64646567e-02,-1.87261148e-02) (-7.61923202e-09,-2.18041022e-08)
1.83366733e+00 (-1.80858315e-02,-3.36847798e-02) (3.60996304e-02,-1.85298691e-02) (-6.16099096e-09,-1.76228612e-08)
1.85370741e+00 (-1.79870141e-02,-3.35869853e-02) (3.57356073e-02,-1.83346780e-02) (-4.98185580e-09,-1.42437557e-08)
1.87374749e+00 (-1.78855726e-02,-3.34793085e-02) (3.53726977e-02,-1.81405710e-02) (-4.02839915e-09,-1.15128177e-08)
1.89378758e+00 (-1.77817034e-02,-3.33623585e-02) (3.50110051e-02,-1.79475754e-02) (-3.25742298e-09,-9.30565408e-09)
1.91382766e+00 (-1.76755945e-02,-3.32367178e-02) (3.46506266e-02,-1.77557165e-02) (-2.63399947e-09,-7.52176077e-09)
1.93386774e+00 (-1.75674261e-02,-3.31029434e-02) (3.42916533e-02,-1.75650174e-02) (-2.12988739e-09,-6.07993113e-09)
1.95390782e+00 (-1.74573704e-02,-3.29615678e-02) (3.39341701e-02,-1.73754996e-02) (-1.72225163e-09,-4.91454807e-09)
1.97394790e+00 (-1.73455918e-02,-3.28130998e-02) (3.35782566e-02,-1.71871825e-02) (-1.39262806e-09,-3.97258818e-09)
1.99398798e+00 (-1.72322475e-02,-3.26580253e-02) (3.32239868e-02,-1.70000840e-02) (-1.12608668e-09,-3.21120318e-09)
2.01402806e+00 (-1.71174878e-02,-3.24968078e-02) (3.28714296e-02,-1.68142201e-02) (-9.10555072e-10,-2.59576641e-09)
2.03406814e+00 (-1.70014556e-02,-3.23298900e-02) (3.25206491e-02,-1.66296053e-02) (-7.36271376e-10,-2.09829387e-09)
2.05410822e+00 (-1.68842874e-02,-3.21576937e-02) (3.21717045e-02,-1.64462527e-02) (-5.95341973e-10,-1.69616952e-09)
2.07414830e+00 (-1.67661134e-02,-3.19806211e-02) (3.18246509e-02,-1.62641738e-02) (-4.81383896e-10,-1.37111457e-09)
2.09418838e+00 (-1.66470574e-02,-3.17990556e-02) (3.14795388e-02,-1.60833789e-02) (-3.89235713e-10,-1.10835561e-09)
2.11422846e+00 (-1.65272372e-02,-3.16133622e-02) (3.11364148e-02,-1.59038768e-02) (-3.14723708e-10,-8.95952306e-10)
2.13426854e+00 (-1.64067650e-02,-3.14238884e-02) (3.07953217e-02,-1.57256752e-02) (-2.54472849e-10,-7.24252883e-10)
2.15430862e+00 (-1.62857473e-02,-3.12309650e-02) (3.04562986e-02,-1.55487805e-02) (-2.05753982e-10,-5.85456332e-10)
2.17434870e+00 (-1.61642856e-02,-3.10349065e-02) (3.01193810e-02,-1.53731981e-02) (-1.66360215e-10,-4.73257476e-10)
2.19438878e+00 (-1.60424759e-02,-3.08360122e-02) (2.97846012e-02,-1.51989322e-02) (-1.34506947e-10,-3.82558763e-10)
2.21442886e+00 (-1.59204094e-02,-3.06345664e-02) (2.94519883e-02,-1.50259862e-02) (-1.08751081e-10,-3.09240283e-10)
2.23446894e+00 (-1.57981728e-02,-3.04308391e-02) (2.91215685e-02,-1.48543622e-02) (-8.79256676e-11,-2.49971883e-10)
2.25450902e+00 (-1.56758481e-02,-3.02250870e-02) (2.87933650e-02,-1.46840618e-02) (-7.10870453e-11,-2.02060702e-10)
2.27454910e+00 (-1.55535130e-02,-3.00175536e-02) (2.84673983e-02,-1.45150854e-02) (-5.74721655e-11,-1.63330753e-10)
2.29458918e+00 (-1.54312410e-02,-2.98084699e-02) (2.81436865e-02,-1.43474327e-02) (-4.64640189e-11,-1.32023117e-10)
2.31462926e+00 (-1.53091018e-02,-2.95980550e-02) (2.78222450e-02,-1.41811026e-02) (-3.75636305e-11,-1.06715142e-10)
2.33466934e+00 (-1.51871613e-02,-2.93865168e-02) (2.75030873e-02,-1.40160934e-02) (-3.03675170e-11,-8.62572575e-11)
2.35470942e+00 (-1.50654814e-02,-2.91740521e-02) (2.71862242e-02,-1.38524025e-02) (-2.45494326e-11,-6.97202882e-11)
2.37474950e+00 (-1.49441211e-02,-2.89608473e-02) (2.68716649e-02,-1.36900268e-02) (-1.98455789e-11,-5.63526288e-11)
2.39478958e+00 (-1.48231355e-02,-2.87470791e-02) (2.65594163e-02,-1.35289626e-02) (-1.60426612e-11,-4.55472738e-11)
2.41482966e+00 (-1.47025771e-02,-2.85329144e-02) (2.62494836e-02,-1.33692055e-02) (-1.29681821e-11,-3.68133366e-11)
2.43486974e+00 (-1.45824948e-02,-2.83185114e-02) (2.59418703e-02,-1.32107505e-02) (-1.04826352e-11,-2.97533564e-11)
2.45490982e+00 (-1.44629352e-02,-2.81040192e-02) (2.56365780e-02,-1.30535924e-02) (-8.47324531e-12,-2.40468007e-11)
2.47494990e+00 (-1.43439416e-02,-2.78895791e-02) (2.53336069e-02,-1.28977251e-02) (-6.84883798e-12,-1.94344078e-11)
2.49498998e+00 (-1.42255551e-02,-2.76753244e-02) (2.50329558e-02,-1.27431423e-02) (-5.53568712e-12,-1.57061472e-11)
2.51503006e+00 (-1.41078140e-02,-2.74613809e-02) (2.47346219e-02,-1.25898373e-02) (-4.47418139e-12,-1.26929331e-11)
2.53507014e+00 (-1.39907543e-02,-2.72478672e-02) (2.44386013e-02,-1.24378029e-02) (-3.61611538e-12,-1.02575480e-11)
2.55511022e+00 (-1.38744099e-02,-2.70348951e-02) (2.41448886e-02,-1.22870314e-02) (-2.92251469e-12,-8.28903663e-12)
2.57515030e+00 (-1.37588123e-02,-2.68225702e-02) (2.38534773e-02,-1.21375150e-02) (-2.36188065e-12,-6.69829218e-12)
2.59519038e+00 (-1.36439911e-02,-2.66109916e-02) (2.35643600e-02,-1.19892455e-02) (-1.90874179e-12,-5.41263000e-12)
2.61523046e+00 (-1.35299739e-02,-2.64002527e-02) (2.32775280e-02,-1.18422142e-02) (-1.54248219e-12,-4.37358941e-12)
2.63527054e+00 (-1.34167863e-02,-2.61904414e-02) (2.29929717e-02,-1.16964124e-02) (-1.24644904e-12,-3.53389592e-12)
2.65531062e+00 (-1.33044523e-02,-2.59816400e-02) (2.27106808e-02,-1.15518309e-02) (-1.00718418e-12,-2.85524005e-12)
2.67535070e+00 (-1.31929942e-02,-2.57739261e-02) (2.24306437e-02,-1.14084603e-02) (-8.13817681e-13,-2.30685028e-12)
2.69539078e+00 (-1.30824327e-02,-2.55673723e-02) (2.21528483e-02,-1.12662911e-02) (-6.57555884e-13,-1.86378572e-12)
2.71543086e+00 (-1.29727868e-02,-2.53620467e-02) (2.18772817e-02,-1.11253135e-02) (-5.31279567e-13,-1.50572089e-12)
2.73547094e+00 (-1.28640743e-02,-2.51580131e-02) (2.16039302e-02,-1.09855174e-02) (-4.29234137e-13,-1.21642059e-12)
2.75551102e+00 (-1.27563116e-02,-2.49553311e-02) (2.13327796e-02,-1.08468926e-02) (-3.46775917e-13,-9.82658713e-13)
2.77555110e+00 (-1.26495137e-02,-2.47540565e-02) (2.10638149e-02,-1.07094289e-02) (-2.80149672e-13,-7.93791499e-13)
2.79559118e+00 (-1.25436944e-02,-2.45542412e-02) (2.07970205e-02,-1.05731156e-02) (-2.26305088e-13,-6.41241178e-13)
2.81563126e+00 (-1.24388664e-02,-2.43559339e-02) (2.05323804e-02,-1.04379421e-02) (-1.82796348e-13,-5.17816521e-13)
2.83567134e+00 (-1.23350412e-02,-2.41591797e-02) (2.02698780e-02,-1.03038976e-02) (-1.47644795e-13,-4.18282782e-13)
2.85571142e+00 (-1.22322294e-02,-2.39640206e-02) (2.00094963e-02,-1.01709713e-02) (-1.19252580e-13,-3.37805399e-13)
2.87575150e+00 (-1.21304404e-02,-2.37704956e-02) (1.97512178e-02,-1.00391520e-02) (-9.63189206e-14,-2.72791711e-13)
2.89579158e+00 (-1.20296828e-02,-2.35786410e-02) (1.94950247e-02,-9.90842866e-03) (-7.77909591e-14,-2.20386083e-13)
2.91583166e+00 (-1.19299645e-02,-2.33884900e-02) (1.92408986e-02,-9.77879011e-03) (-6.28144896e-14,-1.77887856e-13)
2.93587174e+00 (-1.18312921e-02,-2.32000738e-02) (1.89888209e-02,-9.65022502e-03) (-5.07141947e-14,-1.43589019e-13)
2.95591182e+00 (-1.17336719e-02,-2.30134207e-02) (1.87387727e-02,-9.52272206e-03) (-4.09509658e-14,-1.15982994e-13)
2.97595190e+00 (-1.16371091e-02,-2.28285571e-02) (1.84907348e-02,-9.39626980e-03) (-3.30694169e-14,-9.36371029e-14)
2.99599198e+00 (-1.15416084e-02,-2.26455069e-02) (1.82446877e-02,-9.27085677e-03) (-2.67055695e-14,-7.56051477e-14)
3.01603206e+00 (-1.14471738e-02,-2.24642921e-02) (1.80006116e-02,-9.14647146e-03) (-2.15622562e-14,-6.10909983e-14)
3.03607214e+00 (-1.13538085e-02,-2.22849328e-02) (1.77584866e-02,-9.02310231e-03) (-1.74034271e-14,-4.92464774e-14)
3.05611222e+00 (-1.12615155e-02,-2.21074473e-02) (1.75182924e-02,-8.90073773e-03) (-1.40471467e-14,-3.97568124e-14)
3.07615230e+00 (-1.11702969e-02,-2.19318521e-02) (1.72800088e-02,-8.77936610e-03) (-1.13427136e-14,-3.21333846e-14)
3.09619238e+00 (-1.10801544e-02,-2.17581620e-02) (1.70436151e-02,-8.65897579e-03) (-9.15754739e-15,-2.59105241e-14)
3.11623246e+00 (-1.09910892e-02,-2.15863904e-02) (1.68090907e-02,-8.53955515e-03) (-7.38798920e-15,-2.09289060e-14)
3.13627255e+00 (-1.09031020e-02,-2.14165491e-02) (1.65764147e-02,-8.42109250e-03) (-5.95546014e-15,-1.68578638e-14)
3.15631263e+00 (-1.08161932e-02,-2.12486488e-02) (1.63455661e-02,-8.30357619e-03) (-4.79515450e-15,-1.35631007e-14)
3.17635271e+00 (-1.07303627e-02,-2.10826985e-02) (1.61165241e-02,-8.18699453e-03) (-3.86343816e-15,-1.09217301e-14)
3.19639279e+00 (-1.06456100e-02,-2.09187064e-02) (1.58892673e-02,-8.07133587e-03) (-3.12642802e-15,-8.81982727e-15)
3.21643287e+00 (-1.05619344e-02,-2.07566793e-02) (1.56637745e-02,-7.95658854e-03) (-2.53286699e-15,-7.22575034e-15)
3.23647295e+00 (-1.04793346e-02,-2.05966231e-02) (1.54400245e-02,-7.84274090e-03) (-2.04290766e-15,-5.77211106e-15)
3.25651303e+00 (-1.03978093e-02,-2.04385424e-02) (1.52179959e-02,-7.72978130e-03) (-1.64156089e-15,-4.62122073e-15)
3.27655311e+00 (-1.03173567e-02,-2.02824412e-02) (1.49976673e-02,-7.61769813e-03) (-1.32429680e-15,-3.76373076e-15)
3.29659319e+00 (-1.02379748e-02,-2.01283224e-02) (1.47790172e-02,-7.50647979e-03) (-1.07173643e-15,-3.02120990e-15)
3.31663327e+00 (-1.01596614e-02,-1.99761881e-02) (1.45620242e-02,-7.39611471e-03) (-8.61182859e-16,-2.46332149e-15)
3.33667335e+00 (-1.00824140e-02,-1.98260397e-02) (1.43466668e-02,-7.28659133e-03) (-6.90058631e-16,-1.92673218e-15)
3.35671343e+00 (-1.00062299e-02,-1.96778778e-02) (1.41329236e-02,-7.17789813e-03) (-5.56062596e-16,-1.56664922e-15)
3.37675351e+00 (-9.93110623e-03,-1.95317022e-02) (1.39207729e-02,-7.07002363e-03) (-4.53895729e-16,-1.29888753e-15)
3.39679359e+00 (-9.85703994e-03,-1.93875124e-02) (1.37101933e-02,-6.96295636e-03) (-3.71237836e-16,-1.04082913e-15)
3.41683367e+00 (-9.78402780e-03,-1.92453069e-02) (1.35011634e-02,-6.85668489e-03) (-3.02543763e-16,-8.66283250e-16)
3.43687375e+00 (-9.71206644e-03,-1.91050839e-02) (1.32936616e-02,-6.75119784e-03) (-2.43400783e-16,-6.98340374e-16)
3.45691383e+00 (-9.64115234e-03,-1.89668411e-02) (1.30876666e-02,-6.64648385e-03) (-1.86859284e-16,-5.33931036e-16)
3.47695391e+00 (-9.57128187e-03,-1.88305755e-02) (1.28831569e-02,-6.54253161e-03) (-1.39618672e-16,-3.75339673e-16)
3.49699399e+00 (-9.50245128e-03,-1.86962840e-02) (1.26801111e-02,-6.43932985e-03) (-1.11461393e-16,-2.95435628e-16)
3.51703407e+00 (-9.43465671e-03,-1.85639627e-02) (1.24785078e-02,-6.33686734e-03) (-1.01295924e-16,-2.91215755e-16)
3.53707415e+00 (-9.36789421e-03,-1.84336077e-02) (1.22783259e-02,-6.23513288e-03) (-9.20792178e-17,-2.86429778e-16)
3.55711423e+00 (-9.30215975e-03,-1.83052143e-02) (1.20795440e-02,-6.13411532e-03) (-7.34379839e-17,-2.12144936e-16)
3.57715431e+00 (-9.23744925e-03,-1.81787780e-02) (1.18821409e-02,-6.03380357e-03) (-4.88298244e-17,-1.37927668e-16)
3.59719439e+00 (-9.17375853e-03,-1.80542937e-02) (1.16860955e-02,-5.93418656e-03) (-3.15786730e-17,-6.77107412e-17)
3.61723447e+00 (-9.11108338e-03,-1.79317559e-02) (1.14913866e-02,-5.83525328e-03) (-3.00929441e-17,-6.78169457e-17)
3.63727455e+00 (-9.04941953e-03,-1.78111593e-02) (1.12979933e-02,-5.73699277e-03) (-3.18736022e-17,-1.30706130e-16)
3.65731463e+00 (-8.98876269e-03,-1.76924979e-02) (1.11058946e-02,-5.63939410e-03) (-2.27580199e-17,-6.48404890e-17)
3.67735471e+00 (-8.92910852e-03,-1.75757658e-02) (1.09150695e-02,-5.54244640e-03) (-1.35258372e-17,-1.04394100e-18)
3.69739479e+00 (-8.87045267e-03,-1.74609569e-02) (1.07254973e-02,-5.44613885e-03) (-1.52026328e-17,-6.16903488e-17)
3.71743487e+00 (-8.81279076e-03,-1.73480649e-02) (1.05371570e-02,-5.35046065e-03) (-1.47873177e-17,-6.12656683e-17)
3.73747495e+00 (-8.75611841e-03,-1.72370832e-02) (1.03500281e-02,-5.25540109e-03) (-6.31497737e-18,-7.46342443e-19)
3.75751503e+00 (-8.70043124e-03,-1.71280053e-02) (1.01640899e-02,-5.16094947e-03) (-6.43512277e-19,1.13705259e-18)
3.77755511e+00 (-8.64572484e-03,-1.70208245e-02) (9.97932181e-03,-5.06709516e-03) (-5.85825187e-18,-7.00464920e-19)
3.79759519e+00 (-8.59199483e-03,-1.69155340e-02) (9.79570333e-03,-4.97382757e-03) (-1.35934205e-17,-5.69540220e-17)
3.81763527e+00 (-8.53923685e-03,-1.68121270e-02) (9.61321406e-03,-4.88113616e-03) (-1.35536123e-17,-5.59356094e-17)
3.83767535e+00 (-8.48744654e-03,-1.67105966e-02) (9.43183365e-03,-4.78901042e-03) (-5.80508668e-18,-7.26552325e-19)
3.85771543e+00 (-8.43661955e-03,-1.66109358e-02) (9.25154183e-03,-4.69743992e-03) (-3.03379436e-19,5.38903850e-19)
3.87775551e+00 (-8.38675157e-03,-1.65131376e-02) (9.07231840e-03,-4.60641425e-03) (4.09941518e-20,5.36502120e-20)
3.89779559e+00 (-8.33783831e-03,-1.64171949e-02) (8.89414326e-03,-4.51592305e-03) (7.36373653e-21,-1.80793820e-21)
3.91783567e+00 (-8.28987552e-03,-1.63231008e-02) (8.71699635e-03,-4.42595602e-03) (1.60440776e-22,-8.16513779e-22)
3.93787575e+00 (-8.24285898e-03,-1.62308483e-02) (8.54085771e-03,-4.33650290e-03) (-8.95931046e-23,-6.49857321e-23)
3.95791583e+00 (-8.19678451e-03,-1.61404302e-02) (8.36570745e-03,-4.24755347e-03) (4.18735514e-24,9.50325039e-24)
3.97795591e+00 (-8.15164796e-03,-1.60518396e-02) (8.19152575e-03,-4.15909755e-03) (2.11592759e-24,8.69077406e-24)
3.99799599e+00 (-8.10744524e-03,-1.59650695e-02) (8.01829288e-03,-4.07112501e-03) (1.19862824e-24,-4.20767212e-24)
4.01803607e+00 (-8.06417231e-03,-1.58801131e-02) (7.84598918e-03,-3.98362578e-03) (6.43203403e-24,2.59681750e-24)
4.03807615e+00 (-8.02182517e-03,-1.57969632e-02) (7.67459504e-03,-3.89658982e-03) (1.63230773e-24,2.93007916e-24)
4.05811623e+00 (-7.98039986e-03,-1.57156132e-02) (7.50409097e-03,-3.81000712e-03) (3.57619355e-24,1.20426605e-24)
4.07815631e+00 (-7.93989251e-03,-1.56360563e-02) (7.33445752e-03,-3.72386774e-03) (-3.15927141e-25,7.95443933e-26)
4.09819639e+00 (-7.90029927e-03,-1.55582857e-02) (7.16567533e-03,-3.63816175e-03) (3.75420402e-24,-3.90849529e-25)
4.11823647e+00 (-7.86161639e-03,-1.54822948e-02) (6.99772509e-03,-3.55287930e-03) (5.40453004e-26,2.27802399e-24)
4.13827655e+00 (-7.82384013e-03,-1.54080770e-02) (6.83058758e-03,-3.46801054e-03) (1.44783092e-24,-2.84465762e-24)
4.15831663e+00 (-7.78696686e-03,-1.53356259e-02) (6.66424366e-03,-3.38354568e-03) (2.07920624e-24,2.03741236e-24)
4.17835671e+00 (-7.75099300e-03,-1.52649350e-02) (6.49867424e-03,-3.29947498e-03) (-6.31591487e-25,-1.50035305e-24)
4.19839679e+00 (-7.71591502e-03,-1.51959981e-02) (6.33386030e-03,-3.21578872e-03) (3.00854598e-24,-9.82305247e-26)
4.21843687e+00 (-7.68172948e-03,-1.51288089e-02) (6.16978290e-03,-3.13247722e-03) (-7.05174789e-25,-2.51698678e-25)
4.23847695e+00 (-7.64843299e-03,-1.50633615e-02) (6.00642315e-03,-3.04953085e-03) (1.67541605e-24,-1.65737471e-24)
4.25851703e+00 (-7.61602226e-03,-1.49996497e-02) (5.84376225e-03,-2.96694000e-03) (3.97437120e-25,4.85780846e-25)
4.27855711e+00 (-7.58449404e-03,-1.49376678e-02) (5.68178143e-03,-2.88469510e-03) (2.65408892e-25,-1.61300363e-24)
4.29859719e+00 (-7.55384518e-03,-1.48774100e-02) (5.52046202e-03,-2.80278662e-03) (8.18403844e-25,-8.12873458e-25)
4.31863727e+00 (-7.52407259e-03,-1.48188707e-02) (5.35978538e-03,-2.72120506e-03) (3.18901749e-26,-3.30251394e-25)
4.33867735e+00 (-7.49517325e-03,-1.47620444e-02) (5.19973296e-03,-2.63994096e-03) (-3.63909924e-25,-8.85260281e-25)
4.35871743e+00 (-7.46714424e-03,-1.47069257e-02) (5.04028623e-03,-2.55898488e-03) (1.15303452e-24,-1.21980989e-24)
4.37875752e+00 (-7.43998269e-03,-1.46535093e-02) (4.88142675e-03,-2.47832742e-03) (-5.11140749e-25,5.24399955e-25)
4.39879760e+00 (-7.41368583e-03,-1.46017903e-02) (4.72313613e-03,-2.39795920e-03) (-6.72232520e-25,-1.95739809e-24)
4.41883768e+00 (-7.38825096e-03,-1.45517635e-02) (4.56539602e-03,-2.31787089e-03) (1.66345351e-24,3.12872385e-25)
4.43887776e+00 (-7.36367547e-03,-1.45034242e-02) (4.40818814e-03,-2.23805317e-03) (-1.62629800e-24,-1.21094101e-25)
4.45891784e+00 (-7.33995681e-03,-1.44567676e-02) (4.25149425e-03,-2.15849675e-03) (7.18609880e-25,-1.77387906e-24)
4.47895792e+00 (-7.31709254e-03,-1.44117893e-02) (4.09529617e-03,-2.07919238e-03) (5.06874000e-25,1.02827389e-24)
4.49899800e+00 (-7.29508028e-03,-1.43684849e-02) (3.93957577e-03,-2.00013082e-03) (-9.47937687e-25,-1.03356176e-24)
4.51903808e+00 (-7.27391775e-03,-1.43268501e-02) (3.78431494e-03,-1.92130287e-03) (6.79551034e-25,-7.61215512e-25)
4.53907816e+00 (-7.25360273e-03,-1.42868807e-02) (3.62949564e-03,-1.84269933e-03) (8.88165648e-26,5.64372955e-25)
4.55911824e+00 (-7.23413312e-03,-1.42485730e-02) (3.47509988e-03,-1.76431106e-03) (-2.17362228e-25,-8.58743909e-25)
4.57915832e+00 (-7.21550687e-03,-1.42119230e-02) (3.32110970e-03,-1.68612892e-03) (4.83205649e-25,-6.63649926e-25)
4.59919840e+00 (-7.19772203e-03,-1.41769271e-02) (3.16750716e-03,-1.60814378e-03) (-3.52642855e-25,2.08314650e-25)
4.61923848e+00 (-7.18077674e-03,-1.41435819e-02) (3.01427440e-03,-1.53034656e-03) (3.01574600e-25,-7.03242049e-25)
4.63927856e+00 (-7.16466923e-03,-1.41118841e-02) (2.86139357e-03,-1.45272817e-03) (2.81993396e-25,-1.72949164e-25)
4.65931864e+00 (-7.14939779e-03,-1.40818305e-02) (2.70884685e-03,-1.37527957e-03) (-9.92181654e-25,-7.30324416e-25)
4.67935872e+00 (-7.13496083e-03,-1.40534180e-02) (2.55661647e-03,-1.29799171e-03) (1.12084742e-24,3.56064506e-25)
4.69939880e+00 (-7.12135683e-03,-1.40266439e-02) (2.40468469e-03,-1.22085557e-03) (-2.24953924e-25,-2.01832413e-25)
4.71943888e+00 (-7.10858437e-03,-1.40015056e-02) (2.25303380e-03,-1.14386214e-03) (-5.71636115e-25,-1.76580182e-24)
4.73947896e+00 (-7.09664209e-03,-1.39780004e-02) (2.10164610e-03,-1.06700244e-03) (7.44846270e-25,1.54716082e-24)
4.75951904e+00 (-7.08552875e-03,-1.39561261e-02) (1.95050393e-03,-9.90267481e-04) (-5.30939858e-25,-8.65688737e-25)
4.77955912e+00 (-7.07524319e-03,-1.39358805e-02) (1.79958966e-03,-9.13648307e-04) (2.07072830e-25,-1.48843571e-24)
4.79959920e+00 (-7.06578433e-03,-1.39172616e-02) (1.64888567e-03,-8.37135965e-04) (8.18684672e-26,1.67189895e-24)
4.81963928e+00 (-7.05715119e-03,-1.39002676e-02) (1.49837438e-03,-7.60721512e-04) (-3.62156730e-25,-1.32539405e-24)
4.83967936e+00 (-7.04934287e-03,-1.38848968e-02) (1.34803820e-03,-6.84396019e-04) (3.82783101e-25,-5.71295800e-25)
4.85971944e+00 (-7.04235857e-03,-1.38711477e-02) (1.19785958e-03,-6.08150564e-04) (-7.83344896e-26,9.55051065e-25)
4.87975952e+00 (-7.03619757e-03,-1.38590190e-02) (1.04782098e-03,-5.31976235e-04) (-8.31189377e-26,-1.25201081e-24)
4.89979960e+00 (-7.03085925e-03,-1.38485095e-02) (8.97904860e-04,-4.55864124e-04) (1.36120716e-25,9.21621646e-26)
4.91983968e+00 (-7.02634308e-03,-1.38396184e-02) (7.48093715e-04,-3.79805333e-04) (2.15363121e-25,1.04770929e-25)
4.93987976e+00 (-7.02264861e-03,-1.38323448e-02) (5.98370033e-04,-3.03790967e-04) (-1.39269778e-25,-6.89963556e-25)
4.95991984e+00 (-7.01977550e-03,-1.38266880e-02) (4.48716313e-04,-2.27812137e-04) (-1.87568572e-25,2.94919002e-25)
4.97995992e+00 (-7.01772347e-03,-1.38226478e-02) (2.99115061e-04,-1.51859955e-04) (6.65261191e-25,-4.02193174e-25)
5.00000000e+00 (-7.01608193e-03,-1.38194156e-02) (1.49548786e-04,-7.59255365e-05) (-1.03546695e-25,-9.04277602e-26)
