1.06 	 800
Z	 ux	 uz 	 rho
-5.00000000e+00 (-8.48223132e-04,1.13578286e-03) (1.50679581e-05,1.12530229e-05) (-5.43441584e-12,-1.11966211e-12)
-4.98748436e+00 (-8.48521627e-04,1.13618249e-03) (3.01385667e-05,2.25080257e-05) (-5.69959312e-12,1.01519853e-12)
-4.97496871e+00 (-8.48894778e-04,1.13668206e-03) (4.52144771e-05,3.37669885e-05) (-5.28847285e-12,2.73444934e-12)
-4.96245307e+00 (-8.49417278e-04,1.13738157e-03) (6.02983410e-05,4.50318922e-05) (-6.08535677e-12,6.16984682e-12)
-4.94993742e+00 (-8.50089215e-04,1.13828114e-03) (7.53928116e-05,5.63047185e-05) (-4.64379936e-12,7.67436830e-12)
-4.93742178e+00 (-8.50910706e-04,1.13938093e-03) (9.05005440e-05,6.75874508e-05) (-1.09946725e-12,6.25430494e-12)
-4.92490613e+00 (-8.51881890e-04,1.14068111e-03) (1.05624195e-04,7.88820739e-05) (4.48751141e-13,3.89724959e-12)
-4.91239049e+00 (-8.53002936e-04,1.14218192e-03) (1.20766426e-04,9.01905748e-05) (2.74589049e-12,1.36811869e-12)
-4.89987484e+00 (-8.54274038e-04,1.14388360e-03) (1.35929898e-04,1.01514943e-04) (3.77548760e-12,-1.53164289e-12)
-4.88735920e+00 (-8.55695415e-04,1.14578646e-03) (1.51117280e-04,1.12857170e-04) (1.83701966e-12,-2.42225434e-12)
-4.87484355e+00 (-8.57267315e-04,1.14789081e-03) (1.66331241e-04,1.24219252e-04) (7.26590388e-13,-4.26755998e-12)
-4.86232791e+00 (-8.58990009e-04,1.15019702e-03) (1.81574458e-04,1.35603186e-04) (1.26453065e-12,-3.83024823e-12)
-4.84981227e+00 (-8.60863797e-04,1.15270550e-03) (1.96849610e-04,1.47010977e-04) (6.70242854e-13,-6.36061139e-12)
-4.83729662e+00 (-8.62889005e-04,1.15541666e-03) (2.12159385e-04,1.58444629e-04) (-1.34622892e-12,-2.22828212e-12)
-4.82478098e+00 (-8.65065984e-04,1.15833099e-03) (2.27506473e-04,1.69906154e-04) (1.26204234e-12,-4.10252154e-12)
-4.81226533e+00 (-8.67395114e-04,1.16144899e-03) (2.42893574e-04,1.81397569e-04) (-2.32449340e-12,-5.28564333e-13)
-4.79974969e+00 (-8.69876799e-04,1.16477118e-03) (2.58323392e-04,1.92920893e-04) (7.53546220e-13,-6.35044030e-12)
-4.78723404e+00 (-8.72511470e-04,1.16829816e-03) (2.73798641e-04,2.04478155e-04) (-2.08511474e-12,-3.22699112e-12)
-4.77471840e+00 (-8.75299587e-04,1.17203052e-03) (2.89322042e-04,2.16071385e-04) (-4.94986846e-12,-8.89679576e-12)
-4.76220275e+00 (-8.78241635e-04,1.17596893e-03) (3.04896322e-04,2.27702624e-04) (-3.52775573e-12,-4.75966614e-12)
-4.74968711e+00 (-8.81338125e-04,1.18011405e-03) (3.20524221e-04,2.39373917e-04) (-6.45124009e-12,-8.62250999e-12)
-4.73717146e+00 (-8.84589598e-04,1.18446660e-03) (3.36208485e-04,2.51087315e-04) (-7.33746135e-12,-3.45371613e-12)
-4.72465582e+00 (-8.87996620e-04,1.18902735e-03) (3.51951870e-04,2.62844880e-04) (-9.54362227e-12,-5.91682390e-12)
-4.71214018e+00 (-8.91559783e-04,1.19379708e-03) (3.67757145e-04,2.74648677e-04) (-9.60227504e-12,-1.90600408e-13)
-4.69962453e+00 (-8.95279708e-04,1.19877661e-03) (3.83627087e-04,2.86500784e-04) (-7.91298478e-12,-4.86135158e-13)
-4.68710889e+00 (-8.99157042e-04,1.20396682e-03) (3.99564485e-04,2.98403283e-04) (-9.80736679e-12,3.30060039e-12)
-4.67459324e+00 (-9.03192462e-04,1.20936859e-03) (4.15572139e-04,3.10358267e-04) (-9.55594702e-12,1.99700629e-12)
-4.66207760e+00 (-9.07386670e-04,1.21498287e-03) (4.31652863e-04,3.22367839e-04) (-6.14243671e-12,5.35397751e-12)
-4.64956195e+00 (-9.11740397e-04,1.22081063e-03) (4.47809482e-04,3.34434109e-04) (-3.15232103e-12,6.09827719e-12)
-4.63704631e+00 (-9.16254400e-04,1.22685288e-03) (4.64044835e-04,3.46559199e-04) (-9.06534850e-13,5.40915477e-12)
-4.62453066e+00 (-9.20929466e-04,1.23311067e-03) (4.80361773e-04,3.58745239e-04) (3.08071815e-12,6.64859293e-12)
-4.61201502e+00 (-9.25766409e-04,1.23958507e-03) (4.96763165e-04,3.70994373e-04) (3.99860127e-12,1.52339210e-12)
-4.59949937e+00 (-9.30766072e-04,1.24627722e-03) (5.13251891e-04,3.83308754e-04) (5.50339586e-12,2.00306585e-12)
-4.58698373e+00 (-9.35929324e-04,1.25318827e-03) (5.29830846e-04,3.95690545e-04) (5.62386077e-12,-4.17392718e-12)
-4.57446809e+00 (-9.41257066e-04,1.26031942e-03) (5.46502944e-04,4.08141922e-04) (2.73831711e-12,-2.62263001e-12)
-4.56195244e+00 (-9.46750223e-04,1.26767190e-03) (5.63271111e-04,4.20665075e-04) (7.80418378e-13,-8.00028387e-12)
-4.54943680e+00 (-9.52409753e-04,1.27524699e-03) (5.80138293e-04,4.33262203e-04) (-3.40511314e-12,-4.67164002e-12)
-4.53692115e+00 (-9.58236641e-04,1.28304600e-03) (5.97107452e-04,4.45935521e-04) (-3.61748382e-12,-2.90144770e-12)
-4.52440551e+00 (-9.64231900e-04,1.29107027e-03) (6.14181566e-04,4.58687256e-04) (-8.73511245e-13,5.06049503e-13)
-4.51188986e+00 (-9.70396575e-04,1.29932121e-03) (6.31363634e-04,4.71519647e-04) (-7.96692032e-13,-4.90301429e-13)
-4.49937422e+00 (-9.76731737e-04,1.30780022e-03) (6.48656672e-04,4.84434950e-04) (6.25692448e-13,5.10371842e-13)
-4.48685857e+00 (-9.83238490e-04,1.31650880e-03) (6.66063715e-04,4.97435433e-04) (-5.35670728e-15,-2.63008665e-12)
-4.47434293e+00 (-9.89917964e-04,1.32544843e-03) (6.83587819e-04,5.10523380e-04) (2.58289263e-13,-1.58440107e-12)
-4.46182728e+00 (-9.96771321e-04,1.33462066e-03) (7.01232059e-04,5.23701091e-04) (-2.55964207e-12,-5.14470967e-12)
-4.44931164e+00 (-1.00379975e-03,1.34402709e-03) (7.18999531e-04,5.36970880e-04) (-4.63553099e-12,-1.60363961e-12)
-4.43679599e+00 (-1.01100448e-03,1.35366934e-03) (7.36893353e-04,5.50335077e-04) (-8.46081891e-12,-2.35120632e-12)
-4.42428035e+00 (-1.01838676e-03,1.36354906e-03) (7.54916665e-04,5.63796030e-04) (-8.17118720e-12,3.95378405e-12)
-4.41176471e+00 (-1.02594787e-03,1.37366798e-03) (7.73072628e-04,5.77356102e-04) (-7.29356264e-12,5.38048493e-12)
-4.39924906e+00 (-1.03368913e-03,1.38402784e-03) (7.91364426e-04,5.91017676e-04) (3.10666533e-13,8.40600125e-12)
-4.38673342e+00 (-1.04161188e-03,1.39463042e-03) (8.09795269e-04,6.04783148e-04) (2.83595691e-13,5.06914507e-12)
-4.37421777e+00 (-1.04971750e-03,1.40547756e-03) (8.28368387e-04,6.18654937e-04) (5.23393818e-12,2.91725152e-12)
-4.36170213e+00 (-1.05800739e-03,1.41657112e-03) (8.47087039e-04,6.32635477e-04) (3.65869708e-12,-2.06593559e-12)
-4.34918648e+00 (-1.06648300e-03,1.42791304e-03) (8.65954505e-04,6.46727223e-04) (5.18737868e-12,-4.54647540e-12)
-4.33667084e+00 (-1.07514580e-03,1.43950524e-03) (8.84974093e-04,6.60932648e-04) (2.03345967e-12,-8.63962048e-12)
-4.32415519e+00 (-1.08399728e-03,1.45134975e-03) (9.04149137e-04,6.75254246e-04) (7.53440369e-13,-6.56490232e-12)
-4.31163955e+00 (-1.09303899e-03,1.46344859e-03) (9.23482997e-04,6.89694529e-04) (-1.20575351e-12,-8.04704035e-12)
-4.29912390e+00 (-1.10227249e-03,1.47580385e-03) (9.42979062e-04,7.04256031e-04) (-3.11641867e-12,-2.80818519e-12)
-4.28660826e+00 (-1.11169938e-03,1.48841766e-03) (9.62640747e-04,7.18941308e-04) (-1.06182013e-12,-1.74071792e-12)
-4.27409262e+00 (-1.12132131e-03,1.50129220e-03) (9.82471496e-04,7.33752936e-04) (-1.71741736e-12,1.31279193e-12)
-4.26157697e+00 (-1.13113993e-03,1.51442966e-03) (1.00247478e-03,7.48693513e-04) (5.96404504e-12,4.68015037e-13)
-4.24906133e+00 (-1.14115695e-03,1.52783232e-03) (1.02265411e-03,7.63765660e-04) (3.71037899e-12,6.98466247e-13)
-4.23654568e+00 (-1.15137410e-03,1.54150248e-03) (1.04301301e-03,7.78972020e-04) (8.94390646e-12,1.30720217e-12)
-4.22403004e+00 (-1.16179316e-03,1.55544249e-03) (1.06355505e-03,7.94315261e-04) (1.01471745e-11,7.34400294e-13)
-4.21151439e+00 (-1.17241592e-03,1.56965473e-03) (1.08428383e-03,8.09798072e-04) (1.14344950e-11,-3.98134670e-13)
-4.19899875e+00 (-1.18324422e-03,1.58414166e-03) (1.10520296e-03,8.25423167e-04) (9.34486450e-12,-2.88912416e-12)
-4.18648310e+00 (-1.19427994e-03,1.59890575e-03) (1.12631612e-03,8.41193287e-04) (9.46654502e-12,-8.10431319e-12)
-4.17396746e+00 (-1.20552498e-03,1.61394953e-03) (1.14762699e-03,8.57111196e-04) (2.36438236e-12,-5.27087679e-12)
-4.16145181e+00 (-1.21698130e-03,1.62927560e-03) (1.16913931e-03,8.73179682e-04) (5.72088916e-12,-4.74261068e-12)
-4.14893617e+00 (-1.22865086e-03,1.64488656e-03) (1.19085684e-03,8.89401563e-04) (-1.57969359e-12,6.55332946e-14)
-4.13642053e+00 (-1.24053569e-03,1.66078510e-03) (1.21278336e-03,9.05779680e-04) (-1.50365750e-14,2.01198448e-12)
-4.12390488e+00 (-1.25263783e-03,1.67697392e-03) (1.23492272e-03,9.22316903e-04) (-8.51905979e-13,5.84375627e-12)
-4.11138924e+00 (-1.26495938e-03,1.69345581e-03) (1.25727879e-03,9.39016128e-04) (4.40431850e-12,4.97969494e-12)
-4.09887359e+00 (-1.27750246e-03,1.71023358e-03) (1.27985547e-03,9.55880281e-04) (1.93981213e-12,1.01254682e-11)
-4.08635795e+00 (-1.29026924e-03,1.72731009e-03) (1.30265670e-03,9.72912314e-04) (9.80621207e-12,4.78521309e-12)
-4.07384230e+00 (-1.30326191e-03,1.74468826e-03) (1.32568647e-03,9.90115209e-04) (2.77165109e-12,3.19895593e-12)
-4.06132666e+00 (-1.31648271e-03,1.76237105e-03) (1.34894881e-03,1.00749198e-03) (9.27005046e-12,7.51672777e-13)
-4.04881101e+00 (-1.32993393e-03,1.78036148e-03) (1.37244776e-03,1.02504566e-03) (1.84845070e-12,-1.39430919e-12)
-4.03629537e+00 (-1.34361787e-03,1.79866260e-03) (1.39618743e-03,1.04277934e-03) (5.23674971e-12,4.80251336e-13)
-4.02377972e+00 (-1.35753689e-03,1.81727754e-03) (1.42017197e-03,1.06069610e-03) (1.26251168e-12,3.07681161e-12)
-4.01126408e+00 (-1.37169338e-03,1.83620946e-03) (1.44440556e-03,1.07879909e-03) (4.59504049e-12,1.43631073e-12)
-3.99874844e+00 (-1.38608979e-03,1.85546157e-03) (1.46889242e-03,1.09709147e-03) (1.37349800e-12,2.07988799e-12)
-3.98623279e+00 (-1.40072857e-03,1.87503715e-03) (1.49363683e-03,1.11557644e-03) (8.24928462e-12,1.21410007e-12)
-3.97371715e+00 (-1.41561225e-03,1.89493952e-03) (1.51864310e-03,1.13425723e-03) (4.71857171e-12,-3.21486617e-12)
-3.96120150e+00 (-1.43074338e-03,1.91517205e-03) (1.54391558e-03,1.15313712e-03) (7.40740988e-12,-1.46470437e-12)
-3.94868586e+00 (-1.44612455e-03,1.93573817e-03) (1.56945868e-03,1.17221939e-03) (5.36158277e-12,-7.65654022e-12)
-3.93617021e+00 (-1.46175839e-03,1.95664136e-03) (1.59527684e-03,1.19150738e-03) (1.15672186e-12,-4.82705650e-12)
-3.92365457e+00 (-1.47764760e-03,1.97788515e-03) (1.62137457e-03,1.21100446e-03) (2.56462660e-12,-6.08113374e-12)
-3.91113892e+00 (-1.49379489e-03,1.99947313e-03) (1.64775640e-03,1.23071405e-03) (-5.85935460e-12,-8.29152948e-12)
-3.89862328e+00 (-1.51020301e-03,2.02140895e-03) (1.67442692e-03,1.25063957e-03) (-4.04233904e-12,-6.93661107e-13)
-3.88610763e+00 (-1.52687478e-03,2.04369630e-03) (1.70139078e-03,1.27078452e-03) (-5.18717209e-12,-1.31187526e-12)
-3.87359199e+00 (-1.54381305e-03,2.06633894e-03) (1.72865265e-03,1.29115240e-03) (-7.62123044e-12,7.27029422e-12)
-3.86107635e+00 (-1.56102070e-03,2.08934068e-03) (1.75621729e-03,1.31174677e-03) (-8.63021273e-13,5.69441428e-12)
-3.84856070e+00 (-1.57850068e-03,2.11270537e-03) (1.78408948e-03,1.33257122e-03) (-2.92749001e-12,7.89817172e-12)
-3.83604506e+00 (-1.59625595e-03,2.13643696e-03) (1.81227405e-03,1.35362939e-03) (3.62273470e-12,9.96871281e-12)
-3.82352941e+00 (-1.61428956e-03,2.16053941e-03) (1.84077592e-03,1.37492494e-03) (5.82794935e-12,5.69120262e-12)
-3.81101377e+00 (-1.63260456e-03,2.18501676e-03) (1.86960001e-03,1.39646160e-03) (7.26556517e-12,6.72565429e-12)
-3.79849812e+00 (-1.65120408e-03,2.20987312e-03) (1.89875133e-03,1.41824311e-03) (8.91992552e-12,2.35246495e-12)
-3.78598248e+00 (-1.67009127e-03,2.23511262e-03) (1.92823494e-03,1.44027327e-03) (5.30246902e-12,-3.28419212e-12)
-3.77346683e+00 (-1.68926934e-03,2.26073949e-03) (1.95805594e-03,1.46255592e-03) (3.57735337e-12,-3.19369572e-12)
-3.76095119e+00 (-1.70874155e-03,2.28675800e-03) (1.98821951e-03,1.48509494e-03) (-2.34376531e-12,-3.93534924e-12)
-3.74843554e+00 (-1.72851120e-03,2.31317248e-03) (2.01873087e-03,1.50789425e-03) (-6.12120131e-12,-4.14559885e-13)
-3.73591990e+00 (-1.74858164e-03,2.33998731e-03) (2.04959531e-03,1.53095781e-03) (-6.74092367e-12,2.50341881e-12)
-3.72340426e+00 (-1.76895626e-03,2.36720696e-03) (2.08081815e-03,1.55428965e-03) (-8.36325704e-12,8.69936044e-12)
-3.71088861e+00 (-1.78963850e-03,2.39483593e-03) (2.11240480e-03,1.57789382e-03) (-2.03699821e-12,9.57940333e-12)
-3.69837297e+00 (-1.81063187e-03,2.42287880e-03) (2.14436073e-03,1.60177443e-03) (-3.98752441e-12,7.79020451e-12)
-3.68585732e+00 (-1.83193990e-03,2.45134021e-03) (2.17669145e-03,1.62593562e-03) (1.13488635e-12,9.22138978e-12)
-3.67334168e+00 (-1.85356619e-03,2.48022484e-03) (2.20940255e-03,1.65038160e-03) (1.69774937e-13,1.32862417e-12)
-3.66082603e+00 (-1.87551437e-03,2.50953747e-03) (2.24249967e-03,1.67511660e-03) (-1.04732638e-12,2.72785465e-12)
-3.64831039e+00 (-1.89778815e-03,2.53928290e-03) (2.27598852e-03,1.70014493e-03) (-4.61159394e-12,1.85754553e-12)
-3.63579474e+00 (-1.92039125e-03,2.56946603e-03) (2.30987488e-03,1.72547093e-03) (-4.93351436e-12,3.46275461e-12)
-3.62327910e+00 (-1.94332748e-03,2.60009181e-03) (2.34416459e-03,1.75109899e-03) (-4.53779247e-12,3.16168525e-12)
-3.61076345e+00 (-1.96660068e-03,2.63116525e-03) (2.37886355e-03,1.77703356e-03) (-1.85731204e-12,4.42342981e-12)
-3.59824781e+00 (-1.99021475e-03,2.66269141e-03) (2.41397774e-03,1.80327913e-03) (-2.70579602e-12,1.29701445e-12)
-3.58573217e+00 (-2.01417363e-03,2.69467546e-03) (2.44951319e-03,1.82984026e-03) (-1.95104528e-12,4.12467061e-12)
-3.57321652e+00 (-2.03848133e-03,2.72712258e-03) (2.48547601e-03,1.85672154e-03) (-8.08149890e-13,-6.38648062e-13)
-3.56070088e+00 (-2.06314190e-03,2.76003805e-03) (2.52187238e-03,1.88392762e-03) (-3.31712049e-12,3.34883985e-12)
-3.54818523e+00 (-2.08815946e-03,2.79342720e-03) (2.55870856e-03,1.91146323e-03) (1.41151854e-12,-1.85462042e-12)
-3.53566959e+00 (-2.11353815e-03,2.82729544e-03) (2.59599085e-03,1.93933311e-03) (-2.45687669e-12,2.38523563e-12)
-3.52315394e+00 (-2.13928220e-03,2.86164824e-03) (2.63372566e-03,1.96754209e-03) (3.72207194e-12,-1.10104758e-12)
-3.51063830e+00 (-2.16539588e-03,2.89649111e-03) (2.67191944e-03,1.99609504e-03) (-6.16111635e-12,-1.59249276e-12)
-3.49812265e+00 (-2.19188352e-03,2.93182967e-03) (2.71057874e-03,2.02499690e-03) (-6.82008351e-13,4.42568884e-12)
-3.48560701e+00 (-2.21874948e-03,2.96766958e-03) (2.74971017e-03,2.05425265e-03) (-2.80521200e-12,2.51095475e-12)
-3.47309136e+00 (-2.24599822e-03,3.00401657e-03) (2.78932041e-03,2.08386734e-03) (4.54427740e-12,7.17685466e-12)
-3.46057572e+00 (-2.27363422e-03,3.04087644e-03) (2.82941624e-03,2.11384609e-03) (8.32779071e-12,-1.19183549e-13)
-3.44806008e+00 (-2.30166204e-03,3.07825504e-03) (2.87000449e-03,2.14419406e-03) (5.26634519e-12,9.29263257e-13)
-3.43554443e+00 (-2.33008626e-03,3.11615833e-03) (2.91109209e-03,2.17491648e-03) (6.25479042e-12,-1.32905169e-12)
-3.42302879e+00 (-2.35891157e-03,3.15459229e-03) (2.95268604e-03,2.20601863e-03) (3.01182563e-12,-3.25703787e-12)
-3.41051314e+00 (-2.38814268e-03,3.19356300e-03) (2.99479341e-03,2.23750587e-03) (1.06226232e-12,-1.40913764e-12)
-3.39799750e+00 (-2.41778436e-03,3.23307658e-03) (3.03742138e-03,2.26938361e-03) (1.05643302e-12,-1.39956823e-12)
-3.38548185e+00 (-2.44784145e-03,3.27313924e-03) (3.08057717e-03,2.30165734e-03) (-1.21309808e-13,-1.44811500e-12)
-3.37296621e+00 (-2.47831885e-03,3.31375725e-03) (3.12426813e-03,2.33433260e-03) (5.51258578e-12,3.37573566e-12)
-3.36045056e+00 (-2.50922150e-03,3.35493694e-03) (3.16850165e-03,2.36741499e-03) (3.09766844e-12,-5.19850770e-12)
-3.34793492e+00 (-2.54055442e-03,3.39668472e-03) (3.21328523e-03,2.40091019e-03) (-2.09347021e-12,-5.26918971e-13)
-3.33541927e+00 (-2.57232267e-03,3.43900705e-03) (3.25862645e-03,2.43482394e-03) (-3.43729629e-12,-6.61311172e-13)
-3.32290363e+00 (-2.60453139e-03,3.48191048e-03) (3.30453297e-03,2.46916206e-03) (-6.56742508e-12,4.05163027e-12)
-3.31038798e+00 (-2.63718577e-03,3.52540160e-03) (3.35101256e-03,2.50393041e-03) (-4.55300096e-12,3.41142762e-12)
-3.29787234e+00 (-2.67029105e-03,3.56948710e-03) (3.39807304e-03,2.53913495e-03) (-5.38208493e-12,1.07198979e-11)
-3.28535670e+00 (-2.70385255e-03,3.61417370e-03) (3.44572235e-03,2.57478168e-03) (1.65086437e-12,9.41031393e-12)
-3.27284105e+00 (-2.73787562e-03,3.65946821e-03) (3.49396851e-03,2.61087671e-03) (-1.32366525e-12,1.13998393e-11)
-3.26032541e+00 (-2.77236571e-03,3.70537750e-03) (3.54281963e-03,2.64742619e-03) (7.20143837e-12,1.06112104e-11)
-3.24780976e+00 (-2.80732829e-03,3.75190850e-03) (3.59228391e-03,2.68443636e-03) (9.46102180e-12,2.10840108e-12)
-3.23529412e+00 (-2.84276893e-03,3.79906821e-03) (3.64236964e-03,2.72191350e-03) (3.86756666e-12,-1.29521072e-12)
-3.22277847e+00 (-2.87869322e-03,3.84686369e-03) (3.69308522e-03,2.75986402e-03) (-2.99362045e-12,-6.29333228e-13)
-3.21026283e+00 (-2.91510685e-03,3.89530208e-03) (3.74443912e-03,2.79829435e-03) (-5.65846875e-12,5.94128767e-12)
-3.19774718e+00 (-2.95201555e-03,3.94439056e-03) (3.79643992e-03,2.83721103e-03) (-5.56464653e-13,8.66709918e-12)
-3.18523154e+00 (-2.98942510e-03,3.99413638e-03) (3.84909629e-03,2.87662067e-03) (1.01543230e-12,1.01178944e-11)
-3.17271589e+00 (-3.02734137e-03,4.04454686e-03) (3.90241700e-03,2.91652995e-03) (4.61661127e-12,1.08833834e-11)
-3.16020025e+00 (-3.06577027e-03,4.09562937e-03) (3.95641093e-03,2.95694562e-03) (8.49481862e-12,1.13597557e-11)
-3.14768461e+00 (-3.10471778e-03,4.14739136e-03) (4.01108702e-03,2.99787454e-03) (1.26625911e-11,1.13164490e-11)
-3.13516896e+00 (-3.14418992e-03,4.19984031e-03) (4.06645435e-03,3.03932362e-03) (1.54509117e-11,-5.97309745e-13)
-3.12265332e+00 (-3.18419281e-03,4.25298378e-03) (4.12252208e-03,3.08129985e-03) (8.61390623e-12,-5.07160944e-13)
-3.11013767e+00 (-3.22473260e-03,4.30682938e-03) (4.17929948e-03,3.12381033e-03) (1.36258960e-11,-4.69487182e-12)
-3.09762203e+00 (-3.26581551e-03,4.36138477e-03) (4.23679590e-03,3.16686222e-03) (4.29811189e-12,-9.60208539e-12)
-3.08510638e+00 (-3.30744781e-03,4.41665768e-03) (4.29502082e-03,3.21046276e-03) (2.97674578e-12,-5.51429950e-12)
-3.07259074e+00 (-3.34963585e-03,4.47265588e-03) (4.35398382e-03,3.25461928e-03) (-1.95415333e-12,-1.12312421e-11)
-3.06007509e+00 (-3.39238602e-03,4.52938720e-03) (4.41369455e-03,3.29933921e-03) (-9.83221684e-12,-3.93454908e-12)
-3.04755945e+00 (-3.43570478e-03,4.58685952e-03) (4.47416280e-03,3.34463003e-03) (-5.48534426e-12,7.45147420e-12)
-3.03504380e+00 (-3.47959866e-03,4.64508075e-03) (4.53539846e-03,3.39049933e-03) (1.92062213e-12,1.75768380e-12)
-3.02252816e+00 (-3.52407421e-03,4.70405887e-03) (4.59741150e-03,3.43695480e-03) (-5.12053575e-12,3.96710522e-12)
-3.01001252e+00 (-3.56913808e-03,4.76380191e-03) (4.66021203e-03,3.48400418e-03) (4.79802033e-12,4.48062794e-12)
-2.99749687e+00 (-3.61479696e-03,4.82431791e-03) (4.72381025e-03,3.53165533e-03) (-9.30948122e-12,1.64683545e-12)
-2.98498123e+00 (-3.66105759e-03,4.88561499e-03) (4.78821646e-03,3.57991619e-03) (-3.52944178e-12,1.61530266e-11)
-2.97246558e+00 (-3.70792678e-03,4.94770128e-03) (4.85344109e-03,3.62879478e-03) (4.91745904e-12,1.52010819e-11)
-2.95994994e+00 (-3.75541138e-03,5.01058495e-03) (4.91949464e-03,3.67829923e-03) (1.35743346e-11,1.51315024e-11)
-2.94743429e+00 (-3.80351831e-03,5.07427423e-03) (4.98638777e-03,3.72843774e-03) (1.70332470e-11,8.45734719e-13)
-2.93491865e+00 (-3.85225454e-03,5.13877735e-03) (5.05413121e-03,3.77921861e-03) (9.16144241e-12,-6.01394871e-12)
-2.92240300e+00 (-3.90162709e-03,5.20410258e-03) (5.12273581e-03,3.83065025e-03) (6.08889112e-12,-4.26058280e-12)
-2.90988736e+00 (-3.95164303e-03,5.27025822e-03) (5.19221253e-03,3.88274113e-03) (4.95943466e-12,-8.54037640e-12)
-2.89737171e+00 (-4.00230948e-03,5.33725259e-03) (5.26257244e-03,3.93549985e-03) (-8.81966470e-12,-7.82225021e-12)
-2.88485607e+00 (-4.05363362e-03,5.40509403e-03) (5.33382674e-03,3.98893508e-03) (-8.82357581e-12,5.49517465e-12)
-2.87234043e+00 (-4.10562266e-03,5.47379088e-03) (5.40598670e-03,4.04305559e-03) (2.55693358e-12,1.33191171e-11)
-2.85982478e+00 (-4.15828389e-03,5.54335152e-03) (5.47906374e-03,4.09787025e-03) (1.24240237e-11,2.21220869e-12)
-2.84730914e+00 (-4.21162461e-03,5.61378432e-03) (5.55306937e-03,4.15338803e-03) (5.08033588e-12,-7.66058666e-12)
-2.83479349e+00 (-4.26565219e-03,5.68509765e-03) (5.62801522e-03,4.20961798e-03) (1.88447039e-12,-1.17050191e-11)
-2.82227785e+00 (-4.32037402e-03,5.75729990e-03) (5.70391301e-03,4.26656928e-03) (-1.00178464e-11,-8.07341424e-12)
-2.80976220e+00 (-4.37579756e-03,5.83039944e-03) (5.78077461e-03,4.32425119e-03) (-3.78121772e-12,-6.27217288e-12)
-2.79724656e+00 (-4.43193029e-03,5.90440464e-03) (5.85861197e-03,4.38267305e-03) (-1.45351443e-11,-7.69649460e-12)
-2.78473091e+00 (-4.48877973e-03,5.97932384e-03) (5.93743716e-03,4.44184433e-03) (-8.70715542e-12,3.17776480e-12)
-2.77221527e+00 (-4.54635343e-03,6.05516538e-03) (6.01726237e-03,4.50177459e-03) (-9.41873126e-12,1.19186846e-12)
-2.75969962e+00 (-4.60465900e-03,6.13193756e-03) (6.09809988e-03,4.56247348e-03) (-6.83001090e-12,3.44017903e-12)
-2.74718398e+00 (-4.66370405e-03,6.20964866e-03) (6.17996209e-03,4.62395077e-03) (-5.28736669e-12,6.23841549e-12)
-2.73466834e+00 (-4.72349624e-03,6.28830692e-03) (6.26286152e-03,4.68621632e-03) (-4.19662833e-13,-1.52534910e-12)
-2.72215269e+00 (-4.78404324e-03,6.36792055e-03) (6.34681078e-03,4.74928009e-03) (-1.16332605e-11,7.76274017e-13)
-2.70963705e+00 (-4.84535277e-03,6.44849768e-03) (6.43182261e-03,4.81315214e-03) (-1.56118265e-12,5.53752174e-12)
-2.69712140e+00 (-4.90743254e-03,6.53004642e-03) (6.51790984e-03,4.87784264e-03) (-3.65157614e-12,4.53379176e-12)
-2.68460576e+00 (-4.97029031e-03,6.61257479e-03) (6.60508542e-03,4.94336186e-03) (7.19338409e-12,7.53715705e-12)
-2.67209011e+00 (-5.03393382e-03,6.69609076e-03) (6.69336239e-03,5.00972018e-03) (1.61283600e-12,-7.91887501e-12)
-2.65957447e+00 (-5.09837086e-03,6.78060221e-03) (6.78275391e-03,5.07692806e-03) (-2.32168996e-12,-2.40272181e-12)
-2.64705882e+00 (-5.16360920e-03,6.86611694e-03) (6.87327324e-03,5.14499610e-03) (-5.17230907e-12,-4.80171809e-12)
-2.63454318e+00 (-5.22965663e-03,6.95264264e-03) (6.96493374e-03,5.21393497e-03) (-1.04000906e-12,4.05029411e-12)
-2.62202753e+00 (-5.29652094e-03,7.04018693e-03) (7.05774886e-03,5.28375545e-03) (2.72140680e-12,-2.82161291e-12)
-2.60951189e+00 (-5.36420991e-03,7.12875727e-03) (7.15173219e-03,5.35446844e-03) (-1.36044629e-12,2.77259454e-12)
-2.59699625e+00 (-5.43273133e-03,7.21836104e-03) (7.24689737e-03,5.42608492e-03) (8.12178757e-12,-1.67331898e-12)
-2.58448060e+00 (-5.50209297e-03,7.30900546e-03) (7.34325816e-03,5.49861600e-03) (5.28637642e-12,-1.27287079e-11)
-2.57196496e+00 (-5.57230258e-03,7.40069763e-03) (7.44082843e-03,5.57207287e-03) (-4.82403062e-12,-1.54810885e-11)
-2.55944931e+00 (-5.64336790e-03,7.49344448e-03) (7.53962210e-03,5.64646683e-03) (-1.48152701e-11,-8.17225026e-12)
-2.54693367e+00 (-5.71529663e-03,7.58725276e-03) (7.63965324e-03,5.72180929e-03) (-1.41718528e-11,1.82860438e-12)
-2.53441802e+00 (-5.78809648e-03,7.68212907e-03) (7.74093595e-03,5.79811175e-03) (-1.13935820e-11,8.64692774e-12)
-2.52190238e+00 (-5.86177507e-03,7.77807981e-03) (7.84348445e-03,5.87538582e-03) (-4.56253620e-13,1.32736403e-11)
-2.50938673e+00 (-5.93634002e-03,7.87511118e-03) (7.94731303e-03,5.95364320e-03) (3.15439120e-12,8.52179029e-13)
-2.49687109e+00 (-6.01179889e-03,7.97322914e-03) (8.05243608e-03,6.03289572e-03) (-2.49392661e-12,1.03522650e-11)
-2.48435544e+00 (-6.08815919e-03,8.07243944e-03) (8.15886805e-03,6.11315527e-03) (1.47868732e-11,1.18696890e-11)
-2.47183980e+00 (-6.16542836e-03,8.17274759e-03) (8.26662346e-03,6.19443386e-03) (1.64561559e-11,-3.04628042e-12)
-2.45932416e+00 (-6.24361380e-03,8.27415882e-03) (8.37571692e-03,6.27674360e-03) (1.14529431e-11,-8.48475813e-12)
-2.44680851e+00 (-6.32272282e-03,8.37667809e-03) (8.48616309e-03,6.36009670e-03) (5.01929243e-12,-1.55614914e-11)
-2.43429287e+00 (-6.40276264e-03,8.48031006e-03) (8.59797671e-03,6.44450546e-03) (-4.23560691e-12,-1.19684945e-11)
-2.42177722e+00 (-6.48374042e-03,8.58505910e-03) (8.71117257e-03,6.52998227e-03) (-1.23729436e-11,-4.04762108e-12)
-2.40926158e+00 (-6.56566320e-03,8.69092921e-03) (8.82576552e-03,6.61653962e-03) (-5.10483555e-12,1.09425228e-11)
-2.39674593e+00 (-6.64853794e-03,8.79792408e-03) (8.94177044e-03,6.70419010e-03) (8.51079052e-12,8.79318552e-12)
-2.38423029e+00 (-6.73237146e-03,8.90604701e-03) (9.05920230e-03,6.79294639e-03) (7.25350394e-12,3.96617906e-12)
-2.37171464e+00 (-6.81717049e-03,9.01530092e-03) (9.17807607e-03,6.88282124e-03) (1.27978570e-11,5.58074220e-12)
-2.35919900e+00 (-6.90294161e-03,9.12568832e-03) (9.29840678e-03,6.97382751e-03) (1.64133273e-11,-5.82323449e-12)
-2.34668335e+00 (-6.98969127e-03,9.23721127e-03) (9.42020948e-03,7.06597814e-03) (8.22100290e-12,-7.83041783e-12)
-2.33416771e+00 (-7.07742575e-03,9.34987140e-03) (9.54349924e-03,7.15928615e-03) (9.38462177e-12,-1.18786660e-11)
-2.32165207e+00 (-7.16615121e-03,9.46366985e-03) (9.66829117e-03,7.25376465e-03) (-3.92205723e-12,-1.14220397e-11)
-2.30913642e+00 (-7.25587360e-03,9.57860724e-03) (9.79460037e-03,7.34942683e-03) (-3.06013357e-12,-8.65389301e-13)
-2.29662078e+00 (-7.34659870e-03,9.69468370e-03) (9.92244195e-03,7.44628595e-03) (7.67941609e-13,-1.94275499e-12)
-2.28410513e+00 (-7.43833211e-03,9.81189876e-03) (1.00518310e-02,7.54435536e-03) (1.69257808e-12,2.69585888e-12)
-2.27158949e+00 (-7.53107921e-03,9.93025139e-03) (1.01827827e-02,7.64364846e-03) (7.57866724e-12,3.28434864e-12)
-2.25907384e+00 (-7.62484517e-03,1.00497399e-02) (1.03153120e-02,7.74417874e-03) (5.26067670e-12,-3.81743381e-12)
-2.24655820e+00 (-7.71963491e-03,1.01703621e-02) (1.04494341e-02,7.84595974e-03) (5.65547035e-12,4.09984172e-12)
-2.23404255e+00 (-7.81545313e-03,1.02921150e-02) (1.05851640e-02,7.94900509e-03) (1.79947178e-11,-6.12729406e-12)
-2.22152691e+00 (-7.91230424e-03,1.04149948e-02) (1.07225165e-02,8.05332846e-03) (1.68324780e-12,-1.32594603e-11)
-2.20901126e+00 (-8.01019241e-03,1.05389972e-02) (1.08615067e-02,8.15894358e-03) (1.82841999e-12,-5.71770942e-12)
-2.19649562e+00 (-8.10912150e-03,1.06641169e-02) (1.10021495e-02,8.26586423e-03) (-9.93666712e-13,-7.80395779e-12)
-2.18397997e+00 (-8.20909507e-03,1.07903481e-02) (1.11444595e-02,8.37410425e-03) (-2.40237572e-12,-3.70293230e-12)
-2.17146433e+00 (-8.31011635e-03,1.09176838e-02) (1.12884516e-02,8.48367752e-03) (-2.85472658e-12,-2.06815312e-12)
-2.15894869e+00 (-8.41218825e-03,1.10461162e-02) (1.14341403e-02,8.59459795e-03) (2.20183830e-12,4.10931390e-12)
-2.14643304e+00 (-8.51531330e-03,1.11756368e-02) (1.15815400e-02,8.70687951e-03) (9.64178709e-12,-3.17937209e-12)
-2.13391740e+00 (-8.61949368e-03,1.13062358e-02) (1.17306653e-02,8.82053618e-03) (7.56224429e-12,-6.75336547e-12)
-2.12140175e+00 (-8.72473115e-03,1.14379027e-02) (1.18815303e-02,8.93558197e-03) (7.83271233e-12,-1.27128487e-11)
-2.10888611e+00 (-8.83102709e-03,1.15706256e-02) (1.20341491e-02,9.05203092e-03) (-5.02235471e-12,-1.36132655e-11)
-2.09637046e+00 (-8.93838243e-03,1.17043919e-02) (1.21885356e-02,9.16989708e-03) (-7.35599406e-12,-9.97061329e-12)
-2.08385482e+00 (-9.04679763e-03,1.18391874e-02) (1.23447036e-02,9.28919451e-03) (-1.17669786e-11,-6.15638223e-12)
-2.07133917e+00 (-9.15627271e-03,1.19749971e-02) (1.25026667e-02,9.40993727e-03) (-8.68879798e-12,5.87928957e-12)
-2.05882353e+00 (-9.26680717e-03,1.21118045e-02) (1.26624382e-02,9.53213942e-03) (2.28915363e-12,8.60169318e-12)
-2.04630788e+00 (-9.37840000e-03,1.22495918e-02) (1.28240313e-02,9.65581501e-03) (6.01960091e-12,-3.51253187e-13)
-2.03379224e+00 (-9.49104964e-03,1.23883399e-02) (1.29874587e-02,9.78097807e-03) (5.27222474e-12,-2.10818314e-12)
-2.02127660e+00 (-9.60475397e-03,1.25280283e-02) (1.31527331e-02,9.90764261e-03) (4.13492382e-12,-6.26560850e-12)
-2.00876095e+00 (-9.71951026e-03,1.26686350e-02) (1.33198669e-02,1.00358226e-02) (-2.92880045e-12,-5.97041291e-12)
-1.99624531e+00 (-9.83531518e-03,1.28101364e-02) (1.34888721e-02,1.01655320e-02) (-4.23516948e-12,-5.95553261e-12)
-1.98372966e+00 (-9.95216475e-03,1.29525073e-02) (1.36597604e-02,1.02967847e-02) (-1.01475656e-11,1.11597166e-12)
-1.97121402e+00 (-1.00700543e-02,1.30957208e-02) (1.38325432e-02,1.04295944e-02) (-1.11546047e-12,6.44713923e-12)
-1.95869837e+00 (-1.01889785e-02,1.32397484e-02) (1.40072314e-02,1.05639751e-02) (1.72048661e-12,2.39556386e-12)
-1.94618273e+00 (-1.03089312e-02,1.33845597e-02) (1.41838356e-02,1.06999403e-02) (3.58393277e-12,5.87014027e-13)
-1.93366708e+00 (-1.04299057e-02,1.35301222e-02) (1.43623661e-02,1.08375037e-02) (-1.92184422e-12,-6.47409481e-12)
-1.92115144e+00 (-1.05518941e-02,1.36764019e-02) (1.45428326e-02,1.09766787e-02) (-9.14296089e-12,4.40851998e-13)
-1.90863579e+00 (-1.06748882e-02,1.38233622e-02) (1.47252444e-02,1.11174788e-02) (-3.37172218e-12,6.46795183e-12)
-1.89612015e+00 (-1.07988785e-02,1.39709648e-02) (1.49096102e-02,1.12599173e-02) (-3.53435820e-12,4.94532864e-12)
-1.88360451e+00 (-1.09238549e-02,1.41191691e-02) (1.50959383e-02,1.14040073e-02) (2.31651335e-12,1.04914852e-11)
-1.87108886e+00 (-1.10498061e-02,1.42679320e-02) (1.52842364e-02,1.15497618e-02) (5.04748812e-12,4.38968512e-12)
-1.85857322e+00 (-1.11767202e-02,1.44172082e-02) (1.54745117e-02,1.16971936e-02) (3.52032650e-12,4.42663613e-12)
-1.84605757e+00 (-1.13045839e-02,1.45669499e-02) (1.56667706e-02,1.18463155e-02) (6.71717202e-12,4.82830023e-12)
-1.83354193e+00 (-1.14333832e-02,1.47171067e-02) (1.58610190e-02,1.19971400e-02) (1.49995212e-11,8.04706504e-14)
-1.82102628e+00 (-1.15631029e-02,1.48676255e-02) (1.60572621e-02,1.21496794e-02) (9.57263753e-12,-9.44639832e-12)
-1.80851064e+00 (-1.16937266e-02,1.50184504e-02) (1.62555042e-02,1.23039458e-02) (1.49593849e-12,-9.79168409e-12)
-1.79599499e+00 (-1.18252368e-02,1.51695226e-02) (1.64557491e-02,1.24599510e-02) (3.70477939e-13,-5.34810566e-12)
-1.78347935e+00 (-1.19576150e-02,1.53207805e-02) (1.66579997e-02,1.26177067e-02) (-1.91546798e-13,-3.51386281e-12)
-1.77096370e+00 (-1.20908412e-02,1.54721592e-02) (1.68622579e-02,1.27772244e-02) (6.43929502e-13,-1.75278927e-12)
-1.75844806e+00 (-1.22248941e-02,1.56235905e-02) (1.70685251e-02,1.29385150e-02) (4.09973701e-12,-2.66146458e-12)
-1.74593242e+00 (-1.23597514e-02,1.57750031e-02) (1.72768013e-02,1.31015895e-02) (1.39882430e-12,-9.46339846e-12)
-1.73341677e+00 (-1.24953892e-02,1.59263220e-02) (1.74870858e-02,1.32664584e-02) (-6.18043636e-12,-7.08377599e-12)
-1.72090113e+00 (-1.26317821e-02,1.60774687e-02) (1.76993770e-02,1.34331318e-02) (-4.45273596e-12,-5.66056909e-12)
-1.70838548e+00 (-1.27689034e-02,1.62283610e-02) (1.79136720e-02,1.36016196e-02) (-8.45949298e-12,-2.43629000e-12)
-1.69586984e+00 (-1.29067249e-02,1.63789127e-02) (1.81299668e-02,1.37719312e-02) (-5.02165978e-12,4.49460760e-12)
-1.68335419e+00 (-1.30452169e-02,1.65290337e-02) (1.83482564e-02,1.39440758e-02) (-3.87539961e-12,2.07820941e-12)
-1.67083855e+00 (-1.31843478e-02,1.66786296e-02) (1.85685344e-02,1.41180621e-02) (4.36271934e-13,4.05709084e-12)
-1.65832290e+00 (-1.33240847e-02,1.68276019e-02) (1.87907933e-02,1.42938983e-02) (1.58146512e-13,-1.06157178e-12)
-1.64580726e+00 (-1.34643927e-02,1.69758474e-02) (1.90150240e-02,1.44715923e-02) (-8.30759260e-13,1.39057891e-12)
-1.63329161e+00 (-1.36052355e-02,1.71232584e-02) (1.92412162e-02,1.46511513e-02) (4.58564742e-12,-3.93532996e-13)
-1.62077597e+00 (-1.37465747e-02,1.72697223e-02) (1.94693583e-02,1.48325823e-02) (-2.03924183e-12,-3.86819727e-12)
-1.60826033e+00 (-1.38883701e-02,1.74151216e-02) (1.96994367e-02,1.50158915e-02) (-6.87538969e-13,-1.16427405e-12)
-1.59574468e+00 (-1.40305797e-02,1.75593336e-02) (1.99314366e-02,1.52010847e-02) (-1.04606433e-12,-5.23283664e-12)
-1.58322904e+00 (-1.41731596e-02,1.77022302e-02) (2.01653414e-02,1.53881672e-02) (-5.57969737e-12,-2.98338499e-12)
-1.57071339e+00 (-1.43160635e-02,1.78436778e-02) (2.04011328e-02,1.55771435e-02) (-4.30867066e-12,-2.77146037e-12)
-1.55819775e+00 (-1.44592436e-02,1.79835372e-02) (2.06387907e-02,1.57680177e-02) (-7.60240234e-12,-1.94124661e-12)
-1.54568210e+00 (-1.46026496e-02,1.81216629e-02) (2.08782930e-02,1.59607930e-02) (-7.44989119e-12,2.88274592e-12)
-1.53316646e+00 (-1.47462291e-02,1.82579037e-02) (2.11196158e-02,1.61554722e-02) (-5.79402627e-12,4.94208494e-12)
-1.52065081e+00 (-1.48899276e-02,1.83921016e-02) (2.13627330e-02,1.63520572e-02) (-3.65718451e-12,7.37633986e-12)
-1.50813517e+00 (-1.50336883e-02,1.85240923e-02) (2.16076165e-02,1.65505491e-02) (2.57939994e-12,1.03643845e-11)
-1.49561952e+00 (-1.51774519e-02,1.86537044e-02) (2.18542358e-02,1.67509485e-02) (6.65656584e-12,7.40647286e-12)
-1.48310388e+00 (-1.53211571e-02,1.87807596e-02) (2.21025583e-02,1.69532550e-02) (8.82875739e-12,3.02652331e-12)
-1.47058824e+00 (-1.54647398e-02,1.89050721e-02) (2.23525488e-02,1.71574673e-02) (1.05357934e-11,-3.77154468e-14)
-1.45807259e+00 (-1.56081338e-02,1.90264487e-02) (2.26041697e-02,1.73635835e-02) (3.75639611e-12,-6.64312343e-12)
-1.44555695e+00 (-1.57512701e-02,1.91446879e-02) (2.28573807e-02,1.75716005e-02) (8.91004306e-13,-5.53278486e-12)
-1.43304130e+00 (-1.58940773e-02,1.92595804e-02) (2.31121389e-02,1.77815146e-02) (-2.64083300e-12,-3.23483006e-12)
-1.42052566e+00 (-1.60364815e-02,1.93709083e-02) (2.33683984e-02,1.79933207e-02) (-5.68963979e-12,-9.47714714e-13)
-1.40801001e+00 (-1.61784060e-02,1.94784448e-02) (2.36261104e-02,1.82070132e-02) (-4.03263934e-12,1.37837013e-12)
-1.39549437e+00 (-1.63197715e-02,1.95819540e-02) (2.38852232e-02,1.84225851e-02) (-3.06655374e-12,4.72977526e-12)
-1.38297872e+00 (-1.64604961e-02,1.96811907e-02) (2.41456817e-02,1.86400284e-02) (-2.08543994e-12,3.92755494e-12)
-1.37046308e+00 (-1.66004951e-02,1.97758996e-02) (2.44074275e-02,1.88593342e-02) (1.23238844e-12,5.82896544e-12)
-1.35794743e+00 (-1.67396811e-02,1.98658154e-02) (2.46703989e-02,1.90804921e-02) (8.00411027e-15,3.93196665e-12)
-1.34543179e+00 (-1.68779641e-02,1.99506622e-02) (2.49345305e-02,1.93034909e-02) (-9.40092340e-13,3.94207873e-12)
-1.33291615e+00 (-1.70152510e-02,2.00301529e-02) (2.51997532e-02,1.95283179e-02) (-2.81466455e-12,2.42015772e-12)
-1.32040050e+00 (-1.71514462e-02,2.01039890e-02) (2.54659939e-02,1.97549594e-02) (-5.95604284e-12,4.68126864e-12)
-1.30788486e+00 (-1.72864515e-02,2.01718604e-02) (2.57331757e-02,1.99834001e-02) (-7.34718849e-12,9.67707059e-12)
-1.29536921e+00 (-1.74201655e-02,2.02334442e-02) (2.60012172e-02,2.02136237e-02) (-5.72446451e-12,1.27123490e-11)
-1.28285357e+00 (-1.75524844e-02,2.02884049e-02) (2.62700330e-02,2.04456123e-02) (-8.29973191e-12,1.90948344e-11)
-1.27033792e+00 (-1.76833018e-02,2.03363933e-02) (2.65395329e-02,2.06793467e-02) (-8.23471088e-12,2.12402263e-11)
-1.25782228e+00 (-1.78125084e-02,2.03770463e-02) (2.68096219e-02,2.09148063e-02) (-1.25613060e-11,2.52907120e-11)
-1.24530663e+00 (-1.79399926e-02,2.04099863e-02) (2.70802004e-02,2.11519689e-02) (-1.77568122e-11,3.42440215e-11)
-1.23279099e+00 (-1.80656400e-02,2.04348201e-02) (2.73511635e-02,2.13908111e-02) (-2.09607906e-11,4.26850845e-11)
-1.22027534e+00 (-1.81893343e-02,2.04511388e-02) (2.76224009e-02,2.16313076e-02) (-3.06295853e-11,5.77339835e-11)
-1.20775970e+00 (-1.83109564e-02,2.04585166e-02) (2.78937969e-02,2.18734317e-02) (-3.79357136e-11,7.68593291e-11)
-1.19524406e+00 (-1.84303854e-02,2.04565102e-02) (2.81652301e-02,2.21171552e-02) (-5.05922096e-11,9.86138801e-11)
-1.18272841e+00 (-1.85474984e-02,2.04446579e-02) (2.84365729e-02,2.23624482e-02) (-6.56277566e-11,1.31199871e-10)
-1.17021277e+00 (-1.86621707e-02,2.04224788e-02) (2.87076916e-02,2.26092791e-02) (-8.39219721e-11,1.69261057e-10)
-1.15769712e+00 (-1.87742761e-02,2.03894713e-02) (2.89784460e-02,2.28576147e-02) (-1.11772611e-10,2.21362491e-10)
-1.14518148e+00 (-1.88836872e-02,2.03451129e-02) (2.92486889e-02,2.31074201e-02) (-1.46966576e-10,2.91096933e-10)
-1.13266583e+00 (-1.89902755e-02,2.02888579e-02) (2.95182662e-02,2.33586587e-02) (-1.91638242e-10,3.80253158e-10)
-1.12015019e+00 (-1.90939123e-02,2.02201372e-02) (2.97870165e-02,2.36112922e-02) (-2.52794504e-10,4.97539770e-10)
-1.10763454e+00 (-1.91944684e-02,2.01383561e-02) (3.00547705e-02,2.38652806e-02) (-3.29821273e-10,6.53507169e-10)
-1.09511890e+00 (-1.92918155e-02,2.00428932e-02) (3.03213509e-02,2.41205822e-02) (-4.30245000e-10,8.56903999e-10)
-1.08260325e+00 (-1.93858258e-02,1.99330985e-02) (3.05865719e-02,2.43771536e-02) (-5.64566966e-10,1.12488596e-09)
-1.07008761e+00 (-1.94763734e-02,1.98082918e-02) (3.08502391e-02,2.46349496e-02) (-7.38321868e-10,1.47765725e-09)
-1.05757196e+00 (-1.95633350e-02,1.96677602e-02) (3.11121486e-02,2.48939235e-02) (-9.65662866e-10,1.94022111e-09)
-1.04505632e+00 (-1.96465904e-02,1.95107564e-02) (3.13720870e-02,2.51540268e-02) (-1.26442493e-09,2.54706164e-09)
-1.03254068e+00 (-1.97260241e-02,1.93364959e-02) (3.16298308e-02,2.54152097e-02) (-1.65214443e-09,3.34713549e-09)
-1.02002503e+00 (-1.98015263e-02,1.91441542e-02) (3.18851455e-02,2.56774207e-02) (-2.16392848e-09,4.39765990e-09)
-1.00750939e+00 (-1.98729941e-02,1.89328641e-02) (3.21377858e-02,2.59406069e-02) (-2.83278488e-09,5.78391661e-09)
-9.94993742e-01 (-1.99403340e-02,1.87017116e-02) (3.23874943e-02,2.62047142e-02) (-3.70952407e-09,7.60980500e-09)
-9.82478098e-01 (-2.00034628e-02,1.84497329e-02) (3.26340014e-02,2.64696871e-02) (-4.85577982e-09,1.00146531e-08)
-9.69962453e-01 (-2.00623110e-02,1.81759095e-02) (3.28770242e-02,2.67354694e-02) (-6.35990685e-09,1.31847508e-08)
-9.57446809e-01 (-2.01168249e-02,1.78791638e-02) (3.31162659e-02,2.70020037e-02) (-8.33363645e-09,1.73723706e-08)
-9.44931164e-01 (-2.01669701e-02,1.75583533e-02) (3.33514150e-02,2.72692324e-02) (-1.09143079e-08,2.29034643e-08)
-9.32415519e-01 (-2.02127354e-02,1.72122651e-02) (3.35821446e-02,2.75370973e-02) (-1.43015390e-08,3.02089448e-08)
-9.19899875e-01 (-2.02541374e-02,1.68396085e-02) (3.38081109e-02,2.78055403e-02) (-1.87436528e-08,3.98728664e-08)
-9.07384230e-01 (-2.02912261e-02,1.64390077e-02) (3.40289527e-02,2.80745037e-02) (-2.45680783e-08,5.26653711e-08)
-8.94868586e-01 (-2.03240914e-02,1.60089928e-02) (3.42442898e-02,2.83439308e-02) (-3.22069426e-08,6.96121802e-08)
-8.82352941e-01 (-2.03528713e-02,1.55479898e-02) (3.44537220e-02,2.86137662e-02) (-4.22258883e-08,9.20860430e-08)
-8.69837297e-01 (-2.03777616e-02,1.50543095e-02) (3.46568272e-02,2.88839569e-02) (-5.53726862e-08,1.21921157e-07)
-8.57321652e-01 (-2.03990273e-02,1.45261346e-02) (3.48531605e-02,2.91544528e-02) (-7.26130704e-08,1.61581253e-07)
-8.44806008e-01 (-2.04170175e-02,1.39615049e-02) (3.50422516e-02,2.94252077e-02) (-9.52179042e-08,2.14350538e-07)
-8.32290363e-01 (-2.04321829e-02,1.33583009e-02) (3.52236034e-02,2.96961809e-02) (-1.24855565e-07,2.84656651e-07)
-8.19774718e-01 (-2.04450976e-02,1.27142246e-02) (3.53966896e-02,2.99673382e-02) (-1.63696879e-07,3.78434474e-07)
-8.07259074e-01 (-2.04564859e-02,1.20267778e-02) (3.55609520e-02,3.02386541e-02) (-2.14619307e-07,5.03665706e-07)
-7.94743429e-01 (-2.04672567e-02,1.12932373e-02) (3.57157981e-02,3.05101135e-02) (-2.81460076e-07,6.71133697e-07)
-7.82227785e-01 (-2.04785462e-02,1.05106256e-02) (3.58605974e-02,3.07817152e-02) (-3.69386393e-07,8.95488862e-07)
-7.69712140e-01 (-2.04917733e-02,9.67567875e-03) (3.59946783e-02,3.10534742e-02) (-4.85460693e-07,1.19685357e-06)
-7.57196496e-01 (-2.05087124e-02,8.78480846e-03) (3.61173238e-02,3.13254268e-02) (-6.39300378e-07,1.60329984e-06)
-7.44680851e-01 (-2.05315909e-02,7.83406231e-03) (3.62277671e-02,3.15976353e-02) (-8.43764875e-07,2.15463788e-06)
-7.32165207e-01 (-2.05632211e-02,6.81908464e-03) (3.63251863e-02,3.18701949e-02) (-1.11521752e-06,2.90824116e-06)
-7.19649562e-01 (-2.06071784e-02,5.73508834e-03) (3.64086990e-02,3.21432427e-02) (-1.47249170e-06,3.94756139e-06)
-7.07133917e-01 (-2.06680399e-02,4.57685483e-03) (3.64773563e-02,3.24169686e-02) (-1.93307511e-06,5.39398730e-06)
-6.94618273e-01 (-2.07516922e-02,3.33879140e-03) (3.65301374e-02,3.26916312e-02) (-2.50419829e-06,7.42201374e-06)
-6.82102628e-01 (-2.08657089e-02,2.01508803e-03) (3.65659450e-02,3.29675767e-02) (-3.16600282e-06,1.02767079e-05)
-6.69586984e-01 (-2.10197790e-02,6.00026972e-04) (3.65836041e-02,3.32452645e-02) (-3.84375153e-06,1.42906534e-05)
-6.57071339e-01 (-2.12261369e-02,-9.11497719e-04) (3.65818656e-02,3.35252980e-02) (-4.36694905e-06,1.98955162e-05)
-6.44555695e-01 (-2.14999087e-02,-2.52320465e-03) (3.65594192e-02,3.38084612e-02) (-4.41550628e-06,2.76214095e-05)
-6.32040050e-01 (-2.18592521e-02,-4.23638033e-03) (3.65149170e-02,3.40957587e-02) (-3.45674922e-06,3.80763795e-05)
-6.19524406e-01 (-2.23251382e-02,-6.04860983e-03) (3.64470146e-02,3.43884563e-02) (-6.81799566e-07,5.18995240e-05)
-6.07008761e-01 (-2.29206309e-02,-7.95240638e-03) (3.63544283e-02,3.46881153e-02) (5.04563158e-06,6.96854342e-05)
-5.94493116e-01 (-2.36695588e-02,-9.93394842e-03) (3.62360121e-02,3.49966133e-02) (1.52126084e-05,9.18847131e-05)
-5.81977472e-01 (-2.45945727e-02,-1.19722009e-02) (3.60908492e-02,3.53161436e-02) (3.16384997e-05,1.18694393e-04)
-5.69461827e-01 (-2.57147122e-02,-1.40387193e-02) (3.59183517e-02,3.56491851e-02) (5.64073365e-05,1.49960670e-04)
-5.56946183e-01 (-2.70427584e-02,-1.60983874e-02) (3.57183575e-02,3.59984364e-02) (9.17553920e-05,1.85121456e-04)
-5.44430538e-01 (-2.85827777e-02,-1.81112089e-02) (3.54912105e-02,3.63667152e-02) (1.39932669e-04,2.23214983e-04)
-5.31914894e-01 (-3.03283180e-02,-2.00350816e-02) (3.52378098e-02,3.67568280e-02) (2.03070429e-04,2.62971579e-04)
-5.19399249e-01 (-3.22616806e-02,-2.18292609e-02) (3.49596163e-02,3.71714215e-02) (2.83094501e-04,3.02989938e-04)
-5.06883605e-01 (-3.43545342e-02,-2.34580286e-02) (3.46586103e-02,3.76128325e-02) (3.81722555e-04,3.41980552e-04)
-4.94367960e-01 (-3.65698978e-02,-2.48939850e-02) (3.43372005e-02,3.80829560e-02) (5.00571935e-04,3.79043066e-04)
-4.81852315e-01 (-3.88652483e-02,-2.61204093e-02) (3.39980941e-02,3.85831477e-02) (6.41385279e-04,4.13936762e-04)
-4.69336671e-01 (-4.11962740e-02,-2.71322940e-02) (3.36441434e-02,3.91141741e-02) (8.06359859e-04,4.47307803e-04)
-4.56821026e-01 (-4.35206670e-02,-2.79359143e-02) (3.32781884e-02,3.96762153e-02) (9.98549914e-04,4.80852925e-04)
-4.44305382e-01 (-4.58013601e-02,-2.85470799e-02) (3.29029151e-02,4.02689152e-02) (1.22230476e-03,5.17422993e-04)
-4.31789737e-01 (-4.80087553e-02,-2.89884581e-02) (3.25207440e-02,4.08914704e-02) (1.48371173e-03,5.61095151e-04)
-4.19274093e-01 (-5.01217280e-02,-2.92864887e-02) (3.21337595e-02,4.15427395e-02) (1.79102989e-03,6.17262289e-04)
-4.06758448e-01 (-5.21274444e-02,-2.94684191e-02) (3.17436807e-02,4.22213586e-02) (2.15512356e-03,6.92799615e-04)
-3.94242804e-01 (-5.40202403e-02,-2.95598747e-02) (3.13518690e-02,4.29258457e-02) (2.58992679e-03,7.96369658e-04)
-3.81727159e-01 (-5.57999267e-02,-2.95831979e-02) (3.09593636e-02,4.36546866e-02) (3.11298668e-03,9.38922587e-04)
-3.69211514e-01 (-5.74699045e-02,-2.95565985e-02) (3.05669331e-02,4.44063944e-02) (3.74614207e-03,1.13444351e-03)
-3.56695870e-01 (-5.90353971e-02,-2.94939986e-02) (3.01751335e-02,4.51795451e-02) (4.51639459e-03,1.40099825e-03)
-3.44180225e-01 (-6.05019958e-02,-2.94053697e-02) (2.97843640e-02,4.59727905e-02) (5.45702520e-03,1.76213819e-03)
-3.31664581e-01 (-6.18745873e-02,-2.92973371e-02) (2.93949159e-02,4.67848547e-02) (6.60900362e-03,2.24874427e-03)
-3.19148936e-01 (-6.31566338e-02,-2.91738623e-02) (2.90070128e-02,4.76145192e-02) (8.02273300e-03,2.90142064e-03)
-3.06633292e-01 (-6.43497210e-02,-2.90368721e-02) (2.86208410e-02,4.84606001e-02) (9.76016762e-03,3.77358673e-03)
-2.94117647e-01 (-6.54532666e-02,-2.88867709e-02) (2.82365727e-02,4.93219210e-02) (1.18973346e-02,4.93546231e-03)
-2.81602003e-01 (-6.64642911e-02,-2.87228186e-02) (2.78543835e-02,5.01972826e-02) (1.45272758e-02,6.47918836e-03)
-2.69086358e-01 (-6.73771754e-02,-2.85433936e-02) (2.74744653e-02,5.10854291e-02) (1.77633954e-02,8.52537581e-03)
-2.56570713e-01 (-6.81833547e-02,-2.83461714e-02) (2.70970369e-02,5.19850124e-02) (2.17431391e-02,1.12314150e-02)
-2.44055069e-01 (-6.88709175e-02,-2.81282542e-02) (2.67223517e-02,5.28945494e-02) (2.66318281e-02,1.48018976e-02)
-2.31539424e-01 (-6.94240976e-02,-2.78862852e-02) (2.63507052e-02,5.38123759e-02) (3.26263033e-02,1.95014695e-02)
-2.19023780e-01 (-6.98226554e-02,-2.76165777e-02) (2.59824402e-02,5.47365906e-02) (3.99577689e-02,2.56703043e-02)
-2.06508135e-01 (-7.00411638e-02,-2.73152920e-02) (2.56179500e-02,5.56649920e-02) (4.88928390e-02,3.37420657e-02)
-1.93992491e-01 (-7.00482295e-02,-2.69786950e-02) (2.52576790e-02,5.65950044e-02) (5.97312353e-02,4.42635986e-02)
-1.81476846e-01 (-6.98057160e-02,-2.66035501e-02) (2.49021198e-02,5.75235934e-02) (7.27978672e-02,5.79144346e-02)
-1.68961202e-01 (-6.92680826e-02,-2.61876924e-02) (2.45518026e-02,5.84471711e-02) (8.84261613e-02,7.55222583e-02)
-1.56445557e-01 (-6.83820241e-02,-2.57308636e-02) (2.42072774e-02,5.93614949e-02) (1.06928672e-01,9.80674485e-02)
-1.43929912e-01 (-6.70866899e-02,-2.52358825e-02) (2.38690813e-02,6.02615627e-02) (1.28550523e-01,1.26665453e-01)
-1.31414268e-01 (-6.53148627e-02,-2.47102250e-02) (2.35376895e-02,6.11415172e-02) (1.53401751e-01,1.62510286e-01)
-1.18898623e-01 (-6.29955724e-02,-2.41680378e-02) (2.32134408e-02,6.19945729e-02) (1.81367075e-01,2.06757051e-01)
-1.06382979e-01 (-6.00586394e-02,-2.36324984e-02) (2.28964349e-02,6.28129892e-02) (2.11997111e-01,2.60319318e-01)
-9.38673342e-02 (-5.64415199e-02,-2.31382273e-02) (2.25863958e-02,6.35881188e-02) (2.44394356e-01,3.23564425e-01)
-8.13516896e-02 (-5.20984579e-02,-2.27331493e-02) (2.22825045e-02,6.43105615e-02) (2.77120076e-01,3.95914765e-01)
-6.88360451e-02 (-4.70112907e-02,-2.24788629e-02) (2.19832134e-02,6.49704558e-02) (3.08161801e-01,4.75412573e-01)
-5.63204005e-02 (-4.12003788e-02,-2.24483627e-02) (2.16860691e-02,6.55579199e-02) (3.35009704e-01,5.58375467e-01)
-4.38047559e-02 (-3.47332908e-02,-2.27201149e-02) (2.13875872e-02,6.60636323e-02) (3.54884386e-01,6.39332840e-01)
-3.12891114e-02 (-2.77285036e-02,-2.33682257e-02) (2.10832325e-02,6.64795041e-02) (3.65128761e-01,7.11436730e-01)
-1.87734668e-02 (-2.03518682e-02,-2.44497483e-02) (2.07675542e-02,6.67993573e-02) (3.63719175e-01,7.67431007e-01)
-6.25782228e-03 (-1.28050632e-02,-2.59916857e-02) (2.04345032e-02,6.70195036e-02) (3.49778613e-01,8.01036765e-01)
6.25782228e-03 (-5.30732849e-03,-2.79812398e-02) (2.00779125e-02,6.71391162e-02) (3.23923166e-01,8.08362252e-01)
1.87734668e-02 (1.92629341e-03,-3.03626473e-02) (1.96920723e-02,6.71603238e-02) (2.88286550e-01,7.88833654e-01)
3.12891114e-02 (8.70595804e-03,-3.30422891e-02) (1.92722953e-02,6.70880055e-02) (2.46166262e-01,7.45282998e-01)
4.38047559e-02 (1.48832727e-02,-3.59011989e-02) (1.88153558e-02,6.69293272e-02) (2.01382960e-01,6.83173302e-01)
5.63204005e-02 (2.03602196e-02,-3.88117427e-02) (1.83197228e-02,6.66931052e-02) (1.57561314e-01,6.09290090e-01)
6.88360451e-02 (2.50901462e-02,-4.16541563e-02) (1.77855574e-02,6.63891061e-02) (1.17557104e-01,5.30383039e-01)
8.13516896e-02 (2.90720706e-02,-4.43292072e-02) (1.72145061e-02,6.60273842e-02) (8.31688318e-02,4.52150874e-01)
9.38673342e-02 (3.23407253e-02,-4.67650211e-02) (1.66093631e-02,6.56177320e-02) (5.51431753e-02,3.78733522e-01)
1.06382979e-01 (3.49550281e-02,-4.89181297e-02) (1.59736821e-02,6.51692823e-02) (3.33851666e-02,3.12660327e-01)
1.18898623e-01 (3.69871991e-02,-5.07702255e-02) (1.53114102e-02,6.46902644e-02) (1.72515473e-02,2.55090940e-01)
1.31414268e-01 (3.85138791e-02,-5.23226243e-02) (1.46265872e-02,6.41878948e-02) (5.82878926e-03,2.06177143e-01)
1.43929912e-01 (3.96097526e-02,-5.35901978e-02) (1.39231253e-02,6.36683692e-02) (-1.85676569e-03,1.65422776e-01)
1.56445557e-01 (4.03435519e-02,-5.45959339e-02) (1.32046696e-02,6.31369226e-02) (-6.70818328e-03,1.31978559e-01)
1.68961202e-01 (4.07759891e-02,-5.53666619e-02) (1.24745223e-02,6.25979271e-02) (-9.49402415e-03,1.04853847e-01)
1.81476846e-01 (4.09590727e-02,-5.59300251e-02) (1.17356167e-02,6.20550065e-02) (-1.08303780e-02,8.30526151e-02)
1.93992491e-01 (4.09363115e-02,-5.63125395e-02) (1.09905217e-02,6.15111532e-02) (-1.11894000e-02,6.56508482e-02)
2.06508135e-01 (4.07434173e-02,-5.65384806e-02) (1.02414667e-02,6.09688366e-02) (-1.09200941e-02,5.18332983e-02)
2.19023780e-01 (4.04092368e-02,-5.66293501e-02) (9.49037676e-03,6.04301013e-02) (-1.02724813e-02,4.09045608e-02)
2.31539424e-01 (3.99567352e-02,-5.66037149e-02) (8.73891076e-03,5.98966516e-02) (-9.42043515e-03,3.22853633e-02)
2.44055069e-01 (3.94039321e-02,-5.64772648e-02) (7.98850097e-03,5.93699226e-02) (-8.48115357e-03,2.55013677e-02)
2.56570713e-01 (3.87647381e-02,-5.62629823e-02) (7.24039009e-03,5.88511405e-02) (-7.53076995e-03,2.01690191e-02)
2.69086358e-01 (3.80496720e-02,-5.59713531e-02) (6.49566589e-03,5.83413713e-02) (-6.61635841e-03,1.59810561e-02)
2.81602003e-01 (3.72664601e-02,-5.56105690e-02) (5.75529286e-03,5.78415622e-02) (-5.76489212e-03,1.26930450e-02)
2.94117647e-01 (3.64205287e-02,-5.51866935e-02) (5.02014141e-03,5.73525742e-02) (-4.98977183e-03,1.01115421e-02)
3.06633292e-01 (3.55154114e-02,-5.47037633e-02) (4.29101514e-03,5.68752102e-02) (-4.29548978e-03,8.08404370e-03)
3.19148936e-01 (3.45531033e-02,-5.41638099e-02) (3.56867735e-03,5.64102378e-02) (-3.68090178e-03,6.49065362e-03)
3.31664581e-01 (3.35344046e-02,-5.35667903e-02) (2.85387775e-03,5.59584070e-02) (-3.14148282e-03,5.23728363e-03)
3.44180225e-01 (3.24593083e-02,-5.29104291e-02) (2.14738079e-03,5.55204639e-02) (-2.67085541e-03,4.25016914e-03)
3.56695870e-01 (3.13275001e-02,-5.21900016e-02) (1.44999653e-03,5.50971588e-02) (-2.26180838e-03,3.47148081e-03)
3.69211514e-01 (3.01390313e-02,-5.13981177e-02) (7.62614787e-04,5.46892461e-02) (-1.90696785e-03,2.85583619e-03)
3.81727159e-01 (2.88952094e-02,-5.05246129e-02) (8.62417179e-05,5.42974748e-02) (-1.59923718e-03,2.36754533e-03)
3.94242804e-01 (2.75996992e-02,-4.95566839e-02) (-5.77963177e-04,5.39225647e-02) (-1.33208687e-03,1.97845513e-03)
4.06758448e-01 (2.62597530e-02,-4.84794213e-02) (-1.22865402e-03,5.35651674e-02) (-1.09974513e-03,1.66628464e-03)
4.19274093e-01 (2.48874030e-02,-4.72768633e-02) (-1.86427573e-03,5.32258103e-02) (-8.97315519e-04,1.41336382e-03)
4.31789737e-01 (2.35003654e-02,-4.59336121e-02) (-2.48305891e-03,5.29048258e-02) (-7.20829284e-04,1.20570042e-03)
4.44305382e-01 (2.21223745e-02,-4.44369318e-02) (-3.08303991e-03,5.26022712e-02) (-5.67229324e-04,1.03230487e-03)
4.56821026e-01 (2.07826933e-02,-4.27790936e-02) (-3.66211142e-03,5.23178492e-02) (-4.34280900e-04,8.84703808e-04)
4.69336671e-01 (1.95146633e-02,-4.09596047e-02) (-4.21810472e-03,5.20508406e-02) (-3.20411090e-04,7.56574449e-04)
4.81852315e-01 (1.83533360e-02,-3.89868901e-02) (-4.74889943e-03,5.18000634e-02) (-2.24491964e-04,6.43437727e-04)
4.94367960e-01 (1.73324425e-02,-3.68790276e-02) (-5.25255036e-03,5.15638684e-02) (-1.45596577e-04,5.42361691e-04)
5.06883605e-01 (1.64811335e-02,-3.46632769e-02) (-5.72741680e-03,5.13401788e-02) (-8.27665671e-05,4.51646878e-04)
5.19399249e-01 (1.58210226e-02,-3.23743646e-02) (-6.17227686e-03,5.11265718e-02) (-3.48310258e-05,3.70489109e-04)
5.31914894e-01 (1.53640400e-02,-3.00517365e-02) (-6.58641121e-03,5.09203969e-02) (-3.06786148e-07,2.98636684e-04)
5.44430538e-01 (1.51114582e-02,-2.77362022e-02) (-6.96964459e-03,5.07189151e-02) (2.26074039e-05,2.36072728e-04)
5.56946183e-01 (1.50542236e-02,-2.54665090e-02) (-7.32234048e-03,5.05194421e-02) (3.59512258e-05,1.82756149e-04)
5.69461827e-01 (1.51744735e-02,-2.32763763e-02) (-7.64535171e-03,5.03194789e-02) (4.18639508e-05,1.38446495e-04)
5.81977472e-01 (1.54479089e-02,-2.11923941e-02) (-7.93993644e-03,5.01168153e-02) (4.24227236e-05,1.02622295e-04)
5.94493116e-01 (1.58465711e-02,-1.92329915e-02) (-8.20765303e-03,4.99095970e-02) (3.94943052e-05,7.44848921e-05)
6.07008761e-01 (1.63415657e-02,-1.74084591e-02) (-8.45024861e-03,4.96963556e-02) (3.46278394e-05,5.30255017e-05)
6.19524406e-01 (1.69053584e-02,-1.57218322e-02) (-8.66955457e-03,4.94760035e-02) (2.90023422e-05,3.71260150e-05)
6.32040050e-01 (1.75134204e-02,-1.41703302e-02) (-8.86739860e-03,4.92478029e-02) (2.34282289e-05,2.56646422e-05)
6.44555695e-01 (1.81451564e-02,-1.27470259e-02) (-9.04553830e-03,4.90113170e-02) (1.83911736e-05,1.76042653e-05)
6.57071339e-01 (1.87841847e-02,-1.14424619e-02) (-9.20561756e-03,4.87663544e-02) (1.41209777e-05,1.20512646e-05)
6.69586984e-01 (1.94181239e-02,-1.02460215e-02) (-9.34914305e-03,4.85129131e-02) (1.06679492e-05,8.28233762e-06)
6.82102628e-01 (2.00380723e-02,-9.14695666e-03) (-9.47747695e-03,4.82511301e-02) (7.97306294e-06,5.74411632e-06)
6.94618273e-01 (2.06379490e-02,-8.13506560e-03) (-9.59184077e-03,4.79812396e-02) (5.92375028e-06,4.03419495e-06)
7.07133917e-01 (2.12138317e-02,-7.20106503e-03) (-9.69332600e-03,4.77035400e-02) (4.39260482e-06,2.87276560e-06)
7.19649562e-01 (2.17633693e-02,-6.33673429e-03) (-9.78290783e-03,4.74183695e-02) (3.26033155e-06,2.07242731e-06)
7.32165207e-01 (2.22853090e-02,-5.53490929e-03) (-9.86145963e-03,4.71260889e-02) (2.42647730e-06,1.51112128e-06)
7.44680851e-01 (2.27791410e-02,-4.78939373e-03) (-9.92976650e-03,4.68270697e-02) (1.81206780e-06,1.11055551e-06)
7.57196496e-01 (2.32448463e-02,-4.09483605e-03) (-9.98853741e-03,4.65216861e-02) (1.35777973e-06,8.20513965e-07)
7.69712140e-01 (2.36827258e-02,-3.44660218e-03) (-1.00384155e-02,4.62103103e-02) (1.02028465e-06,6.08279701e-07)
7.82227785e-01 (2.40932860e-02,-2.84065995e-03) (-1.00799867e-02,4.58933084e-02) (7.68364873e-07,4.51937135e-07)
7.94743429e-01 (2.44771662e-02,-2.27348071e-03) (-1.01137872e-02,4.55710391e-02) (5.79574429e-07,3.36324506e-07)
8.07259074e-01 (2.48350885e-02,-1.74195850e-03) (-1.01403093e-02,4.52438517e-02) (4.37677531e-07,2.50647842e-07)
8.19774718e-01 (2.51678265e-02,-1.24334441e-03) (-1.01600068e-02,4.49120856e-02) (3.30812821e-07,1.87066815e-07)
8.32290363e-01 (2.54761822e-02,-7.75193350e-04) (-1.01732992e-02,4.45760696e-02) (2.50224729e-07,1.39823286e-07)
8.44806008e-01 (2.57609705e-02,-3.35320414e-04) (-1.01805752e-02,4.42361218e-02) (1.89395795e-07,1.04669793e-07)
8.57321652e-01 (2.60230085e-02,7.82351354e-05) (-1.01821963e-02,4.38925495e-02) (1.43447105e-07,7.84707321e-08)
8.69837297e-01 (2.62631071e-02,4.67239958e-04) (-1.01784994e-02,4.35456490e-02) (1.08714629e-07,5.89120233e-08)
8.82352941e-01 (2.64820657e-02,8.33291939e-04) (-1.01697989e-02,4.31957061e-02) (8.24423861e-08,4.42858174e-08)
8.94868586e-01 (2.66806683e-02,1.17784159e-03) (-1.01563895e-02,4.28429959e-02) (6.25558392e-08,3.33305325e-08)
9.07384230e-01 (2.68596810e-02,1.50221027e-03) (-1.01385471e-02,4.24877835e-02) (4.74925974e-08,2.51126386e-08)
9.19899875e-01 (2.70198500e-02,1.80760565e-03) (-1.01165311e-02,4.21303235e-02) (3.60753024e-08,1.89398330e-08)
9.32415519e-01 (2.71619010e-02,2.09513509e-03) (-1.00905856e-02,4.17708613e-02) (2.74161013e-08,1.42975113e-08)
9.44931164e-01 (2.72865386e-02,2.36581696e-03) (-1.00609405e-02,4.14096323e-02) (2.08449020e-08,1.08023103e-08)
9.57446809e-01 (2.73944460e-02,2.62059055e-03) (-1.00278130e-02,4.10468630e-02) (1.58555223e-08,8.16807279e-09)
9.69962453e-01 (2.74862854e-02,2.86032459e-03) (-9.99140795e-03,4.06827709e-02) (1.20652706e-08,6.18082846e-09)
9.82478098e-01 (2.75626979e-02,3.08582458e-03) (-9.95191949e-03,4.03175648e-02) (9.18458784e-09,4.68033849e-09)
9.94993742e-01 (2.76243043e-02,3.29783925e-03) (-9.90953125e-03,3.99514452e-02) (6.99422275e-09,3.54643764e-09)
1.00750939e+00 (2.76717055e-02,3.49706620e-03) (-9.86441737e-03,3.95846046e-02) (5.32804856e-09,2.68889819e-09)
1.02002503e+00 (2.77054828e-02,3.68415679e-03) (-9.81674302e-03,3.92172273e-02) (4.06011312e-09,2.03989197e-09)
1.03254068e+00 (2.77261986e-02,3.85972046e-03) (-9.76666502e-03,3.88494904e-02) (3.09486836e-09,1.54837403e-09)
1.04505632e+00 (2.77343971e-02,4.02432857e-03) (-9.71433241e-03,3.84815634e-02) (2.35979156e-09,1.17589030e-09)
1.05757196e+00 (2.77306048e-02,4.17851772e-03) (-9.65988684e-03,3.81136090e-02) (1.79980844e-09,8.93443957e-10)
1.07008761e+00 (2.77153310e-02,4.32279277e-03) (-9.60346310e-03,3.77457827e-02) (1.37307498e-09,6.79149885e-10)
1.08260325e+00 (2.76890683e-02,4.45762945e-03) (-9.54518946e-03,3.73782335e-02) (1.04778474e-09,5.16476796e-10)
1.09511890e+00 (2.76522933e-02,4.58347675e-03) (-9.48518808e-03,3.70111040e-02) (7.99750752e-10,3.92928011e-10)
1.10763454e+00 (2.76054671e-02,4.70075902e-03) (-9.42357531e-03,3.66445306e-02) (6.10572526e-10,2.99049473e-10)
1.12015019e+00 (2.75490358e-02,4.80987784e-03) (-9.36046206e-03,3.62786436e-02) (4.66246161e-10,2.27683558e-10)
1.13266583e+00 (2.74834307e-02,4.91121372e-03) (-9.29595402e-03,3.59135675e-02) (3.56110263e-10,1.73408779e-10)
1.14518148e+00 (2.74090691e-02,5.00512763e-03) (-9.23015201e-03,3.55494211e-02) (2.72045171e-10,1.32115618e-10)
1.15769712e+00 (2.73263549e-02,5.09196234e-03) (-9.16315214e-03,3.51863181e-02) (2.07864825e-10,1.00687007e-10)
1.17021277e+00 (2.72356783e-02,5.17204372e-03) (-9.09504612e-03,3.48243664e-02) (1.58854935e-10,7.67575844e-11)
1.18272841e+00 (2.71374170e-02,5.24568180e-03) (-9.02592144e-03,3.44636693e-02) (1.21421920e-10,5.85320164e-11)
1.19524406e+00 (2.70319361e-02,5.31317185e-03) (-8.95586157e-03,3.41043248e-02) (9.28254146e-11,4.46461295e-11)
1.20775970e+00 (2.69195888e-02,5.37479525e-03) (-8.88494617e-03,3.37464264e-02) (7.09751938e-11,3.40630179e-11)
1.22027534e+00 (2.68007163e-02,5.43082040e-03) (-8.81325124e-03,3.33900629e-02) (5.42768230e-11,2.59951916e-11)
1.23279099e+00 (2.66756488e-02,5.48150343e-03) (-8.74084931e-03,3.30353185e-02) (4.15133080e-11,1.98429589e-11)
1.24530663e+00 (2.65447051e-02,5.52708898e-03) (-8.66780959e-03,3.26822734e-02) (3.17556744e-11,1.51499579e-11)
1.25782228e+00 (2.64081936e-02,5.56781079e-03) (-8.59419814e-03,3.23310035e-02) (2.42949078e-11,1.15694284e-11)
1.27033792e+00 (2.62664120e-02,5.60389236e-03) (-8.52007794e-03,3.19815805e-02) (1.85894903e-11,8.83697099e-12)
1.28285357e+00 (2.61196482e-02,5.63554743e-03) (-8.44550913e-03,3.16340724e-02) (1.42257825e-11,6.75126736e-12)
1.29536921e+00 (2.59681801e-02,5.66298059e-03) (-8.37054902e-03,3.12885435e-02) (1.08877191e-11,5.15872015e-12)
1.30788486e+00 (2.58122760e-02,5.68638766e-03) (-8.29525232e-03,3.09450543e-02) (8.33390337e-12,3.94253409e-12)
1.32040050e+00 (2.56521950e-02,5.70595619e-03) (-8.21967115e-03,3.06036621e-02) (6.37985924e-12,3.01370374e-12)
1.33291615e+00 (2.54881874e-02,5.72186585e-03) (-8.14385523e-03,3.02644204e-02) (4.88444763e-12,2.30391446e-12)
1.34543179e+00 (2.53204944e-02,5.73428880e-03) (-8.06785194e-03,2.99273797e-02) (3.73996227e-12,1.76160570e-12)
1.35794743e+00 (2.51493489e-02,5.74339008e-03) (-7.99170640e-03,2.95925875e-02) (2.86400140e-12,1.34726239e-12)
1.37046308e+00 (2.49749754e-02,5.74932792e-03) (-7.91546161e-03,2.92600879e-02) (2.19344090e-12,1.03054328e-12)
1.38297872e+00 (2.47975906e-02,5.75225403e-03) (-7.83915852e-03,2.89299223e-02) (1.68000604e-12,7.88351190e-13)
1.39549437e+00 (2.46174032e-02,5.75231395e-03) (-7.76283610e-03,2.86021293e-02) (1.28681486e-12,6.03073080e-13)
1.40801001e+00 (2.44346144e-02,5.74964728e-03) (-7.68653142e-03,2.82767446e-02) (9.85730518e-13,4.61427647e-13)
1.42052566e+00 (2.42494179e-02,5.74438794e-03) (-7.61027975e-03,2.79538016e-02) (7.55171842e-13,3.53091956e-13)
1.43304130e+00 (2.40620005e-02,5.73666444e-03) (-7.53411462e-03,2.76333308e-02) (5.78631525e-13,2.70293399e-13)
1.44555695e+00 (2.38725419e-02,5.72660010e-03) (-7.45806788e-03,2.73153605e-02) (4.43405919e-13,2.06951730e-13)
1.45807259e+00 (2.36812150e-02,5.71431326e-03) (-7.38216978e-03,2.69999167e-02) (3.39767094e-13,1.58355576e-13)
1.47058824e+00 (2.34881862e-02,5.69991749e-03) (-7.30644905e-03,2.66870229e-02) (2.60406115e-13,1.21300016e-13)
1.48310388e+00 (2.32936156e-02,5.68352178e-03) (-7.23093292e-03,2.63767007e-02) (1.99575941e-13,9.28865153e-14)
1.49561952e+00 (2.30976570e-02,5.66523075e-03) (-7.15564722e-03,2.60689695e-02) (1.52930373e-13,7.10278180e-14)
1.50813517e+00 (2.29004585e-02,5.64514481e-03) (-7.08061641e-03,2.57638467e-02) (1.17265272e-13,5.44818164e-14)
1.52065081e+00 (2.27021619e-02,5.62336031e-03) (-7.00586365e-03,2.54613479e-02) (8.99241539e-14,4.17842262e-14)
1.53316646e+00 (2.25029039e-02,5.59996973e-03) (-6.93141086e-03,2.51614865e-02) (6.89049812e-14,3.19312440e-14)
1.54568210e+00 (2.23028153e-02,5.57506182e-03) (-6.85727873e-03,2.48642746e-02) (5.28112414e-14,2.44674954e-14)
1.55819775e+00 (2.21020218e-02,5.54872176e-03) (-6.78348681e-03,2.45697222e-02) (4.04762432e-14,1.87220219e-14)
1.57071339e+00 (2.19006441e-02,5.52103125e-03) (-6.71005357e-03,2.42778379e-02) (3.10442376e-14,1.43434552e-14)
1.58322904e+00 (2.16987975e-02,5.49206871e-03) (-6.63699637e-03,2.39886288e-02) (2.38431774e-14,1.10653308e-14)
1.59574468e+00 (2.14965929e-02,5.46190937e-03) (-6.56433159e-03,2.37021001e-02) (1.82723452e-14,8.46518853e-15)
1.60826033e+00 (2.12941363e-02,5.43062539e-03) (-6.49207462e-03,2.34182561e-02) (1.39643424e-14,6.39296722e-15)
1.62077597e+00 (2.10915292e-02,5.39828599e-03) (-6.42023991e-03,2.31370993e-02) (1.07262826e-14,4.93835751e-15)
1.63329161e+00 (2.08888688e-02,5.36495754e-03) (-6.34884100e-03,2.28586310e-02) (8.26517109e-15,3.85520550e-15)
1.64580726e+00 (2.06862479e-02,5.33070371e-03) (-6.27789060e-03,2.25828514e-02) (6.32545738e-15,2.90586253e-15)
1.65832290e+00 (2.04837553e-02,5.29558552e-03) (-6.20740055e-03,2.23097594e-02) (4.84388072e-15,2.23615653e-15)
1.67083855e+00 (2.02814758e-02,5.25966148e-03) (-6.13738194e-03,2.20393525e-02) (3.69805823e-15,1.70644619e-15)
1.68335419e+00 (2.00794904e-02,5.22298767e-03) (-6.06784508e-03,2.17716276e-02) (2.81028898e-15,1.24936589e-15)
1.69586984e+00 (1.98778763e-02,5.18561781e-03) (-5.99879954e-03,2.15065801e-02) (2.18703359e-15,1.00961241e-15)
1.70838548e+00 (1.96767071e-02,5.14760339e-03) (-5.93025422e-03,2.12442046e-02) (1.71220946e-15,8.32328414e-16)
1.72090113e+00 (1.94760530e-02,5.10899372e-03) (-5.86221732e-03,2.09844947e-02) (1.29021038e-15,5.76045346e-16)
1.73341677e+00 (1.92759808e-02,5.06983604e-03) (-5.79469644e-03,2.07274432e-02) (9.81261075e-16,4.47696294e-16)
1.74593242e+00 (1.90765540e-02,5.03017555e-03) (-5.72769852e-03,2.04730419e-02) (7.47894665e-16,3.32637958e-16)
1.75844806e+00 (1.88778330e-02,4.99005556e-03) (-5.66122995e-03,2.02212819e-02) (5.82545170e-16,2.81677833e-16)
1.77096370e+00 (1.86798753e-02,4.94951747e-03) (-5.59529655e-03,1.99721532e-02) (4.35625049e-16,2.19188959e-16)
1.78347935e+00 (1.84827352e-02,4.90860093e-03) (-5.52990358e-03,1.97256456e-02) (2.92031247e-16,9.14224718e-17)
1.79599499e+00 (1.82864645e-02,4.86734384e-03) (-5.46505582e-03,1.94817478e-02) (2.34413286e-16,9.55192342e-17)
1.80851064e+00 (1.80911120e-02,4.82578246e-03) (-5.40075754e-03,1.92404478e-02) (2.14387500e-16,1.10605799e-16)
1.82102628e+00 (1.78967241e-02,4.78395142e-03) (-5.33701253e-03,1.90017333e-02) (1.88900122e-16,1.12644518e-16)
1.83354193e+00 (1.77033445e-02,4.74188385e-03) (-5.27382416e-03,1.87655910e-02) (1.35508510e-16,5.12788204e-17)
1.84605757e+00 (1.75110144e-02,4.69961137e-03) (-5.21119534e-03,1.85320075e-02) (1.05550888e-16,5.17186182e-17)
1.85857322e+00 (1.73197730e-02,4.65716420e-03) (-5.14912859e-03,1.83009684e-02) (7.73084881e-17,5.09279208e-17)
1.87108886e+00 (1.71296568e-02,4.61457118e-03) (-5.08762602e-03,1.80724591e-02) (3.19349651e-17,-1.16712145e-17)
1.88360451e+00 (1.69407004e-02,4.57185982e-03) (-5.02668940e-03,1.78464643e-02) (3.09558003e-17,-8.96260430e-18)
1.89612015e+00 (1.67529363e-02,4.52905637e-03) (-4.96632011e-03,1.76229686e-02) (6.87109584e-17,5.82253931e-17)
1.90863579e+00 (1.65663947e-02,4.48618587e-03) (-4.90651919e-03,1.74019559e-02) (6.81153769e-17,5.96206630e-17)
1.92115144e+00 (1.63811042e-02,4.44327218e-03) (-4.84728739e-03,1.71834097e-02) (2.57252410e-17,-2.09780971e-18)
1.93366708e+00 (1.61970912e-02,4.40033802e-03) (-4.78862511e-03,1.69673133e-02) (5.26183818e-18,-6.00957459e-18)
1.94618273e+00 (1.60143807e-02,4.35740503e-03) (-4.73053249e-03,1.67536496e-02) (-1.45606496e-19,-2.56655394e-18)
1.95869837e+00 (1.58329955e-02,4.31449382e-03) (-4.67300936e-03,1.65424011e-02) (-6.26855449e-19,-5.83559144e-19)
1.97121402e+00 (1.56529571e-02,4.27162397e-03) (-4.61605531e-03,1.63335501e-02) (-2.71882126e-19,3.25153024e-20)
1.98372966e+00 (1.54742852e-02,4.22881411e-03) (-4.55966965e-03,1.61270786e-02) (-7.19203303e-20,7.58234354e-20)
1.99624531e+00 (1.52969981e-02,4.18608195e-03) (-4.50385148e-03,1.59229683e-02) (-3.25550183e-21,2.49886866e-20)
2.00876095e+00 (1.51211125e-02,4.14344430e-03) (-4.44859964e-03,1.57212008e-02) (1.76285294e-20,-2.81531240e-21)
2.02127660e+00 (1.49466438e-02,4.10091710e-03) (-4.39391278e-03,1.55217573e-02) (6.27769883e-21,9.51744647e-21)
2.03379224e+00 (1.47736058e-02,4.05851548e-03) (-4.33978933e-03,1.53246190e-02) (-1.00778622e-20,3.48356689e-21)
2.04630788e+00 (1.46020114e-02,4.01625378e-03) (-4.28622751e-03,1.51297668e-02) (-7.11596711e-21,-1.86903477e-20)
2.05882353e+00 (1.44318719e-02,3.97414557e-03) (-4.23322540e-03,1.49371814e-02) (2.52245415e-20,2.11800988e-21)
2.07133917e+00 (1.42631974e-02,3.93220371e-03) (-4.18078085e-03,1.47468435e-02) (-1.35535510e-20,2.43909943e-20)
2.08385482e+00 (1.40959972e-02,3.89044033e-03) (-4.12889158e-03,1.45587336e-02) (-1.69007334e-20,-2.01254330e-20)
2.09637046e+00 (1.39302792e-02,3.84886691e-03) (-4.07755515e-03,1.43728321e-02) (2.27850131e-20,-9.83550599e-21)
2.10888611e+00 (1.37660503e-02,3.80749427e-03) (-4.02676895e-03,1.41891192e-02) (3.28464362e-21,2.51733050e-20)
2.12140175e+00 (1.36033163e-02,3.76633262e-03) (-3.97653027e-03,1.40075752e-02) (-2.32289863e-20,-5.46032855e-21)
2.13391740e+00 (1.34420824e-02,3.72539157e-03) (-3.92683622e-03,1.38281801e-02) (1.23847357e-20,-1.68969897e-20)
2.14643304e+00 (1.32823524e-02,3.68468015e-03) (-3.87768383e-03,1.36509142e-02) (7.95931033e-21,1.37042948e-20)
2.15894869e+00 (1.31241295e-02,3.64420685e-03) (-3.82906999e-03,1.34757573e-02) (-1.09228293e-20,1.57795997e-21)
2.17146433e+00 (1.29674160e-02,3.60397964e-03) (-3.78099149e-03,1.33026895e-02) (1.40384621e-21,-7.13631499e-21)
2.18397997e+00 (1.28122135e-02,3.56400599e-03) (-3.73344500e-03,1.31316907e-02) (3.95124148e-21,2.25342412e-21)
2.19649562e+00 (1.26585226e-02,3.52429285e-03) (-3.68642712e-03,1.29627409e-02) (-1.84175939e-21,1.90621102e-21)
2.20901126e+00 (1.25063434e-02,3.48484676e-03) (-3.63993435e-03,1.27958200e-02) (-6.90234964e-22,-1.10051389e-21)
2.22152691e+00 (1.23556752e-02,3.44567377e-03) (-3.59396310e-03,1.26309080e-02) (5.11446611e-22,-1.28092325e-22)
2.23404255e+00 (1.22065165e-02,3.40677954e-03) (-3.54850972e-03,1.24679848e-02) (2.27391701e-24,1.22316266e-23)
2.24655820e+00 (1.20588654e-02,3.36816930e-03) (-3.50357045e-03,1.23070304e-02) (3.45788806e-22,-8.77774389e-23)
2.25907384e+00 (1.19127194e-02,3.32984789e-03) (-3.45914152e-03,1.21480249e-02) (5.05890332e-24,4.14129260e-22)
2.27158949e+00 (1.17680752e-02,3.29181980e-03) (-3.41521905e-03,1.19909483e-02) (-3.60556060e-22,-5.85395601e-23)
2.28410513e+00 (1.16249291e-02,3.25408912e-03) (-3.37179912e-03,1.18357806e-02) (3.78138942e-23,-3.33495251e-22)
2.29662078e+00 (1.14832769e-02,3.21665965e-03) (-3.32887776e-03,1.16825021e-02) (2.70634756e-22,1.44370330e-22)
2.30913642e+00 (1.13431139e-02,3.17953482e-03) (-3.28645095e-03,1.15310929e-02) (-6.95952902e-23,1.61251864e-22)
2.32165207e+00 (1.12044348e-02,3.14271776e-03) (-3.24451463e-03,1.13815334e-02) (-4.20878911e-23,-2.75127770e-23)
2.33416771e+00 (1.10672342e-02,3.10621131e-03) (-3.20306470e-03,1.12338038e-02) (1.08032851e-22,-5.03420927e-23)
2.34668335e+00 (1.09315059e-02,3.07001802e-03) (-3.16209701e-03,1.10878846e-02) (5.52730645e-23,1.40966097e-24)
2.35919900e+00 (1.07972434e-02,3.03414016e-03) (-3.12160740e-03,1.09437563e-02) (3.23512513e-24,-6.10168866e-23)
2.37171464e+00 (1.06644401e-02,2.99857973e-03) (-3.08159166e-03,1.08013995e-02) (-3.71852081e-23,-5.41889260e-23)
2.38423029e+00 (1.05330887e-02,2.96333852e-03) (-3.04204558e-03,1.06607950e-02) (-1.96218783e-23,5.86895921e-24)
2.39674593e+00 (1.04031817e-02,2.92841803e-03) (-3.00296491e-03,1.05219233e-02) (-2.05662960e-23,1.52651042e-24)
2.40926158e+00 (1.02747114e-02,2.89381957e-03) (-2.96434538e-03,1.03847656e-02) (-2.20357246e-23,-1.12657207e-23)
2.42177722e+00 (1.01476696e-02,2.85954421e-03) (-2.92618271e-03,1.02493027e-02) (-2.74120775e-23,1.37639236e-23)
2.43429287e+00 (1.00220480e-02,2.82559284e-03) (-2.88847262e-03,1.01155158e-02) (-1.04402689e-23,2.25810569e-23)
2.44680851e+00 (9.89783791e-03,2.79196613e-03) (-2.85121079e-03,9.98338605e-03) (-1.96339005e-23,2.39895736e-23)
2.45932416e+00 (9.77503052e-03,2.75866457e-03) (-2.81439291e-03,9.85289481e-03) (-8.80911173e-25,2.90389343e-23)
2.47183980e+00 (9.65361670e-03,2.72568846e-03) (-2.77801468e-03,9.72402354e-03) (-1.48517632e-23,4.39075853e-23)
2.48435544e+00 (9.53358715e-03,2.69303797e-03) (-2.74207177e-03,9.59675379e-03) (3.97119448e-23,5.56995559e-23)
2.49687109e+00 (9.41493237e-03,2.66071305e-03) (-2.70655986e-03,9.47106728e-03) (2.87559662e-23,8.89600244e-25)
2.50938673e+00 (9.29764268e-03,2.62871354e-03) (-2.67147463e-03,9.34694583e-03) (1.33361309e-23,2.58497296e-23)
2.52190238e+00 (9.18170823e-03,2.59703912e-03) (-2.63681176e-03,9.22437138e-03) (2.74104769e-23,1.03060966e-23)
2.53441802e+00 (9.06711900e-03,2.56568933e-03) (-2.60256696e-03,9.10332603e-03) (1.20981220e-23,1.61718662e-23)
2.54693367e+00 (8.95386485e-03,2.53466358e-03) (-2.56873590e-03,8.98379200e-03) (1.48179969e-23,1.13009765e-23)
2.55944931e+00 (8.84193549e-03,2.50396115e-03) (-2.53531430e-03,8.86575165e-03) (5.58132453e-24,3.70765815e-23)
2.57196496e+00 (8.73132053e-03,2.47358121e-03) (-2.50229788e-03,8.74918746e-03) (5.03893621e-23,1.54361600e-23)
2.58448060e+00 (8.62200944e-03,2.44352282e-03) (-2.46968236e-03,8.63408207e-03) (-3.88784895e-25,-5.43363119e-24)
2.59699625e+00 (8.51399162e-03,2.41378492e-03) (-2.43746349e-03,8.52041824e-03) (1.99719613e-23,3.24081532e-23)
2.60951189e+00 (8.40725638e-03,2.38436636e-03) (-2.40563701e-03,8.40817891e-03) (2.02937971e-23,9.31230595e-24)
2.62202753e+00 (8.30179293e-03,2.35526589e-03) (-2.37419870e-03,8.29734711e-03) (3.26384965e-23,4.55674974e-23)
2.63454318e+00 (8.19759042e-03,2.32648218e-03) (-2.34314434e-03,8.18790605e-03) (9.15462243e-23,3.50581298e-24)
2.64705882e+00 (8.09463794e-03,2.29801381e-03) (-2.31246976e-03,8.07983908e-03) (3.55677599e-23,-3.00431349e-23)
2.65957447e+00 (7.99292454e-03,2.26985928e-03) (-2.28217076e-03,7.97312968e-03) (6.89967796e-23,5.11948698e-24)
2.67209011e+00 (7.89243920e-03,2.24201700e-03) (-2.25224320e-03,7.86776148e-03) (5.36266528e-23,-5.62032223e-23)
2.68460576e+00 (7.79317087e-03,2.21448534e-03) (-2.22268295e-03,7.76371828e-03) (3.37183109e-23,-2.33571207e-23)
2.69712140e+00 (7.69510849e-03,2.18726258e-03) (-2.19348589e-03,7.66098398e-03) (5.14689931e-23,-6.23124422e-23)
2.70963705e+00 (7.59824095e-03,2.16034696e-03) (-2.16464795e-03,7.55954268e-03) (-5.64197379e-24,-5.29444736e-23)
2.72215269e+00 (7.50255714e-03,2.13373663e-03) (-2.13616505e-03,7.45937859e-03) (2.65795929e-23,-4.20123045e-23)
2.73466834e+00 (7.40804593e-03,2.10742972e-03) (-2.10803316e-03,7.36047608e-03) (-2.18850165e-23,-5.94758134e-23)
2.74718398e+00 (7.31469619e-03,2.08142429e-03) (-2.08024827e-03,7.26281968e-03) (7.10259779e-24,-1.19037512e-23)
2.75969962e+00 (7.22249679e-03,2.05571835e-03) (-2.05280638e-03,7.16639403e-03) (-2.24224423e-24,-7.44948143e-23)
2.77221527e+00 (7.13143660e-03,2.03030988e-03) (-2.02570355e-03,7.07118397e-03) (-3.68072001e-23,-3.10830839e-23)
2.78473091e+00 (7.04150452e-03,2.00519681e-03) (-1.99893583e-03,6.97717444e-03) (-3.49771730e-23,-5.43088119e-23)
2.79724656e+00 (6.95268946e-03,1.98037705e-03) (-1.97249933e-03,6.88435055e-03) (-9.32390669e-23,-9.75317711e-24)
2.80976220e+00 (6.86498033e-03,1.95584844e-03) (-1.94639016e-03,6.79269757e-03) (-3.37953371e-23,3.77556148e-23)
2.82227785e+00 (6.77836610e-03,1.93160882e-03) (-1.92060448e-03,6.70220089e-03) (-4.52140671e-23,-6.05721363e-24)
2.83479349e+00 (6.69283574e-03,1.90765598e-03) (-1.89513846e-03,6.61284605e-03) (-4.20327592e-23,4.60243481e-23)
2.84730914e+00 (6.60837828e-03,1.88398772e-03) (-1.86998832e-03,6.52461876e-03) (-4.36046750e-24,2.15613194e-23)
2.85982478e+00 (6.52498277e-03,1.86060176e-03) (-1.84515030e-03,6.43750485e-03) (-2.76748031e-23,3.09535744e-23)
2.87234043e+00 (6.44263831e-03,1.83749585e-03) (-1.82062067e-03,6.35149031e-03) (2.88143702e-23,5.58436299e-23)
2.88485607e+00 (6.36133405e-03,1.81466769e-03) (-1.79639572e-03,6.26656126e-03) (3.30729776e-23,2.29268259e-25)
2.89737171e+00 (6.28105916e-03,1.79211497e-03) (-1.77247179e-03,6.18270397e-03) (3.97191901e-23,1.49964693e-23)
2.90988736e+00 (6.20180290e-03,1.76983537e-03) (-1.74884523e-03,6.09990487e-03) (1.76671159e-23,-3.97669208e-23)
2.92240300e+00 (6.12355456e-03,1.74782655e-03) (-1.72551245e-03,6.01815051e-03) (-1.07921919e-23,1.44409896e-23)
2.93491865e+00 (6.04630349e-03,1.72608617e-03) (-1.70246986e-03,5.93742758e-03) (2.43616753e-23,-3.13155976e-24)
2.94743429e+00 (5.97003912e-03,1.70461187e-03) (-1.67971392e-03,5.85772293e-03) (-3.11643298e-24,-4.24314717e-24)
2.95994994e+00 (5.89475090e-03,1.68340128e-03) (-1.65724111e-03,5.77902354e-03) (2.04619354e-23,4.35780415e-24)
2.97246558e+00 (5.82042839e-03,1.66245202e-03) (-1.63504795e-03,5.70131652e-03) (2.73493209e-24,-1.52791275e-23)
2.98498123e+00 (5.74706118e-03,1.64176173e-03) (-1.61313099e-03,5.62458914e-03) (8.59527713e-24,5.79388581e-24)
2.99749687e+00 (5.67463896e-03,1.62132803e-03) (-1.59148681e-03,5.54882879e-03) (4.54449076e-24,-1.50708392e-23)
3.01001252e+00 (5.60315145e-03,1.60114852e-03) (-1.57011203e-03,5.47402300e-03) (8.02653732e-24,1.45224335e-23)
3.02252816e+00 (5.53258849e-03,1.58122083e-03) (-1.54900327e-03,5.40015944e-03) (2.86905699e-23,-1.24730725e-23)
3.03504380e+00 (5.46293995e-03,1.56154258e-03) (-1.52815723e-03,5.32722591e-03) (1.49803217e-23,-4.62931055e-24)
3.04755945e+00 (5.39419581e-03,1.54211138e-03) (-1.50757060e-03,5.25521035e-03) (3.82940827e-23,-2.19074582e-23)
3.06007509e+00 (5.32634609e-03,1.52292487e-03) (-1.48724013e-03,5.18410081e-03) (-9.41603754e-24,-2.77472034e-23)
3.07259074e+00 (5.25938093e-03,1.50398066e-03) (-1.46716259e-03,5.11388552e-03) (1.99076404e-23,-6.15666003e-24)
3.08510638e+00 (5.19329052e-03,1.48527638e-03) (-1.44733476e-03,5.04455279e-03) (-8.63378258e-24,-3.97515311e-23)
3.09762203e+00 (5.12806513e-03,1.46680969e-03) (-1.42775350e-03,4.97609108e-03) (-2.28055511e-23,-7.73865707e-24)
3.11013767e+00 (5.06369512e-03,1.44857822e-03) (-1.40841566e-03,4.90848898e-03) (-1.77258722e-23,-1.90460437e-23)
3.12265332e+00 (5.00017094e-03,1.43057962e-03) (-1.38931813e-03,4.84173521e-03) (-2.46083223e-23,9.70366336e-25)
3.13516896e+00 (4.93748310e-03,1.41281156e-03) (-1.37045785e-03,4.77581861e-03) (-9.95288997e-24,-1.14135447e-23)
3.14768461e+00 (4.87562221e-03,1.39527171e-03) (-1.35183177e-03,4.71072815e-03) (-1.73817215e-23,-1.95883207e-23)
3.16020025e+00 (4.81457897e-03,1.37795775e-03) (-1.33343687e-03,4.64645292e-03) (-2.79422968e-23,-1.17138669e-23)
3.17271589e+00 (4.75434415e-03,1.36086737e-03) (-1.31527019e-03,4.58298212e-03) (-4.13009861e-23,-9.14385193e-24)
3.18523154e+00 (4.69490861e-03,1.34399828e-03) (-1.29732875e-03,4.52030511e-03) (-3.03508187e-23,1.35534287e-23)
3.19774718e+00 (4.63626330e-03,1.32734819e-03) (-1.27960966e-03,4.45841133e-03) (-3.96633401e-23,1.07850743e-23)
3.21026283e+00 (4.57839926e-03,1.31091484e-03) (-1.26211000e-03,4.39729037e-03) (-2.44816823e-24,3.07495043e-23)
3.22277847e+00 (4.52130760e-03,1.29469597e-03) (-1.24482693e-03,4.33693190e-03) (-1.07220516e-24,-6.49302794e-24)
3.23529412e+00 (4.46497953e-03,1.27868933e-03) (-1.22775762e-03,4.27732576e-03) (-1.08233134e-23,-6.64410131e-24)
3.24780976e+00 (4.40940635e-03,1.26289270e-03) (-1.21089926e-03,4.21846186e-03) (-1.52461336e-23,-8.82921529e-25)
3.26032541e+00 (4.35457944e-03,1.24730386e-03) (-1.19424908e-03,4.16033025e-03) (-3.27591762e-23,-1.32743956e-23)
3.27284105e+00 (4.30049028e-03,1.23192061e-03) (-1.17780434e-03,4.10292108e-03) (-3.74647062e-23,1.59358797e-23)
3.28535670e+00 (4.24713042e-03,1.21674078e-03) (-1.16156232e-03,4.04622462e-03) (-3.31254066e-23,1.63896891e-23)
3.29787234e+00 (4.19449151e-03,1.20176219e-03) (-1.14552035e-03,3.99023126e-03) (-4.71202721e-23,2.45916984e-23)
3.31038798e+00 (4.14256528e-03,1.18698269e-03) (-1.12967577e-03,3.93493148e-03) (-5.71751653e-24,3.84029786e-23)
3.32290363e+00 (4.09134356e-03,1.17240016e-03) (-1.11402594e-03,3.88031588e-03) (-2.55452348e-23,2.11562856e-23)
3.33541927e+00 (4.04081826e-03,1.15801247e-03) (-1.09856828e-03,3.82637518e-03) (1.60757980e-23,3.26808634e-23)
3.34793492e+00 (3.99098137e-03,1.14381753e-03) (-1.08330020e-03,3.77310018e-03) (-1.21693461e-23,-1.44233975e-23)
3.36045056e+00 (3.94182499e-03,1.12981326e-03) (-1.06821918e-03,3.72048181e-03) (-1.60287805e-23,3.59595112e-23)
3.37296621e+00 (3.89334129e-03,1.11599759e-03) (-1.05332268e-03,3.66851108e-03) (-9.03160820e-24,2.60971839e-24)
3.38548185e+00 (3.84552253e-03,1.10236847e-03) (-1.03860823e-03,3.61717913e-03) (-2.27535720e-23,5.18212388e-23)
3.39799750e+00 (3.79836106e-03,1.08892389e-03) (-1.02407335e-03,3.56647719e-03) (2.01026331e-23,2.55799929e-23)
3.41051314e+00 (3.75184931e-03,1.07566184e-03) (-1.00971563e-03,3.51639659e-03) (2.57970856e-24,3.55686290e-23)
3.42302879e+00 (3.70597982e-03,1.06258032e-03) (-9.95532640e-04,3.46692875e-03) (3.62736916e-23,3.95875784e-24)
3.43554443e+00 (3.66074518e-03,1.04967736e-03) (-9.81522008e-04,3.41806521e-03) (-1.14247362e-24,-1.05300297e-24)
3.44806008e+00 (3.61613810e-03,1.03695101e-03) (-9.67681376e-04,3.36979759e-03) (1.79112263e-23,5.69668741e-24)
3.46057572e+00 (3.57215135e-03,1.02439935e-03) (-9.54008414e-04,3.32211761e-03) (3.91759494e-24,-1.49884509e-23)
3.47309136e+00 (3.52877780e-03,1.01202045e-03) (-9.40500818e-04,3.27501710e-03) (2.35582003e-24,1.24089347e-23)
3.48560701e+00 (3.48601041e-03,9.99812419e-04) (-9.27156308e-04,3.22848797e-03) (1.45421774e-23,-1.90431083e-23)
3.49812265e+00 (3.44384221e-03,9.87773389e-04) (-9.13972629e-04,3.18252221e-03) (-1.17947665e-23,1.80040075e-23)
3.51063830e+00 (3.40226632e-03,9.75901503e-04) (-9.00947552e-04,3.13711193e-03) (1.60650629e-23,-7.25766047e-24)
3.52315394e+00 (3.36127594e-03,9.64194923e-04) (-8.88078872e-04,3.09224931e-03) (-1.59616869e-23,2.90950198e-23)
3.53566959e+00 (3.32086437e-03,9.52651834e-04) (-8.75364407e-04,3.04792663e-03) (1.26384232e-23,2.58459082e-23)
3.54818523e+00 (3.28102498e-03,9.41270440e-04) (-8.62802002e-04,3.00413626e-03) (1.36168418e-23,1.96105523e-23)
3.56070088e+00 (3.24175121e-03,9.30048963e-04) (-8.50389522e-04,2.96087065e-03) (1.65930493e-23,1.61850534e-23)
3.57321652e+00 (3.20303661e-03,9.18985646e-04) (-8.38124858e-04,2.91812234e-03) (1.51489482e-23,-3.66763114e-24)
3.58573217e+00 (3.16487479e-03,9.08078752e-04) (-8.26005923e-04,2.87588395e-03) (1.29699808e-23,1.08347977e-23)
3.59824781e+00 (3.12725946e-03,8.97326562e-04) (-8.14030653e-04,2.83414819e-03) (1.92963533e-23,-1.54675264e-23)
3.61076345e+00 (3.09018439e-03,8.86727379e-04) (-8.02197008e-04,2.79290785e-03) (-8.76418684e-24,1.26826285e-24)
3.62327910e+00 (3.05364343e-03,8.76279524e-04) (-7.90502968e-04,2.75215581e-03) (1.50227498e-23,1.22936811e-24)
3.63579474e+00 (3.01763053e-03,8.65981337e-04) (-7.78946537e-04,2.71188502e-03) (-1.09829222e-23,6.40534209e-24)
3.64831039e+00 (2.98213971e-03,8.55831180e-04) (-7.67525741e-04,2.67208852e-03) (9.09996101e-24,1.44744180e-23)
3.66082603e+00 (2.94716507e-03,8.45827432e-04) (-7.56238626e-04,2.63275941e-03) (1.86758332e-24,2.08473860e-23)
3.67334168e+00 (2.91270077e-03,8.35968492e-04) (-7.45083261e-04,2.59389090e-03) (2.58796033e-23,1.09475732e-23)
3.68585732e+00 (2.87874107e-03,8.26252781e-04) (-7.34057735e-04,2.55547624e-03) (7.11608928e-24,-1.79713144e-23)
3.69837297e+00 (2.84528029e-03,8.16678735e-04) (-7.23160159e-04,2.51750878e-03) (-4.14485459e-26,9.66115022e-24)
3.71088861e+00 (2.81231285e-03,8.07244814e-04) (-7.12388662e-04,2.47998194e-03) (-4.06507759e-24,-3.03744570e-23)
3.72340426e+00 (2.77983322e-03,7.97949493e-04) (-7.01741398e-04,2.44288922e-03) (-1.57332764e-23,1.53296974e-23)
3.73591990e+00 (2.74783596e-03,7.88791270e-04) (-6.91216536e-04,2.40622417e-03) (-5.17417505e-24,-1.47778108e-23)
3.74843554e+00 (2.71631570e-03,7.79768660e-04) (-6.80812267e-04,2.36998043e-03) (-2.21935681e-23,9.92802307e-25)
3.76095119e+00 (2.68526714e-03,7.70880196e-04) (-6.70526804e-04,2.33415171e-03) (-6.80089538e-24,-1.21243559e-24)
3.77346683e+00 (2.65468506e-03,7.62124433e-04) (-6.60358375e-04,2.29873179e-03) (-2.65263694e-23,1.23897012e-23)
3.78598248e+00 (2.62456432e-03,7.53499944e-04) (-6.50305229e-04,2.26371451e-03) (7.46956038e-24,1.54908731e-23)
3.79849812e+00 (2.59489983e-03,7.45005318e-04) (-6.40365635e-04,2.22909379e-03) (-1.04881495e-23,8.10181048e-24)
3.81101377e+00 (2.56568659e-03,7.36639167e-04) (-6.30537879e-04,2.19486360e-03) (8.44258839e-25,1.12140885e-23)
3.82352941e+00 (2.53691967e-03,7.28400119e-04) (-6.20820266e-04,2.16101800e-03) (-2.45794471e-24,-5.98837082e-24)
3.83604506e+00 (2.50859421e-03,7.20286820e-04) (-6.11211118e-04,2.12755109e-03) (-1.86617983e-23,6.16518219e-24)
3.84856070e+00 (2.48070541e-03,7.12297937e-04) (-6.01708776e-04,2.09445705e-03) (-2.02553399e-23,3.65103388e-24)
3.86107635e+00 (2.45324855e-03,7.04432154e-04) (-5.92311598e-04,2.06173012e-03) (-1.85042828e-23,1.64796819e-23)
3.87359199e+00 (2.42621897e-03,6.96688173e-04) (-5.83017960e-04,2.02936460e-03) (-1.42320835e-24,3.19519078e-24)
3.88610763e+00 (2.39961210e-03,6.89064714e-04) (-5.73826255e-04,1.99735485e-03) (-1.58582245e-23,7.05949590e-24)
3.89862328e+00 (2.37342341e-03,6.81560516e-04) (-5.64734891e-04,1.96569529e-03) (9.97908914e-24,1.55998606e-23)
3.91113892e+00 (2.34764845e-03,6.74174335e-04) (-5.55742296e-04,1.93438041e-03) (-3.90252953e-24,1.11753618e-24)
3.92365457e+00 (2.32228284e-03,6.66904946e-04) (-5.46846912e-04,1.90340474e-03) (1.51531036e-23,8.18565191e-24)
3.93617021e+00 (2.29732226e-03,6.59751140e-04) (-5.38047196e-04,1.87276289e-03) (-1.24599522e-23,-1.40907995e-23)
3.94868586e+00 (2.27276246e-03,6.52711728e-04) (-5.29341625e-04,1.84244951e-03) (-1.34040955e-23,2.48372856e-23)
3.96120150e+00 (2.24859926e-03,6.45785537e-04) (-5.20728687e-04,1.81245931e-03) (-5.59721153e-24,-4.64495216e-24)
3.97371715e+00 (2.22482853e-03,6.38971411e-04) (-5.12206890e-04,1.78278705e-03) (-2.57453017e-23,3.50603342e-23)
3.98623279e+00 (2.20144621e-03,6.32268212e-04) (-5.03774752e-04,1.75342756e-03) (5.88430804e-24,1.05733101e-23)
3.99874844e+00 (2.17844832e-03,6.25674819e-04) (-4.95430812e-04,1.72437571e-03) (-1.54238893e-23,2.21029274e-23)
4.01126408e+00 (2.15583091e-03,6.19190130e-04) (-4.87173618e-04,1.69562643e-03) (1.99311386e-23,2.59515704e-23)
4.02377972e+00 (2.13359013e-03,6.12813056e-04) (-4.79001737e-04,1.66717469e-03) (-1.22735882e-23,5.29674881e-24)
4.03629537e+00 (2.11172217e-03,6.06542529e-04) (-4.70913748e-04,1.63901553e-03) (7.41951435e-24,2.65865826e-23)
4.04881101e+00 (2.09022328e-03,6.00377494e-04) (-4.62908243e-04,1.61114401e-03) (2.51842348e-24,1.34284260e-23)
4.06132666e+00 (2.06908977e-03,5.94316917e-04) (-4.54983832e-04,1.58355528e-03) (-4.36381205e-24,8.16239695e-24)
4.07384230e+00 (2.04831803e-03,5.88359776e-04) (-4.47139134e-04,1.55624451e-03) (1.32514503e-23,1.55636716e-23)
4.08635795e+00 (2.02790449e-03,5.82505068e-04) (-4.39372784e-04,1.52920692e-03) (8.22132658e-24,5.60131579e-24)
4.09887359e+00 (2.00784565e-03,5.76751807e-04) (-4.31683430e-04,1.50243778e-03) (1.35030419e-24,3.80642654e-24)
4.11138924e+00 (1.98813806e-03,5.71099021e-04) (-4.24069732e-04,1.47593242e-03) (6.12054541e-24,2.32344638e-23)
4.12390488e+00 (1.96877834e-03,5.65545755e-04) (-4.16530364e-04,1.44968619e-03) (1.46469413e-23,-1.55999567e-24)
4.13642053e+00 (1.94976316e-03,5.60091071e-04) (-4.09064012e-04,1.42369449e-03) (-3.06564818e-25,9.36124755e-24)
4.14893617e+00 (1.93108925e-03,5.54734046e-04) (-4.01669375e-04,1.39795280e-03) (2.17620275e-23,7.12167977e-24)
4.16145181e+00 (1.91275339e-03,5.49473772e-04) (-3.94345162e-04,1.37245658e-03) (-1.55746805e-23,1.69776872e-24)
4.17396746e+00 (1.89475244e-03,5.44309359e-04) (-3.87090096e-04,1.34720139e-03) (9.37704438e-24,9.32675079e-24)
4.18648310e+00 (1.87708328e-03,5.39239929e-04) (-3.79902911e-04,1.32218280e-03) (-2.65938658e-23,1.45720153e-24)
4.19899875e+00 (1.85974288e-03,5.34264623e-04) (-3.72782353e-04,1.29739643e-03) (3.99041490e-24,8.12464243e-24)
4.21151439e+00 (1.84272825e-03,5.29382596e-04) (-3.65727179e-04,1.27283793e-03) (-1.03287689e-23,5.15444720e-24)
4.22403004e+00 (1.82603645e-03,5.24593018e-04) (-3.58736156e-04,1.24850301e-03) (1.21375061e-23,4.00118430e-24)
4.23654568e+00 (1.80966460e-03,5.19895074e-04) (-3.51808065e-04,1.22438740e-03) (-1.74269342e-24,-2.98004737e-24)
4.24906133e+00 (1.79360988e-03,5.15287965e-04) (-3.44941694e-04,1.20048688e-03) (2.70921653e-23,-8.22257771e-24)
4.26157697e+00 (1.77786952e-03,5.10770905e-04) (-3.38135843e-04,1.17679725e-03) (-1.27541099e-23,-1.67574974e-23)
4.27409262e+00 (1.76244079e-03,5.06343125e-04) (-3.31389324e-04,1.15331437e-03) (7.95130663e-24,-1.66106469e-23)
4.28660826e+00 (1.74732104e-03,5.02003870e-04) (-3.24700957e-04,1.13003412e-03) (-2.11823389e-23,-1.50936480e-24)
4.29912390e+00 (1.73250764e-03,4.97752400e-04) (-3.18069572e-04,1.10695241e-03) (3.22064095e-25,-9.69431521e-24)
4.31163955e+00 (1.71799804e-03,4.93587989e-04) (-3.11494010e-04,1.08406521e-03) (-8.30871955e-24,-1.26554026e-23)
4.32415519e+00 (1.70378974e-03,4.89509925e-04) (-3.04973120e-04,1.06136848e-03) (-2.10348525e-24,-6.12379841e-24)
4.33667084e+00 (1.68988026e-03,4.85517511e-04) (-2.98505761e-04,1.03885827e-03) (-1.77882807e-23,-1.73624270e-23)
4.34918648e+00 (1.67626720e-03,4.81610065e-04) (-2.92090803e-04,1.01653061e-03) (3.11880031e-25,7.77262546e-24)
4.36170213e+00 (1.66294822e-03,4.77786918e-04) (-2.85727121e-04,9.94381592e-04) (-2.36659411e-25,-1.80729804e-23)
4.37421777e+00 (1.64992099e-03,4.74047416e-04) (-2.79413603e-04,9.72407329e-04) (-7.43861188e-24,5.68643720e-24)
4.38673342e+00 (1.63718327e-03,4.70390917e-04) (-2.73149142e-04,9.50603964e-04) (-6.36627702e-24,-1.00020197e-23)
4.39924906e+00 (1.62473285e-03,4.66816797e-04) (-2.66932642e-04,9.28967672e-04) (-4.50678853e-24,1.77546788e-23)
4.41176471e+00 (1.61256757e-03,4.63324442e-04) (-2.60763014e-04,9.07494657e-04) (-2.59924378e-24,-2.23934059e-23)
4.42428035e+00 (1.60068532e-03,4.59913253e-04) (-2.54639178e-04,8.86181149e-04) (-2.38765305e-23,2.07251332e-23)
4.43679599e+00 (1.58908404e-03,4.56582646e-04) (-2.48560060e-04,8.65023407e-04) (1.11921999e-24,-1.30126225e-23)
4.44931164e+00 (1.57776173e-03,4.53332047e-04) (-2.42524595e-04,8.44017717e-04) (-2.05749618e-23,8.59245845e-24)
4.46182728e+00 (1.56671641e-03,4.50160901e-04) (-2.36531725e-04,8.23160392e-04) (9.24867296e-24,-1.16792597e-23)
4.47434293e+00 (1.55594617e-03,4.47068661e-04) (-2.30580400e-04,8.02447770e-04) (-1.11368530e-23,1.19695771e-23)
4.48685857e+00 (1.54544914e-03,4.44054797e-04) (-2.24669578e-04,7.81876214e-04) (1.16764081e-23,-1.11262033e-23)
4.49937422e+00 (1.53522351e-03,4.41118790e-04) (-2.18798221e-04,7.61442111e-04) (-4.76552905e-24,1.19282780e-23)
4.51188986e+00 (1.52526749e-03,4.38260137e-04) (-2.12965299e-04,7.41141873e-04) (1.59030555e-23,5.47628344e-24)
4.52440551e+00 (1.51557936e-03,4.35478345e-04) (-2.07169791e-04,7.20971934e-04) (-1.84368267e-23,-1.29470813e-24)
4.53692115e+00 (1.50615743e-03,4.32772936e-04) (-2.01410680e-04,7.00928753e-04) (-7.79401207e-25,2.44169841e-24)
4.54943680e+00 (1.49700007e-03,4.30143444e-04) (-1.95686955e-04,6.81008809e-04) (-3.42493771e-23,7.08106870e-24)
4.56195244e+00 (1.48810568e-03,4.27589417e-04) (-1.89997612e-04,6.61208601e-04) (4.30020231e-24,5.59038722e-24)
4.57446809e+00 (1.47947273e-03,4.25110415e-04) (-1.84341654e-04,6.41524653e-04) (-2.09173657e-23,9.20468971e-25)
4.58698373e+00 (1.47109972e-03,4.22706012e-04) (-1.78718087e-04,6.21953505e-04) (5.82666369e-24,-7.27109330e-24)
4.59949937e+00 (1.46298518e-03,4.20375793e-04) (-1.73125925e-04,6.02491719e-04) (-2.50339076e-23,-3.54372366e-24)
4.61201502e+00 (1.45512771e-03,4.18119357e-04) (-1.67564186e-04,5.83135876e-04) (-3.44796801e-24,-7.99694177e-24)
4.62453066e+00 (1.44752594e-03,4.15936316e-04) (-1.62031894e-04,5.63882573e-04) (-2.32527318e-23,1.11558293e-23)
4.63704631e+00 (1.44017855e-03,4.13826293e-04) (-1.56528079e-04,5.44728429e-04) (-1.08116172e-24,-1.46964296e-23)
4.64956195e+00 (1.43308427e-03,4.11788925e-04) (-1.51051772e-04,5.25670076e-04) (-3.23308403e-23,2.45943550e-23)
4.66207760e+00 (1.42624186e-03,4.09823860e-04) (-1.45602015e-04,5.06704166e-04) (-7.07183184e-26,-1.34646007e-23)
4.67459324e+00 (1.41965013e-03,4.07930760e-04) (-1.40177848e-04,4.87827364e-04) (-2.12354526e-23,1.81272989e-23)
4.68710889e+00 (1.41330793e-03,4.06109299e-04) (-1.34778320e-04,4.69036352e-04) (4.52816088e-24,-4.03295476e-24)
4.69962453e+00 (1.40721417e-03,4.04359162e-04) (-1.29402482e-04,4.50327829e-04) (-1.95922108e-23,1.10448530e-23)
4.71214018e+00 (1.40136778e-03,4.02680049e-04) (-1.24049391e-04,4.31698505e-04) (-1.01121938e-24,-9.49864330e-24)
4.72465582e+00 (1.39576775e-03,4.01071669e-04) (-1.18718105e-04,4.13145104e-04) (-4.28167706e-24,1.15560720e-23)
4.73717146e+00 (1.39041311e-03,3.99533747e-04) (-1.13407689e-04,3.94664367e-04) (-1.24803582e-23,-9.89164899e-24)
4.74968711e+00 (1.38530291e-03,3.98066015e-04) (-1.08117210e-04,3.76253042e-04) (-1.16133423e-24,1.68971586e-23)
4.76220275e+00 (1.38043629e-03,3.96668223e-04) (-1.02845738e-04,3.57907894e-04) (1.52967545e-24,-2.65854623e-24)
4.77471840e+00 (1.37581238e-03,3.95340128e-04) (-9.75923460e-05,3.39625696e-04) (-6.67820104e-24,7.91869573e-24)
4.78723404e+00 (1.37143039e-03,3.94081503e-04) (-9.23561122e-05,3.21403235e-04) (1.00403562e-23,1.07172564e-23)
4.79974969e+00 (1.36728955e-03,3.92892130e-04) (-8.71361159e-05,3.03237305e-04) (-1.00539496e-23,3.17000107e-24)
4.81226533e+00 (1.36338915e-03,3.91771806e-04) (-8.19314399e-05,2.85124714e-04) (-2.00226956e-24,1.41030876e-23)
4.82478098e+00 (1.35972851e-03,3.90720336e-04) (-7.67411694e-05,2.67062274e-04) (-8.69358335e-24,1.78343398e-23)
4.83729662e+00 (1.35630699e-03,3.89737541e-04) (-7.15643921e-05,2.49046811e-04) (-7.74494448e-25,1.67760724e-23)
4.84981227e+00 (1.35312400e-03,3.88823252e-04) (-6.64001983e-05,2.31075155e-04) (8.11109166e-26,8.03638535e-24)
4.86232791e+00 (1.35017899e-03,3.87977311e-04) (-6.12476801e-05,2.13144146e-04) (-1.60878298e-23,1.39897405e-23)
4.87484355e+00 (1.34747144e-03,3.87199574e-04) (-5.61059317e-05,1.95250631e-04) (1.70979879e-24,6.53241927e-24)
4.88735920e+00 (1.34500089e-03,3.86489907e-04) (-5.09740493e-05,1.77391462e-04) (-1.06790154e-23,1.32925980e-23)
4.89987484e+00 (1.34276692e-03,3.85848189e-04) (-4.58511307e-05,1.59563499e-04) (3.22645255e-24,9.27675962e-24)
4.91239049e+00 (1.34076912e-03,3.85274311e-04) (-4.07362751e-05,1.41763604e-04) (-2.71596310e-24,1.12850086e-23)
4.92490613e+00 (1.33900717e-03,3.84768174e-04) (-3.56285833e-05,1.23988648e-04) (2.50221890e-24,1.67503746e-23)
4.93742178e+00 (1.33748075e-03,3.84329693e-04) (-3.05271571e-05,1.06235504e-04) (-1.69498835e-23,7.27513034e-24)
4.94993742e+00 (1.33618961e-03,3.83958793e-04) (-2.54310996e-05,8.85010488e-05) (5.04139600e-24,2.06800946e-23)
4.96245307e+00 (1.33513351e-03,3.83655413e-04) (-2.03395145e-05,7.07821628e-05) (-5.85564325e-24,1.25084555e-23)
4.97496871e+00 (1.33431229e-03,3.83419501e-04) (-1.52515066e-05,5.30757291e-05) (3.35062629e-24,8.06956277e-24)
4.98748436e+00 (1.33372580e-03,3.83251018e-04) (-1.01661811e-05,3.53786328e-05) (4.16024455e-24,1.98864578e-23)
5.00000000e+00 (1.33325664e-03,3.83116242e-04) (-5.08264357e-06,1.76877605e-05) (7.20632876e-24,8.64627045e-24)
