1.06 	 500
Z	 ux	 uz 	 rho
-5.00000000e+00 (2.01953010e-05,-3.57010494e-04) (-7.58379072e-06,-4.28998386e-07) (-1.69446863e-12,1.38394144e-12)
-4.97995992e+00 (2.02132653e-05,-3.57332550e-04) (-1.51710014e-05,-8.58187567e-07) (-2.56354576e-12,2.45776281e-12)
-4.95991984e+00 (2.02357205e-05,-3.57735202e-04) (-2.27650533e-05,-1.28775835e-06) (7.06372115e-14,5.49016138e-13)
-4.93987976e+00 (2.02671575e-05,-3.58299152e-04) (-3.03693707e-05,-1.71790154e-06) (-3.57363590e-12,3.45230472e-12)
-4.91983968e+00 (2.03075778e-05,-3.59024642e-04) (-3.79873820e-05,-2.14880793e-06) (1.58028893e-12,1.02990798e-13)
-4.89979960e+00 (2.03569869e-05,-3.59911989e-04) (-4.56225218e-05,-2.58066838e-06) (-4.05771597e-12,3.07332656e-12)
-4.87975952e+00 (2.04153936e-05,-3.60961582e-04) (-5.32782321e-05,-3.01367390e-06) (3.08284855e-12,1.18931850e-12)
-4.85971944e+00 (2.04828101e-05,-3.62173881e-04) (-6.09579638e-05,-3.44801576e-06) (-3.61439398e-12,1.56411220e-12)
-4.83967936e+00 (2.05592510e-05,-3.63549420e-04) (-6.86651785e-05,-3.88388547e-06) (3.24828085e-12,3.05029659e-12)
-4.81963928e+00 (2.06447338e-05,-3.65088806e-04) (-7.64033500e-05,-4.32147492e-06) (-1.05015158e-12,-7.65180633e-13)
-4.79959920e+00 (2.07392795e-05,-3.66792718e-04) (-8.41759655e-05,-4.76097637e-06) (1.61777671e-12,3.68980267e-12)
-4.77955912e+00 (2.08429121e-05,-3.68661909e-04) (-9.19865276e-05,-5.20258258e-06) (3.06421608e-12,-1.29756253e-12)
-4.75951904e+00 (2.09556592e-05,-3.70697205e-04) (-9.98385556e-05,-5.64648686e-06) (-6.47356950e-14,4.81889320e-13)
-4.73947896e+00 (2.10775503e-05,-3.72899506e-04) (-1.07735587e-04,-6.09288313e-06) (4.09284144e-12,1.81843019e-13)
-4.71943888e+00 (2.12086169e-05,-3.75269786e-04) (-1.15681180e-04,-6.54196596e-06) (7.59903047e-13,-4.00102540e-12)
-4.69939880e+00 (2.13488932e-05,-3.77809095e-04) (-1.23678913e-04,-6.99393058e-06) (3.84091395e-15,-3.43942402e-13)
-4.67935872e+00 (2.14984176e-05,-3.80518555e-04) (-1.31732388e-04,-7.44897305e-06) (1.59267345e-12,-4.00576929e-12)
-4.65931864e+00 (2.16572309e-05,-3.83399365e-04) (-1.39845232e-04,-7.90729021e-06) (-3.26503735e-12,-2.60853131e-12)
-4.63927856e+00 (2.18253752e-05,-3.86452800e-04) (-1.48021098e-04,-8.36907985e-06) (-1.95135093e-12,-7.14933551e-13)
-4.61923848e+00 (2.20028944e-05,-3.89680211e-04) (-1.56263668e-04,-8.83454062e-06) (-3.47915329e-12,-7.59882519e-13)
-4.59919840e+00 (2.21898351e-05,-3.93083026e-04) (-1.64576651e-04,-9.30387216e-06) (-4.02429205e-12,1.57572704e-12)
-4.57915832e+00 (2.23862465e-05,-3.96662750e-04) (-1.72963788e-04,-9.77727510e-06) (-2.82655509e-12,3.35807131e-12)
-4.55911824e+00 (2.25921800e-05,-4.00420964e-04) (-1.81428856e-04,-1.02549512e-05) (-2.18726796e-12,3.41289528e-12)
-4.53907816e+00 (2.28076883e-05,-4.04359331e-04) (-1.89975661e-04,-1.07371032e-05) (-4.22624092e-13,4.64433516e-12)
-4.51903808e+00 (2.30328254e-05,-4.08479591e-04) (-1.98608050e-04,-1.12239351e-05) (7.18285904e-13,3.79351876e-12)
-4.49899800e+00 (2.32676470e-05,-4.12783563e-04) (-2.07329904e-04,-1.17156521e-05) (2.88623010e-12,3.89341017e-12)
-4.47895792e+00 (2.35122113e-05,-4.17273149e-04) (-2.16145147e-04,-1.22124604e-05) (2.46424207e-12,1.50434893e-13)
-4.45891784e+00 (2.37665775e-05,-4.21950329e-04) (-2.25057741e-04,-1.27145677e-05) (1.41034850e-12,2.61711213e-12)
-4.43887776e+00 (2.40308050e-05,-4.26817166e-04) (-2.34071694e-04,-1.32221827e-05) (5.26026112e-12,-6.23076777e-13)
-4.41883768e+00 (2.43049542e-05,-4.31875806e-04) (-2.43191056e-04,-1.37355157e-05) (1.11675033e-14,-4.04065851e-12)
-4.39879760e+00 (2.45890861e-05,-4.37128478e-04) (-2.52419924e-04,-1.42547780e-05) (-1.05691099e-12,2.72621921e-13)
-4.37875752e+00 (2.48832629e-05,-4.42577496e-04) (-2.61762446e-04,-1.47801823e-05) (5.53231728e-13,-1.63736794e-12)
-4.35871743e+00 (2.51875476e-05,-4.48225256e-04) (-2.71222816e-04,-1.53119427e-05) (-2.45812199e-12,-1.04507797e-12)
-4.33867735e+00 (2.55020021e-05,-4.54074242e-04) (-2.80805283e-04,-1.58502745e-05) (-2.37104194e-12,1.24902353e-14)
-4.31863727e+00 (2.58266876e-05,-4.60127025e-04) (-2.90514147e-04,-1.63953944e-05) (-3.62981031e-12,2.37757476e-12)
-4.29859719e+00 (2.61616654e-05,-4.66386263e-04) (-3.00353765e-04,-1.69475205e-05) (-7.13620024e-15,3.36250013e-12)
-4.27855711e+00 (2.65069967e-05,-4.72854703e-04) (-3.10328553e-04,-1.75068720e-05) (-1.86126733e-12,1.71584382e-12)
-4.25851703e+00 (2.68627412e-05,-4.79535178e-04) (-3.20442983e-04,-1.80736695e-05) (-2.66693787e-13,6.04786871e-12)
-4.23847695e+00 (2.72289570e-05,-4.86430616e-04) (-3.30701591e-04,-1.86481348e-05) (3.40935041e-12,3.30196286e-12)
-4.21843687e+00 (2.76056999e-05,-4.93544035e-04) (-3.41108973e-04,-1.92304909e-05) (2.67911125e-12,2.43281469e-12)
-4.19839679e+00 (2.79930234e-05,-5.00878544e-04) (-3.51669794e-04,-1.98209621e-05) (4.50542732e-12,9.87580572e-13)
-4.17835671e+00 (2.83909791e-05,-5.08437345e-04) (-3.62388783e-04,-2.04197737e-05) (2.73903167e-12,-1.31121967e-12)
-4.15831663e+00 (2.87996156e-05,-5.16223736e-04) (-3.73270739e-04,-2.10271520e-05) (1.37138308e-12,-7.38971525e-13)
-4.13827655e+00 (2.92189771e-05,-5.24241110e-04) (-3.84320533e-04,-2.16433245e-05) (9.36866310e-13,-3.41194791e-13)
-4.11823647e+00 (2.96491037e-05,-5.32492957e-04) (-3.95543107e-04,-2.22685194e-05) (1.84419207e-12,8.72883289e-13)
-4.09819639e+00 (3.00900313e-05,-5.40982863e-04) (-4.06943480e-04,-2.29029657e-05) (3.66060631e-12,-2.25498109e-12)
-4.07815631e+00 (3.05417908e-05,-5.49714515e-04) (-4.18526748e-04,-2.35468934e-05) (-2.26824233e-12,-4.31424796e-12)
-4.05811623e+00 (3.10044070e-05,-5.58691697e-04) (-4.30298085e-04,-2.42005328e-05) (-3.41747722e-12,3.61888782e-12)
-4.03807615e+00 (3.14778982e-05,-5.67918296e-04) (-4.42262748e-04,-2.48641147e-05) (4.97769382e-12,3.31889903e-12)
-4.01803607e+00 (3.19622752e-05,-5.77398301e-04) (-4.54426077e-04,-2.55378704e-05) (3.33576260e-12,-3.94761780e-12)
-3.99799599e+00 (3.24575410e-05,-5.87135804e-04) (-4.66793497e-04,-2.62220310e-05) (-7.36482205e-13,-1.44095262e-12)
-3.97795591e+00 (3.29636897e-05,-5.97135000e-04) (-4.79370524e-04,-2.69168280e-05) (1.91674062e-12,-8.74895177e-13)
-3.95791583e+00 (3.34807057e-05,-6.07400191e-04) (-4.92162760e-04,-2.76224924e-05) (6.22389608e-13,-4.08381209e-12)
-3.93787575e+00 (3.40085631e-05,-6.17935784e-04) (-5.05175902e-04,-2.83392548e-05) (-2.44828546e-12,-2.78243287e-12)
-3.91783567e+00 (3.45472244e-05,-6.28746298e-04) (-5.18415743e-04,-2.90673452e-05) (-2.62248423e-12,-1.04421525e-12)
-3.89779559e+00 (3.50966386e-05,-6.39836355e-04) (-5.31888170e-04,-2.98069926e-05) (-2.29431537e-12,1.51148924e-13)
-3.87775551e+00 (3.56567414e-05,-6.51210692e-04) (-5.45599171e-04,-3.05584248e-05) (-1.21492142e-12,4.95584835e-13)
-3.85771543e+00 (3.62274536e-05,-6.62874152e-04) (-5.59554837e-04,-3.13218682e-05) (-8.05755061e-13,1.94447986e-14)
-3.83767535e+00 (3.68086797e-05,-6.74831696e-04) (-5.73761360e-04,-3.20975471e-05) (-1.20735106e-12,-4.27147668e-14)
-3.81763527e+00 (3.74003067e-05,-6.87088394e-04) (-5.88225041e-04,-3.28856838e-05) (-1.41506573e-12,8.32850609e-13)
-3.79759519e+00 (3.80022020e-05,-6.99649434e-04) (-6.02952290e-04,-3.36864980e-05) (-2.26506307e-13,1.69005302e-12)
-3.77755511e+00 (3.86142122e-05,-7.12520116e-04) (-6.17949626e-04,-3.45002062e-05) (5.38069862e-13,6.12504972e-13)
-3.75751503e+00 (3.92361616e-05,-7.25705858e-04) (-6.33223685e-04,-3.53270216e-05) (3.10951623e-13,1.23056681e-12)
-3.73747495e+00 (3.98678506e-05,-7.39212195e-04) (-6.48781218e-04,-3.61671534e-05) (2.73870154e-12,7.00952857e-13)
-3.71743487e+00 (4.05090535e-05,-7.53044781e-04) (-6.64629093e-04,-3.70208061e-05) (2.28564262e-12,-2.96778556e-12)
-3.69739479e+00 (4.11595166e-05,-7.67209390e-04) (-6.80774303e-04,-3.78881793e-05) (-1.49837239e-12,-3.05297178e-12)
-3.67735471e+00 (4.18189552e-05,-7.81711914e-04) (-6.97223961e-04,-3.87694669e-05) (-2.45458145e-12,-7.83094232e-14)
-3.65731463e+00 (4.24870524e-05,-7.96558367e-04) (-7.13985310e-04,-3.96648564e-05) (-7.21861900e-14,1.47430101e-12)
-3.63727455e+00 (4.31634565e-05,-8.11754884e-04) (-7.31065719e-04,-4.05745280e-05) (1.11138034e-12,-7.26764749e-13)
-3.61723447e+00 (4.38477784e-05,-8.27307724e-04) (-7.48472692e-04,-4.14986545e-05) (-6.15605848e-13,-1.45587456e-12)
-3.59719439e+00 (4.45395881e-05,-8.43223267e-04) (-7.66213863e-04,-4.24373996e-05) (-1.70909622e-12,-3.89191117e-13)
-3.57715431e+00 (4.52384122e-05,-8.59508017e-04) (-7.84297007e-04,-4.33909176e-05) (-1.13772288e-12,1.23636539e-12)
-3.55711423e+00 (4.59437303e-05,-8.76168601e-04) (-8.02730035e-04,-4.43593522e-05) (4.34114305e-13,1.27776280e-12)
-3.53707415e+00 (4.66549729e-05,-8.93211770e-04) (-8.21521003e-04,-4.53428356e-05) (1.11924687e-12,1.23173652e-13)
-3.51703407e+00 (4.73715173e-05,-9.10644401e-04) (-8.40678111e-04,-4.63414873e-05) (4.21689954e-13,-6.78429726e-13)
-3.49699399e+00 (4.80926827e-05,-9.28473494e-04) (-8.60209703e-04,-4.73554131e-05) (-1.25699598e-13,-4.83846410e-13)
-3.47695391e+00 (4.88177262e-05,-9.46706171e-04) (-8.80124279e-04,-4.83847035e-05) (-3.40978067e-13,-1.78585654e-13)
-3.45691383e+00 (4.95458395e-05,-9.65349682e-04) (-9.00430487e-04,-4.94294327e-05) (-3.61089082e-13,6.91868154e-14)
-3.43687375e+00 (5.02761448e-05,-9.84411396e-04) (-9.21137131e-04,-5.04896570e-05) (-3.05562724e-13,4.62359267e-13)
-3.41683367e+00 (5.10076891e-05,-1.00389881e-03) (-9.42253175e-04,-5.15654132e-05) (4.16448265e-13,5.47112145e-13)
-3.39679359e+00 (5.17394382e-05,-1.02381954e-03) (-9.63787742e-04,-5.26567171e-05) (4.85304159e-13,-4.65060343e-13)
-3.37675351e+00 (5.24702711e-05,-1.04418131e-03) (-9.85750117e-04,-5.37635617e-05) (-5.86050465e-13,-3.90263606e-13)
-3.35671343e+00 (5.31989752e-05,-1.06499200e-03) (-1.00814975e-03,-5.48859150e-05) (-3.35472726e-13,4.57358456e-13)
-3.33667335e+00 (5.39242401e-05,-1.08625957e-03) (-1.03099627e-03,-5.60237185e-05) (1.86858678e-13,2.11861714e-13)
-3.31663327e+00 (5.46446505e-05,-1.10799212e-03) (-1.05429946e-03,-5.71768847e-05) (2.05156060e-13,1.19174405e-13)
-3.29659319e+00 (5.53586784e-05,-1.13019785e-03) (-1.07806928e-03,-5.83452949e-05) (5.22329109e-13,-8.79767815e-14)
-3.27655311e+00 (5.60646755e-05,-1.15288509e-03) (-1.10231588e-03,-5.95287965e-05) (3.64549317e-13,-5.25957649e-13)
-3.25651303e+00 (5.67608656e-05,-1.17606226e-03) (-1.12704957e-03,-6.07272009e-05) (-3.38253734e-14,-4.29162791e-13)
-3.23647295e+00 (5.74453365e-05,-1.19973790e-03) (-1.15228085e-03,-6.19402802e-05) (9.74300968e-14,-1.01062974e-13)
-3.21643287e+00 (5.81160303e-05,-1.22392066e-03) (-1.17802040e-03,-6.31677643e-05) (2.47471903e-13,-3.89013681e-13)
-3.19639279e+00 (5.87707334e-05,-1.24861926e-03) (-1.20427908e-03,-6.44093380e-05) (-1.86173687e-13,-4.39755984e-13)
-3.17635271e+00 (5.94070660e-05,-1.27384256e-03) (-1.23106795e-03,-6.56646372e-05) (-2.71757033e-13,-1.44669280e-13)
-3.15631263e+00 (6.00224715e-05,-1.29959947e-03) (-1.25839825e-03,-6.69332454e-05) (-3.40475117e-13,-1.28806663e-13)
-3.13627255e+00 (6.06142051e-05,-1.32589902e-03) (-1.28628140e-03,-6.82146901e-05) (-3.96350694e-13,1.89703644e-13)
-3.11623246e+00 (6.11793206e-05,-1.35275029e-03) (-1.31472903e-03,-6.95084381e-05) (-9.80738395e-14,2.05676561e-13)
-3.09619238e+00 (6.17146578e-05,-1.38016246e-03) (-1.34375295e-03,-7.08138917e-05) (-4.81120508e-14,7.29265037e-14)
-3.07615230e+00 (6.22168276e-05,-1.40814475e-03) (-1.37336519e-03,-7.21303835e-05) (-1.38813097e-13,5.87347212e-15)
-3.05611222e+00 (6.26821974e-05,-1.43670648e-03) (-1.40357794e-03,-7.34571717e-05) (-4.88392470e-14,2.31749892e-13)
-3.03607214e+00 (6.31068752e-05,-1.46585698e-03) (-1.43440362e-03,-7.47934347e-05) (2.10258749e-13,8.44033348e-14)
-3.01603206e+00 (6.34866925e-05,-1.49560565e-03) (-1.46585483e-03,-7.61382654e-05) (2.76625504e-13,-5.07595133e-14)
-2.99599198e+00 (6.38171863e-05,-1.52596192e-03) (-1.49794438e-03,-7.74906650e-05) (1.93771796e-13,-3.34085929e-13)
-2.97595190e+00 (6.40935805e-05,-1.55693522e-03) (-1.53068528e-03,-7.88495366e-05) (-1.47237010e-13,-3.39197118e-13)
-2.95591182e+00 (6.43107648e-05,-1.58853503e-03) (-1.56409073e-03,-8.02136788e-05) (-4.34783315e-13,4.79328568e-14)
-2.93587174e+00 (6.44632727e-05,-1.62077079e-03) (-1.59817414e-03,-8.15817776e-05) (3.50891061e-14,4.61529924e-13)
-2.91583166e+00 (6.45452588e-05,-1.65365196e-03) (-1.63294912e-03,-8.29523990e-05) (2.07910687e-13,6.14234984e-14)
-2.89579158e+00 (6.45504752e-05,-1.68718793e-03) (-1.66842949e-03,-8.43239809e-05) (8.43794069e-14,7.85409148e-14)
-2.87575150e+00 (6.44722456e-05,-1.72138810e-03) (-1.70462925e-03,-8.56948240e-05) (2.37904853e-14,1.44245732e-14)
-2.85571142e+00 (6.43034362e-05,-1.75626176e-03) (-1.74156261e-03,-8.70630823e-05) (6.89824103e-14,3.55850076e-14)
-2.83567134e+00 (6.40364266e-05,-1.79181813e-03) (-1.77924398e-03,-8.84267536e-05) (-2.07768633e-13,-1.13659241e-13)
-2.81563126e+00 (6.36630792e-05,-1.82806636e-03) (-1.81768795e-03,-8.97836680e-05) (-1.51097266e-13,3.33625749e-13)
-2.79559118e+00 (6.31747065e-05,-1.86501543e-03) (-1.85690932e-03,-9.11314776e-05) (1.40034755e-13,5.43471683e-14)
-2.77555110e+00 (6.25620358e-05,-1.90267423e-03) (-1.89692308e-03,-9.24676435e-05) (-2.97620119e-14,3.20428328e-14)
-2.75551102e+00 (6.18151712e-05,-1.94105143e-03) (-1.93774438e-03,-9.37894238e-05) (1.19953631e-13,-1.87574307e-14)
-2.73547094e+00 (6.09235537e-05,-1.98015554e-03) (-1.97938859e-03,-9.50938592e-05) (1.27075498e-14,-2.09562720e-13)
-2.71543086e+00 (5.98759194e-05,-2.01999483e-03) (-2.02187123e-03,-9.63777591e-05) (-1.32579613e-13,-1.33055622e-13)
-2.69539078e+00 (5.86602553e-05,-2.06057733e-03) (-2.06520801e-03,-9.76376858e-05) (-1.54514606e-13,-6.13722574e-14)
-2.67535070e+00 (5.72637514e-05,-2.10191076e-03) (-2.10941480e-03,-9.88699383e-05) (-1.18443268e-13,1.64035902e-13)
-2.65531062e+00 (5.56727502e-05,-2.14400253e-03) (-2.15450762e-03,-1.00070535e-04) (1.91602586e-13,6.56174557e-14)
-2.63527054e+00 (5.38726927e-05,-2.18685971e-03) (-2.20050268e-03,-1.01235193e-04) (-1.82221412e-14,-8.58122117e-14)
-2.61523046e+00 (5.18480620e-05,-2.23048894e-03) (-2.24741629e-03,-1.02359314e-04) (-1.88382270e-14,1.22653871e-13)
-2.59519038e+00 (4.95823229e-05,-2.27489644e-03) (-2.29526493e-03,-1.03437957e-04) (6.76655701e-14,1.40358611e-13)
-2.57515030e+00 (4.70578575e-05,-2.32008792e-03) (-2.34406520e-03,-1.04465818e-04) (1.33180787e-13,1.23331261e-13)
-2.55511022e+00 (4.42558975e-05,-2.36606857e-03) (-2.39383380e-03,-1.05437208e-04) (1.19951972e-13,7.64166773e-14)
-2.53507014e+00 (4.11564525e-05,-2.41284298e-03) (-2.44458755e-03,-1.06346028e-04) (1.24910808e-13,3.48501070e-14)
-2.51503006e+00 (3.77382328e-05,-2.46041510e-03) (-2.49634336e-03,-1.07185739e-04) (4.02330483e-14,-3.17240509e-15)
-2.49498998e+00 (3.39785675e-05,-2.50878817e-03) (-2.54911821e-03,-1.07949336e-04) (1.37784929e-14,1.64528619e-14)
-2.47494990e+00 (2.98533190e-05,-2.55796465e-03) (-2.60292915e-03,-1.08629318e-04) (-3.83469475e-14,5.66671049e-14)
-2.45490982e+00 (2.53367919e-05,-2.60794618e-03) (-2.65779326e-03,-1.09217653e-04) (1.13205127e-13,8.19894565e-14)
-2.43486974e+00 (2.04016364e-05,-2.65873348e-03) (-2.71372767e-03,-1.09705750e-04) (4.00999382e-14,-1.48625636e-13)
-2.41482966e+00 (1.50187445e-05,-2.71032628e-03) (-2.77074948e-03,-1.10084416e-04) (-7.97780588e-14,9.94848532e-15)
-2.39478958e+00 (9.15714050e-06,-2.76272322e-03) (-2.82887580e-03,-1.10343821e-04) (2.79513068e-14,-7.37406675e-14)
-2.37474950e+00 (2.78386580e-06,-2.81592180e-03) (-2.88812369e-03,-1.10473457e-04) (-1.41926398e-13,2.36972591e-14)
-2.35470942e+00 (-4.13614288e-06,-2.86991826e-03) (-2.94851015e-03,-1.10462094e-04) (1.02895523e-13,1.24230196e-13)
-2.33466934e+00 (-1.16401838e-05,-2.92470749e-03) (-3.01005208e-03,-1.10297733e-04) (1.22282528e-13,-8.19843907e-14)
-2.31462926e+00 (-1.97679285e-05,-2.98028291e-03) (-3.07276626e-03,-1.09967561e-04) (-2.31155620e-14,-1.23980882e-13)
-2.29458918e+00 (-2.85615678e-05,-3.03663635e-03) (-3.13666931e-03,-1.09457893e-04) (-1.10918766e-13,6.83399064e-14)
-2.27454910e+00 (-3.80659665e-05,-3.09375798e-03) (-3.20177766e-03,-1.08754123e-04) (1.28435823e-13,1.11978425e-13)
-2.25450902e+00 (-4.83288268e-05,-3.15163611e-03) (-3.26810753e-03,-1.07840662e-04) (1.24091013e-13,-7.94771295e-14)
-2.23446894e+00 (-5.94008629e-05,-3.21025710e-03) (-3.33567483e-03,-1.06700875e-04) (3.27466592e-14,-9.85028718e-14)
-2.21442886e+00 (-7.13359842e-05,-3.26960521e-03) (-3.40449520e-03,-1.05317018e-04) (2.60679491e-14,-1.18334901e-13)
-2.19438878e+00 (-8.41914903e-05,-3.32966243e-03) (-3.47458391e-03,-1.03670168e-04) (-1.47545002e-13,-1.57449884e-13)
-2.17434870e+00 (-9.80282771e-05,-3.39040832e-03) (-3.54595581e-03,-1.01740145e-04) (-1.34967013e-13,1.35632955e-13)
-2.15430862e+00 (-1.12911056e-04,-3.45181985e-03) (-3.61862530e-03,-9.95054392e-05) (4.78174151e-14,6.44413398e-14)
-2.13426854e+00 (-1.28908588e-04,-3.51387119e-03) (-3.69260627e-03,-9.69431223e-05) (5.56673329e-14,1.62911143e-13)
-2.11422846e+00 (-1.46093921e-04,-3.57653354e-03) (-3.76791202e-03,-9.40287617e-05) (2.48189214e-13,6.54215017e-14)
-2.09418838e+00 (-1.64544657e-04,-3.63977489e-03) (-3.84455519e-03,-9.07363264e-05) (2.34686930e-13,-1.20632621e-14)
-2.07414830e+00 (-1.84343223e-04,-3.70355983e-03) (-3.92254774e-03,-8.70380869e-05) (2.03138007e-13,-1.91518214e-13)
-2.05410822e+00 (-2.05577159e-04,-3.76784930e-03) (-4.00190082e-03,-8.29045101e-05) (-5.98155266e-14,-1.96244571e-13)
-2.03406814e+00 (-2.28339431e-04,-3.83260033e-03) (-4.08262471e-03,-7.83041475e-05) (-2.28472807e-13,-1.94648715e-14)
-2.01402806e+00 (-2.52728754e-04,-3.89776578e-03) (-4.16472873e-03,-7.32035163e-05) (-1.04026109e-13,2.48116783e-13)
-1.99398798e+00 (-2.78849931e-04,-3.96329408e-03) (-4.24822117e-03,-6.75669740e-05) (1.23327365e-13,1.37605434e-13)
-1.97394790e+00 (-3.06814223e-04,-4.02912888e-03) (-4.33310916e-03,-6.13565853e-05) (1.17990558e-13,1.75468668e-15)
-1.95390782e+00 (-3.36739730e-04,-4.09520881e-03) (-4.41939859e-03,-5.45319810e-05) (9.43900367e-14,-7.29300804e-14)
-1.93386774e+00 (-3.68751799e-04,-4.16146705e-03) (-4.50709398e-03,-4.70502080e-05) (1.34748011e-14,-1.42006220e-13)
-1.91382766e+00 (-4.02983454e-04,-4.22783105e-03) (-4.59619839e-03,-3.88655719e-05) (-7.73023608e-14,-7.80935829e-14)
-1.89378758e+00 (-4.39575851e-04,-4.29422211e-03) (-4.68671326e-03,-2.99294681e-05) (-1.54384791e-13,-5.84889926e-14)
-1.87374749e+00 (-4.78678756e-04,-4.36055501e-03) (-4.77863829e-03,-2.01902050e-05) (-2.01658611e-13,1.94305229e-13)
-1.85370741e+00 (-5.20451057e-04,-4.42673753e-03) (-4.87197131e-03,-9.59281552e-06) (5.33736442e-14,3.45047593e-13)
-1.83366733e+00 (-5.65061297e-04,-4.49267004e-03) (-4.96670810e-03,1.92114247e-06) (3.01248572e-13,3.52733910e-13)
-1.81362725e+00 (-6.12688246e-04,-4.55824504e-03) (-5.06284226e-03,1.44137967e-05) (5.83983140e-13,1.32451707e-13)
-1.79358717e+00 (-6.63521497e-04,-4.62334657e-03) (-5.16036500e-03,2.79511842e-05) (3.84160343e-13,-3.56842963e-13)
-1.77354709e+00 (-7.17762103e-04,-4.68784975e-03) (-5.25926500e-03,4.26034876e-05) (8.00179718e-14,-4.09010160e-13)
-1.75350701e+00 (-7.75623245e-04,-4.75162016e-03) (-5.35952816e-03,5.84452856e-05) (-1.82281620e-13,-5.35274295e-13)
-1.73346693e+00 (-8.37330945e-04,-4.81451324e-03) (-5.46113744e-03,7.55558178e-05) (-4.09649931e-13,-3.09340330e-13)
-1.71342685e+00 (-9.03124811e-04,-4.87637364e-03) (-5.56407261e-03,9.40192656e-05) (-5.30249414e-13,8.21093476e-14)
-1.69338677e+00 (-9.73258828e-04,-4.93703452e-03) (-5.66831003e-03,1.13925048e-04) (-1.31580460e-13,3.38365653e-13)
-1.67334669e+00 (-1.04800220e-03,-4.99631684e-03) (-5.77382237e-03,1.35368138e-04) (1.09346046e-13,2.73329483e-13)
-1.65330661e+00 (-1.12764025e-03,-5.05402852e-03) (-5.88057840e-03,1.58449390e-04) (1.07215605e-13,-3.47006282e-14)
-1.63326653e+00 (-1.21247531e-03,-5.10996367e-03) (-5.98854262e-03,1.83275900e-04) (-3.03335384e-13,-2.46150922e-14)
-1.61322645e+00 (-1.30282777e-03,-5.16390166e-03) (-6.09767505e-03,2.09961367e-04) (-1.98001006e-13,5.98216319e-13)
-1.59318637e+00 (-1.39903712e-03,-5.21560615e-03) (-6.20793083e-03,2.38626498e-04) (5.43999597e-13,5.81459475e-13)
-1.57314629e+00 (-1.50146302e-03,-5.26482411e-03) (-6.31925992e-03,2.69399417e-04) (1.23768351e-12,-1.30696223e-13)
-1.55310621e+00 (-1.61048652e-03,-5.31128469e-03) (-6.43160672e-03,3.02416110e-04) (5.76690711e-13,-1.52672126e-12)
-1.53306613e+00 (-1.72651132e-03,-5.35469806e-03) (-6.54490969e-03,3.37820889e-04) (-1.24732726e-12,-1.40249084e-12)
-1.51302605e+00 (-1.84996506e-03,-5.39475416e-03) (-6.65910091e-03,3.75766891e-04) (-1.67257862e-12,6.37707042e-13)
-1.49298597e+00 (-1.98130078e-03,-5.43112131e-03) (-6.77410566e-03,4.16416599e-04) (4.22106613e-13,1.86571244e-12)
-1.47294589e+00 (-2.12099836e-03,-5.46344476e-03) (-6.88984193e-03,4.59942395e-04) (2.48070942e-12,-9.57682321e-14)
-1.45290581e+00 (-2.26956619e-03,-5.49134512e-03) (-7.00621994e-03,5.06527151e-04) (5.99266304e-13,-2.84529926e-12)
-1.43286573e+00 (-2.42754284e-03,-5.51441657e-03) (-7.12314157e-03,5.56364847e-04) (-2.95931371e-12,-1.93332026e-12)
-1.41282565e+00 (-2.59549886e-03,-5.53222505e-03) (-7.24049977e-03,6.09661235e-04) (-2.73983152e-12,2.64864891e-12)
-1.39278557e+00 (-2.77403876e-03,-5.54430620e-03) (-7.35817798e-03,6.66634538e-04) (2.93939569e-12,3.51277159e-12)
-1.37274549e+00 (-2.96380307e-03,-5.55016307e-03) (-7.47604945e-03,7.27516189e-04) (5.79880254e-12,-2.01197131e-12)
-1.35270541e+00 (-3.16547058e-03,-5.54926371e-03) (-7.59397649e-03,7.92551622e-04) (1.57286174e-12,-5.70320829e-12)
-1.33266533e+00 (-3.37976075e-03,-5.54103842e-03) (-7.71180975e-03,8.62001111e-04) (-1.04205961e-12,-2.25348993e-12)
-1.31262525e+00 (-3.60743628e-03,-5.52487676e-03) (-7.82938734e-03,9.36140656e-04) (4.80939290e-12,-3.61006344e-13)
-1.29258517e+00 (-3.84930591e-03,-5.50012415e-03) (-7.94653397e-03,1.01526293e-03) (8.81175882e-12,-6.65112317e-12)
-1.27254509e+00 (-4.10622743e-03,-5.46607820e-03) (-8.06305995e-03,1.09967830e-03) (7.19009286e-12,-1.02867520e-11)
-1.25250501e+00 (-4.37911096e-03,-5.42198443e-03) (-8.17876014e-03,1.18971588e-03) (1.27507503e-11,-9.16234996e-12)
-1.23246493e+00 (-4.66892253e-03,-5.36703160e-03) (-8.29341280e-03,1.28572470e-03) (2.65236866e-11,-1.67814942e-11)
-1.21242485e+00 (-4.97668794e-03,-5.30034628e-03) (-8.40677832e-03,1.38807492e-03) (3.78700058e-11,-3.32942394e-11)
-1.19238477e+00 (-5.30349703e-03,-5.22098676e-03) (-8.51859785e-03,1.49715914e-03) (5.13419462e-11,-4.76560077e-11)
-1.17234469e+00 (-5.65050834e-03,-5.12793603e-03) (-8.62859178e-03,1.61339383e-03) (8.19127215e-11,-6.63820487e-11)
-1.15230461e+00 (-6.01895427e-03,-5.02009367e-03) (-8.73645806e-03,1.73722081e-03) (1.34948440e-10,-1.05232100e-10)
-1.13226453e+00 (-6.41014675e-03,-4.89626654e-03) (-8.84187031e-03,1.86910892e-03) (2.05913041e-10,-1.71966837e-10)
-1.11222445e+00 (-6.82548351e-03,-4.75515777e-03) (-8.94447580e-03,2.00955571e-03) (3.08971564e-10,-2.63867460e-10)
-1.09218437e+00 (-7.26645512e-03,-4.59535400e-03) (-9.04389305e-03,2.15908938e-03) (4.80081776e-10,-4.00820850e-10)
-1.07214429e+00 (-7.73465272e-03,-4.41531017e-03) (-9.13970927e-03,2.31827083e-03) (7.50551737e-10,-6.21747567e-10)
-1.05210421e+00 (-8.23177665e-03,-4.21333155e-03) (-9.23147737e-03,2.48769587e-03) (1.16512270e-09,-9.71723457e-10)
-1.03206413e+00 (-8.75964593e-03,-3.98755220e-03) (-9.31871254e-03,2.66799762e-03) (1.80485221e-09,-1.51422327e-09)
-1.01202405e+00 (-9.32020884e-03,-3.73590932e-03) (-9.40088840e-03,2.85984916e-03) (2.80184953e-09,-2.35793908e-09)
-9.91983968e-01 (-9.91555460e-03,-3.45611260e-03) (-9.47743253e-03,3.06396641e-03) (4.35785702e-09,-3.67729343e-09)
-9.71943888e-01 (-1.05479269e-02,-3.14560754e-03) (-9.54772124e-03,3.28111120e-03) (6.78801907e-09,-5.74886720e-09)
-9.51903808e-01 (-1.12197405e-02,-2.80153137e-03) (-9.61107357e-03,3.51209477e-03) (1.05842419e-08,-9.00820153e-09)
-9.31863727e-01 (-1.19336029e-02,-2.42065881e-03) (-9.66674422e-03,3.75778154e-03) (1.65197457e-08,-1.41431830e-08)
-9.11823647e-01 (-1.26923450e-02,-1.99933205e-03) (-9.71391519e-03,4.01909353e-03) (2.58219199e-08,-2.22511235e-08)
-8.91783567e-01 (-1.34990642e-02,-1.53336452e-03) (-9.75168578e-03,4.29701544e-03) (4.04297176e-08,-3.51063187e-08)
-8.71743487e-01 (-1.43571813e-02,-1.01789981e-03) (-9.77906013e-03,4.59260087e-03) (6.33967435e-08,-5.55581173e-08)
-8.51703407e-01 (-1.52705030e-02,-4.47196894e-04) (-9.79493122e-03,4.90697985e-03) (9.95766143e-08,-8.82170860e-08)
-8.31663327e-01 (-1.62432660e-02,1.85696250e-04) (-9.79805928e-03,5.24136773e-03) (1.56691806e-07,-1.40613162e-07)
-8.11623246e-01 (-1.72801055e-02,8.89420177e-04) (-9.78704192e-03,5.59707452e-03) (2.47033921e-07,-2.25116276e-07)
-7.91583166e-01 (-1.83858515e-02,1.67495605e-03) (-9.76027229e-03,5.97551249e-03) (3.90225440e-07,-3.62215006e-07)
-7.71543086e-01 (-1.95650139e-02,2.55642938e-03) (-9.71588147e-03,6.37819687e-03) (6.17662066e-07,-5.86177568e-07)
-7.51503006e-01 (-2.08207897e-02,3.55195894e-03) (-9.65166247e-03,6.80673152e-03) (9.79655402e-07,-9.54996169e-07)
-7.31462926e-01 (-2.21534491e-02,4.68432702e-03) (-9.56497660e-03,7.26276749e-03) (1.55703400e-06,-1.56826407e-06)
-7.11422846e-01 (-2.35580492e-02,5.98111984e-03) (-9.45264897e-03,7.74792014e-03) (2.47948204e-06,-2.60084713e-06)
-6.91382766e-01 (-2.50216154e-02,7.47389773e-03) (-9.31086890e-03,8.26363051e-03) (3.95147528e-06,-4.36879430e-06)
-6.71342685e-01 (-2.65201952e-02,9.19596748e-03) (-9.13512065e-03,8.81096272e-03) (6.27585789e-06,-7.45952646e-06)
-6.51302605e-01 (-2.80164781e-02,1.11785043e-02) (-8.92017850e-03,9.39034020e-03) (9.83049226e-06,-1.29729721e-05)
-6.31262525e-01 (-2.94588823e-02,1.34451334e-02) (-8.66020223e-03,1.00012419e-02) (1.48842349e-05,-2.29032871e-05)
-6.11222445e-01 (-3.07830093e-02,1.60055881e-02) (-8.34896241e-03,1.06418999e-02) (2.10670124e-05,-4.05856692e-05)
-5.91182365e-01 (-3.19160744e-02,1.88495876e-02) (-7.98020530e-03,1.13090572e-02) (2.63513910e-05,-7.09214426e-05)
-5.71142285e-01 (-3.27843051e-02,2.19424419e-02) (-7.54813825e-03,1.19978534e-02) (2.57067803e-05,-1.19920836e-04)
-5.51102204e-01 (-3.33224819e-02,2.52238930e-02) (-7.04798132e-03,1.27018974e-02) (1.00940044e-05,-1.93298438e-04)
-5.31062124e-01 (-3.34839864e-02,2.86112301e-02) (-6.47650191e-03,1.34135580e-02) (-3.32987665e-05,-2.94623426e-04)
-5.11022044e-01 (-3.32492238e-02,3.20067998e-02) (-5.83243407e-03,1.41244635e-02) (-1.19325413e-04,-4.24428812e-04)
-4.90981964e-01 (-3.26303410e-02,3.53088820e-02) (-5.11669398e-03,1.48261503e-02) (-2.62824625e-04,-5.81713008e-04)
-4.70941884e-01 (-3.16708657e-02,3.84238774e-02) (-4.33233728e-03,1.55107626e-02) (-4.78401575e-04,-7.67933639e-04)
-4.50901804e-01 (-3.04401040e-02,4.12772361e-02) (-3.48425671e-03,1.61716861e-02) (-7.83600090e-04,-9.91911537e-04)
-4.30861723e-01 (-2.90234762e-02,4.38207745e-02) (-2.57867515e-03,1.68040095e-02) (-1.20521302e-03,-1.27376068e-03)
-4.10821643e-01 (-2.75109911e-02,4.60349521e-02) (-1.62253242e-03,1.74047476e-02) (-1.78732860e-03,-1.64746767e-03)
-3.90781563e-01 (-2.59864109e-02,4.79259913e-02) (-6.22881591e-04,1.79728131e-02) (-2.60041216e-03,-2.16363629e-03)
-3.70741483e-01 (-2.45192445e-02,4.95189736e-02) (4.13601879e-04,1.85087795e-02) (-3.75259263e-03,-2.89464973e-03)
-3.50701403e-01 (-2.31607355e-02,5.08488206e-02) (1.48093051e-03,1.90145125e-02) (-5.40592835e-03,-3.94408029e-03)
-3.30661323e-01 (-2.19438438e-02,5.19511852e-02) (2.57391249e-03,1.94927626e-02) (-7.80128633e-03,-5.46169105e-03)
-3.10621242e-01 (-2.08862490e-02,5.28547910e-02) (3.68807505e-03,1.99467960e-02) (-1.12961922e-02,-7.66558326e-03)
-2.90581162e-01 (-1.99948705e-02,5.35759252e-02) (4.81944670e-03,2.03801143e-02) (-1.64212862e-02,-1.08738343e-02)
-2.70541082e-01 (-1.92703317e-02,5.41149308e-02) (5.96424662e-03,2.07962775e-02) (-2.39629258e-02,-1.55487939e-02)
-2.50501002e-01 (-1.87100478e-02,5.44539264e-02) (7.11851791e-03,2.11988138e-02) (-3.50813603e-02,-2.23573925e-02)
-2.30460922e-01 (-1.83089131e-02,5.45547357e-02) (8.27772005e-03,2.15911733e-02) (-5.14741361e-02,-3.22492717e-02)
-2.10420842e-01 (-1.80566634e-02,5.43561245e-02) (9.43627421e-03,2.19766674e-02) (-7.55892808e-02,-4.65489343e-02)
-1.90380762e-01 (-1.79307941e-02,5.37698386e-02) (1.05870384e-02,2.23583101e-02) (-1.10874427e-01,-6.70438207e-02)
-1.70340681e-01 (-1.78836571e-02,5.26755171e-02) (1.17206842e-02,2.27384566e-02) (-1.62001380e-01,-9.60195836e-02)
-1.50300601e-01 (-1.78228459e-02,5.09153939e-02) (1.28249561e-02,2.31180968e-02) (-2.34907672e-01,-1.36137969e-01)
-1.30260521e-01 (-1.75866595e-02,4.82912195e-02) (1.38838232e-02,2.34956597e-02) (-3.36327178e-01,-1.89972735e-01)
-1.10220441e-01 (-1.69226855e-02,4.45688469e-02) (1.48766071e-02,2.38652655e-02) (-4.72269610e-01,-2.58958617e-01)
-9.01803607e-02 (-1.54864576e-02,3.95006584e-02) (1.57773293e-02,2.42146195e-02) (-6.44841389e-01,-3.41608358e-01)
-7.01402806e-02 (-1.28824660e-02,3.28794726e-02) (1.65547914e-02,2.45232072e-02) (-8.47349049e-01,-4.31355253e-01)
-5.01002004e-02 (-8.76017485e-03,2.46310368e-02) (1.71742127e-02,2.47619307e-02) (-1.05936187e+00,-5.15365771e-01)
-3.00601202e-02 (-2.94633450e-03,1.49259949e-02) (1.76012403e-02,2.48953829e-02) (-1.24594214e+00,-5.76429762e-01)
-1.00200401e-02 (4.44425925e-03,4.25289897e-03) (1.78083431e-02,2.48871056e-02) (-1.36577144e+00,-5.98928191e-01)
1.00200401e-02 (1.29880544e-02,-6.62179956e-03) (1.77819246e-02,2.47065687e-02) (-1.38769717e+00,-5.76320171e-01)
3.00601202e-02 (2.20477939e-02,-1.68319511e-02) (1.75270162e-02,2.43353085e-02) (-1.30629226e+00,-5.14779851e-01)
5.01002004e-02 (3.09388366e-02,-2.56569941e-02) (1.70668196e-02,2.37698688e-02) (-1.14454378e+00,-4.29898216e-01)
7.01402806e-02 (3.90849126e-02,-3.27052929e-02) (1.64369796e-02,2.30208730e-02) (-9.41573031e-01,-3.39179789e-01)
9.01803607e-02 (4.61045953e-02,-3.79493656e-02) (1.56773362e-02,2.21093475e-02) (-7.35331620e-01,-2.55801742e-01)
1.10220441e-01 (5.18213074e-02,-4.16287774e-02) (1.48247019e-02,2.10621206e-02) (-5.51435968e-01,-1.86508419e-01)
1.30260521e-01 (5.62241490e-02,-4.41035573e-02) (1.39087389e-02,1.99077208e-02) (-4.01293686e-01,-1.32769735e-01)
1.50300601e-01 (5.94113997e-02,-4.57341691e-02) (1.29509636e-02,1.86734393e-02) (-2.85916390e-01,-9.30213396e-02)
1.70340681e-01 (6.15375426e-02,-4.68177918e-02) (1.19657241e-02,1.73836293e-02) (-2.00856991e-01,-6.45388711e-02)
1.90380762e-01 (6.27729335e-02,-4.75723404e-02) (1.09619111e-02,1.60590187e-02) (-1.39878726e-01,-4.45424388e-02)
2.10420842e-01 (6.32777686e-02,-4.81464592e-02) (9.94461464e-03,1.47167231e-02) (-9.69624027e-02,-3.06761191e-02)
2.30460922e-01 (6.31881749e-02,-4.86375907e-02) (8.91641025e-03,1.33706646e-02) (-6.71098127e-02,-2.11234882e-02)
2.50501002e-01 (6.26107841e-02,-4.91085756e-02) (7.87824806e-03,1.20321754e-02) (-4.64888332e-02,-1.45583835e-02)
2.70541082e-01 (6.16222483e-02,-4.95994434e-02) (6.83003389e-03,1.07106473e-02) (-3.22960737e-02,-1.00437535e-02)
2.90581162e-01 (6.02711686e-02,-5.01340812e-02) (5.77101720e-03,9.41415601e-03) (-2.25389841e-02,-6.93028878e-03)
3.10621242e-01 (5.85812255e-02,-5.07225262e-02) (4.70008895e-03,8.15002851e-03) (-1.58264716e-02,-4.77299340e-03)
3.30661323e-01 (5.65554121e-02,-5.13599673e-02) (3.61607220e-03,6.92533441e-03) (-1.11978942e-02,-3.26852286e-03)
3.50701403e-01 (5.41818981e-02,-5.20238275e-02) (2.51806229e-03,5.74727353e-03) (-7.99390962e-03,-2.21043716e-03)
3.70741483e-01 (5.14420612e-02,-5.26706420e-02) (1.40584145e-03,4.62341810e-03) (-5.76306864e-03,-1.45825431e-03)
3.90781563e-01 (4.83206570e-02,-5.32346936e-02) (2.80351643e-04,3.56175911e-03) (-4.19601611e-03,-9.16617581e-04)
4.10821643e-01 (4.48171574e-02,-5.36302262e-02) (-8.55832909e-04,2.57051643e-03) (-3.08011605e-03,-5.21696862e-04)
4.30861723e-01 (4.09563261e-02,-5.37583576e-02) (-1.99812691e-03,1.65770353e-03) (-2.26907191e-03,-2.32477868e-04)
4.50901804e-01 (3.67955445e-02,-5.35185724e-02) (-3.13975512e-03,8.30488153e-04) (-1.66349571e-03,-2.46925841e-05)
4.70941884e-01 (3.24265799e-02,-5.28232018e-02) (-4.27186184e-03,9.44459227e-05) (-1.19881113e-03,1.14714475e-04)
4.90981964e-01 (2.79705193e-02,-5.16120565e-02) (-5.38394726e-03,-5.47154119e-04) (-8.36729550e-04,1.93681936e-04)
5.11022044e-01 (2.35662381e-02,-4.98638678e-02) (-6.46459851e-03,-1.09388075e-03) (-5.57128194e-04,2.20851324e-04)
5.31062124e-01 (1.93545175e-02,-4.76016959e-02) (-7.50241218e-03,-1.54836504e-03) (-3.49342294e-04,2.08851922e-04)
5.51102204e-01 (1.54611603e-02,-4.48908799e-02) (-8.48695513e-03,-1.91615684e-03) (-2.04525917e-04,1.73552668e-04)
5.71142285e-01 (1.19827237e-02,-4.18299982e-02) (-9.40959987e-03,-2.20523197e-03) (-1.11527487e-04,1.30336794e-04)
5.91182365e-01 (8.97769375e-03,-3.85370197e-02) (-1.02641013e-02,-2.42524250e-03) (-5.69491759e-05,9.03324572e-05)
6.11222445e-01 (6.46439445e-03,-3.51338127e-02) (-1.10468440e-02,-2.58664902e-03) (-2.76328517e-05,5.89598893e-05)
6.31262525e-01 (4.42520229e-03,-3.17321963e-02) (-1.17567603e-02,-2.69988210e-03) (-1.30449291e-05,3.69936604e-05)
6.51302605e-01 (2.81527247e-03,-2.84238901e-02) (-1.23949854e-02,-2.77465360e-03) (-6.15988261e-06,2.27405100e-05)
6.71342685e-01 (1.57331959e-03,-2.52754315e-02) (-1.29643484e-02,-2.81948887e-03) (-2.97443616e-06,1.38965227e-05)
6.91382766e-01 (6.32077904e-04,-2.23278408e-02) (-1.34688113e-02,-2.84149604e-03) (-1.48080894e-06,8.51435337e-06)
7.11422846e-01 (-7.32921587e-05,-1.95998704e-02) (-1.39129461e-02,-2.84634268e-03) (-7.56697895e-07,5.24740829e-06)
7.31462926e-01 (-5.99694838e-04,-1.70932583e-02) (-1.43015112e-02,-2.83838222e-03) (-3.93384167e-07,3.25364917e-06)
7.51503006e-01 (-9.93494955e-04,-1.47984697e-02) (-1.46391526e-02,-2.82086466e-03) (-2.06606947e-07,2.02802767e-06)
7.71543086e-01 (-1.29024721e-03,-1.26998086e-02) (-1.49302238e-02,-2.79617362e-03) (-1.09198062e-07,1.26968954e-06)
7.91583166e-01 (-1.51593131e-03,-1.07792994e-02) (-1.51787036e-02,-2.76604855e-03) (-5.79544953e-08,7.97961498e-07)
8.11623246e-01 (-1.68888752e-03,-9.01920401e-03) (-1.53881820e-02,-2.73176932e-03) (-3.08318213e-08,5.03195577e-07)
8.31663327e-01 (-1.82183948e-03,-7.40335764e-03) (-1.55618842e-02,-2.69429621e-03) (-1.64103429e-08,3.18278569e-07)
8.51703407e-01 (-1.92363990e-03,-5.91765139e-03) (-1.57027134e-02,-2.65436853e-03) (-8.71917635e-09,2.01864152e-07)
8.71743487e-01 (-2.00059416e-03,-4.55000242e-03) (-1.58132955e-02,-2.61257043e-03) (-4.61243901e-09,1.28343444e-07)
8.91783567e-01 (-2.05736813e-03,-3.29008364e-03) (-1.58960201e-02,-2.56937334e-03) (-2.42143921e-09,8.17799081e-08)
9.11823647e-01 (-2.09756200e-03,-2.12899103e-03) (-1.59530746e-02,-2.52516320e-03) (-1.25617590e-09,5.22139400e-08)
9.31863727e-01 (-2.12405227e-03,-1.05894185e-03) (-1.59864703e-02,-2.48025849e-03) (-6.40092659e-10,3.33974080e-08)
9.51903808e-01 (-2.13919061e-03,-7.30372385e-05) (-1.59980637e-02,-2.43492291e-03) (-3.17425100e-10,2.13970829e-08)
9.71943888e-01 (-2.14492296e-03,8.34911069e-04) (-1.59895732e-02,-2.38937504e-03) (-1.50820547e-10,1.37293235e-08)
9.91983968e-01 (-2.14286750e-03,1.67050366e-03) (-1.59625925e-02,-2.34379592e-03) (-6.66068816e-11,8.82146682e-09)
1.01202405e+00 (-2.13437226e-03,2.43884176e-03) (-1.59186020e-02,-2.29833537e-03) (-2.53985450e-11,5.67518505e-09)
1.03206413e+00 (-2.12056121e-03,3.14459343e-03) (-1.58589784e-02,-2.25311718e-03) (-6.26208961e-12,3.65529573e-09)
1.05210421e+00 (-2.10237288e-03,3.79204587e-03) (-1.57850040e-02,-2.20824340e-03) (1.82744310e-12,2.35683235e-09)
1.07214429e+00 (-2.08059261e-03,4.38514851e-03) (-1.56978735e-02,-2.16379793e-03) (4.59943611e-12,1.52111803e-09)
1.09218437e+00 (-2.05587922e-03,4.92754963e-03) (-1.55987011e-02,-2.11984948e-03) (4.97264672e-12,9.82636813e-10)
1.11222445e+00 (-2.02878696e-03,5.42262765e-03) (-1.54885267e-02,-2.07645396e-03) (4.39011076e-12,6.35316569e-10)
1.13226453e+00 (-1.99978319e-03,5.87351821e-03) (-1.53683209e-02,-2.03365653e-03) (3.53276310e-12,4.11081524e-10)
1.15230461e+00 (-1.96926289e-03,6.28313752e-03) (-1.52389904e-02,-1.99149324e-03) (2.69646498e-12,2.66184263e-10)
1.17234469e+00 (-1.93756041e-03,6.65420263e-03) (-1.51013820e-02,-1.94999245e-03) (1.98939739e-12,1.72477404e-10)
1.19238477e+00 (-1.90495907e-03,6.98924901e-03) (-1.49562868e-02,-1.90917604e-03) (1.43372109e-12,1.11829732e-10)
1.21242485e+00 (-1.87169916e-03,7.29064593e-03) (-1.48044440e-02,-1.86906032e-03) (1.01583305e-12,7.25502140e-11)
1.23246493e+00 (-1.83798451e-03,7.56061003e-03) (-1.46465439e-02,-1.82965696e-03) (7.10524973e-13,4.70935027e-11)
1.25250501e+00 (-1.80398801e-03,7.80121721e-03) (-1.44832317e-02,-1.79097361e-03) (4.92016148e-13,3.05850931e-11)
1.27254509e+00 (-1.76985618e-03,8.01441331e-03) (-1.43151095e-02,-1.75301458e-03) (3.38033531e-13,1.98732735e-11)
1.29258517e+00 (-1.73571310e-03,8.20202357e-03) (-1.41427396e-02,-1.71578132e-03) (2.30753860e-13,1.29189427e-11)
1.31262525e+00 (-1.70166360e-03,8.36576115e-03) (-1.39666467e-02,-1.67927286e-03) (1.56704912e-13,8.40173461e-12)
1.33266533e+00 (-1.66779609e-03,8.50723487e-03) (-1.37873205e-02,-1.64348619e-03) (1.05955570e-13,5.46621484e-12)
1.35270541e+00 (-1.63418485e-03,8.62795611e-03) (-1.36052171e-02,-1.60841660e-03) (7.13551041e-14,3.55776149e-12)
1.37274549e+00 (-1.60089206e-03,8.72934522e-03) (-1.34207620e-02,-1.57405790e-03) (4.79238117e-14,2.31637493e-12)
1.39278557e+00 (-1.56796950e-03,8.81273733e-03) (-1.32343512e-02,-1.54040274e-03) (3.21210733e-14,1.50858094e-12)
1.41282565e+00 (-1.53545998e-03,8.87938760e-03) (-1.30463531e-02,-1.50744276e-03) (2.14425845e-14,9.82902585e-13)
1.43286573e+00 (-1.50339861e-03,8.93047623e-03) (-1.28571106e-02,-1.47516877e-03) (1.43039167e-14,6.40563185e-13)
1.45290581e+00 (-1.47181387e-03,8.96711289e-03) (-1.26669421e-02,-1.44357092e-03) (9.53154809e-15,4.17556786e-13)
1.47294589e+00 (-1.44072851e-03,8.99034101e-03) (-1.24761431e-02,-1.41263881e-03) (6.33091922e-15,2.72301387e-13)
1.49298597e+00 (-1.41016037e-03,9.00114160e-03) (-1.22849877e-02,-1.38236161e-03) (4.20310239e-15,1.77633214e-13)
1.51302605e+00 (-1.38012305e-03,9.00043697e-03) (-1.20937299e-02,-1.35272818e-03) (2.77596725e-15,1.15919070e-13)
1.53306613e+00 (-1.35062652e-03,8.98909402e-03) (-1.19026045e-02,-1.32372712e-03) (1.86163889e-15,7.55819700e-14)
1.55310621e+00 (-1.32167761e-03,8.96792752e-03) (-1.17118285e-02,-1.29534686e-03) (1.22097773e-15,4.93710625e-14)
1.57314629e+00 (-1.29328046e-03,8.93770300e-03) (-1.15216023e-02,-1.26757569e-03) (7.94958411e-16,3.22759548e-14)
1.59318637e+00 (-1.26543691e-03,8.89913959e-03) (-1.13321105e-02,-1.24040188e-03) (5.42996495e-16,2.10173026e-14)
1.61322645e+00 (-1.23814686e-03,8.85291263e-03) (-1.11435226e-02,-1.21381364e-03) (3.48872298e-16,1.37196990e-14)
1.63326653e+00 (-1.21140851e-03,8.79965612e-03) (-1.09559947e-02,-1.18779924e-03) (2.36103209e-16,8.92166654e-15)
1.65330661e+00 (-1.18521864e-03,8.73996509e-03) (-1.07696695e-02,-1.16234699e-03) (1.66002416e-16,5.80683425e-15)
1.67334669e+00 (-1.15957283e-03,8.67439773e-03) (-1.05846776e-02,-1.13744527e-03) (8.33671601e-17,3.88337869e-15)
1.69338677e+00 (-1.13446565e-03,8.60347752e-03) (-1.04011380e-02,-1.11308257e-03) (6.86458651e-17,2.50369569e-15)
1.71342685e+00 (-1.10989082e-03,8.52769515e-03) (-1.02191591e-02,-1.08924753e-03) (5.12935068e-17,1.60186132e-15)
1.73346693e+00 (-1.08584136e-03,8.44751037e-03) (-1.00388391e-02,-1.06592889e-03) (2.80165649e-17,1.06744022e-15)
1.75350701e+00 (-1.06230972e-03,8.36335375e-03) (-9.86026687e-03,-1.04311559e-03) (1.55948628e-17,7.20713828e-16)
1.77354709e+00 (-1.03928786e-03,8.27562829e-03) (-9.68352229e-03,-1.02079670e-03) (1.30404641e-17,4.69946341e-16)
1.79358717e+00 (-1.01676738e-03,8.18471104e-03) (-9.50867705e-03,-9.98961476e-04) (1.09739917e-17,3.06826772e-16)
1.81362725e+00 (-9.94739581e-04,8.09095452e-03) (-9.33579509e-03,-9.77599366e-04) (2.39495478e-18,2.22869990e-16)
1.83366733e+00 (-9.73195554e-04,7.99468815e-03) (-9.16493309e-03,-9.56699994e-04) (1.33121450e-18,1.45420743e-16)
1.85370741e+00 (-9.52126218e-04,7.89621956e-03) (-8.99614100e-03,-9.36253182e-04) (1.74586370e-18,7.00071370e-17)
1.87374749e+00 (-9.31522386e-04,7.79583584e-03) (-8.82946244e-03,-9.16248941e-04) (1.37284902e-17,4.55592083e-18)
1.89378758e+00 (-9.11374809e-04,7.69380472e-03) (-8.66493515e-03,-8.96677481e-04) (-6.07930308e-18,6.51714478e-17)
1.91382766e+00 (-8.91674216e-04,7.59037570e-03) (-8.50259138e-03,-8.77529209e-04) (-6.08383626e-18,6.43665588e-17)
1.93386774e+00 (-8.72411347e-04,7.48578111e-03) (-8.34245826e-03,-8.58794729e-04) (6.32292267e-18,2.44570995e-18)
1.95390782e+00 (-8.53576979e-04,7.38023708e-03) (-8.18455819e-03,-8.40464840e-04) (4.15416033e-19,-5.10822380e-19)
1.97394790e+00 (-8.35161953e-04,7.27394455e-03) (-8.02890911e-03,-8.22530537e-04) (-3.30898100e-20,-5.28767159e-20)
1.99398798e+00 (-8.17157195e-04,7.16709011e-03) (-7.87552488e-03,-8.04983009e-04) (-5.72143369e-21,1.24674843e-21)
2.01402806e+00 (-7.99553732e-04,7.05984686e-03) (-7.72441551e-03,-7.87813638e-04) (-2.57006813e-23,5.40917270e-22)
2.03406814e+00 (-7.82342704e-04,6.95237525e-03) (-7.57558749e-03,-7.71013993e-04) (4.62755952e-23,4.01411137e-23)
2.05410822e+00 (-7.65515383e-04,6.84482380e-03) (-7.42904405e-03,-7.54575831e-04) (1.98434626e-23,1.56621269e-23)
2.07414830e+00 (-7.49063175e-04,6.73732982e-03) (-7.28478536e-03,-7.38491095e-04) (-1.91475290e-23,-2.66312881e-23)
2.09418838e+00 (-7.32977634e-04,6.63002009e-03) (-7.14280880e-03,-7.22751905e-04) (1.18784135e-23,5.83917091e-24)
2.11422846e+00 (-7.17250462e-04,6.52301154e-03) (-7.00310916e-03,-7.07350562e-04) (3.29249125e-25,-2.27708097e-25)
2.13426854e+00 (-7.01873520e-04,6.41641177e-03) (-6.86567885e-03,-6.92279541e-04) (1.20237806e-24,-1.86068758e-24)
2.15430862e+00 (-6.86838829e-04,6.31031973e-03) (-6.73050809e-03,-6.77531487e-04) (1.18900009e-24,2.73877206e-24)
2.17434870e+00 (-6.72138570e-04,6.20482615e-03) (-6.59758510e-03,-6.63099214e-04) (-1.34839200e-24,1.51419058e-24)
2.19438878e+00 (-6.57765089e-04,6.10001414e-03) (-6.46689624e-03,-6.48975700e-04) (-5.18602435e-25,1.26763075e-24)
2.21442886e+00 (-6.43710897e-04,5.99595960e-03) (-6.33842619e-03,-6.35154084e-04) (8.52910463e-25,1.08469425e-24)
2.23446894e+00 (-6.29968669e-04,5.89273172e-03) (-6.21215808e-03,-6.21627662e-04) (8.73164535e-25,9.02212304e-25)
2.25450902e+00 (-6.16531244e-04,5.79039340e-03) (-6.08807366e-03,-6.08389884e-04) (8.01668674e-25,4.80158480e-25)
2.27454910e+00 (-6.03391623e-04,5.68900165e-03) (-5.96615339e-03,-5.95434350e-04) (8.23471277e-25,1.07765921e-25)
2.29458918e+00 (-5.90542970e-04,5.58860793e-03) (-5.84637659e-03,-5.82754809e-04) (8.27897106e-25,-1.63775636e-25)
2.31462926e+00 (-5.77978608e-04,5.48925859e-03) (-5.72872155e-03,-5.70345150e-04) (6.57685076e-25,-3.58208444e-25)
2.33466934e+00 (-5.65692017e-04,5.39099514e-03) (-5.61316561e-03,-5.58199405e-04) (4.19168905e-25,-5.60041138e-25)
2.35470942e+00 (-5.53676833e-04,5.29385460e-03) (-5.49968528e-03,-5.46311742e-04) (1.71989995e-25,-6.01934219e-25)
2.37474950e+00 (-5.41926844e-04,5.19786977e-03) (-5.38825635e-03,-5.34676461e-04) (-8.69770973e-26,-5.84413940e-25)
2.39478958e+00 (-5.30435987e-04,5.10306958e-03) (-5.27885394e-03,-5.23287996e-04) (-2.76272813e-25,-4.05332603e-25)
2.41482966e+00 (-5.19198348e-04,5.00947926e-03) (-5.17145260e-03,-5.12140904e-04) (-3.80451223e-25,-2.42027124e-25)
2.43486974e+00 (-5.08208156e-04,4.91712066e-03) (-5.06602637e-03,-5.01229870e-04) (-3.67935392e-25,-2.37161287e-26)
2.45490982e+00 (-4.97459780e-04,4.82601247e-03) (-4.96254887e-03,-4.90549696e-04) (-2.95524418e-25,9.82649267e-26)
2.47494990e+00 (-4.86947728e-04,4.73617043e-03) (-4.86099337e-03,-4.80095306e-04) (-1.88865618e-25,1.95945966e-25)
2.49498998e+00 (-4.76666644e-04,4.64760755e-03) (-4.76133281e-03,-4.69861736e-04) (-6.38061627e-26,2.05247277e-25)
2.51503006e+00 (-4.66611301e-04,4.56033429e-03) (-4.66353990e-03,-4.59844138e-04) (1.98157757e-26,2.00086812e-25)
2.53507014e+00 (-4.56776603e-04,4.47435876e-03) (-4.56758715e-03,-4.50037769e-04) (1.05935777e-25,1.01546481e-25)
2.55511022e+00 (-4.47157579e-04,4.38968688e-03) (-4.47344691e-03,-4.40437998e-04) (1.13410942e-25,4.92454187e-26)
2.57515030e+00 (-4.37749379e-04,4.30632255e-03) (-4.38109143e-03,-4.31040293e-04) (8.24690044e-26,-5.96599286e-26)
2.59519038e+00 (-4.28547275e-04,4.22426781e-03) (-4.29049292e-03,-4.21840228e-04) (3.96078573e-26,-4.65831050e-26)
2.61523046e+00 (-4.19546653e-04,4.14352297e-03) (-4.20162354e-03,-4.12833475e-04) (-5.27527185e-26,-8.13461565e-26)
2.63527054e+00 (-4.10743014e-04,4.06408673e-03) (-4.11445547e-03,-4.04015801e-04) (-3.00390277e-26,-1.34274467e-26)
2.65531062e+00 (-4.02131969e-04,3.98595635e-03) (-4.02896094e-03,-3.95383070e-04) (-1.07839249e-25,4.67865956e-27)
2.67535070e+00 (-3.93709237e-04,3.90912772e-03) (-3.94511224e-03,-3.86931237e-04) (-2.57818342e-26,2.40393647e-26)
2.69539078e+00 (-3.85470642e-04,3.83359551e-03) (-3.86288177e-03,-3.78656345e-04) (-8.01750665e-26,8.78897591e-26)
2.71543086e+00 (-3.77412110e-04,3.75935324e-03) (-3.78224205e-03,-3.70554528e-04) (-8.69028073e-29,4.74111267e-26)
2.73547094e+00 (-3.69529667e-04,3.68639340e-03) (-3.70316576e-03,-3.62622003e-04) (1.57259524e-26,1.23782619e-25)
2.75551102e+00 (-3.61819436e-04,3.61470752e-03) (-3.62562574e-03,-3.54855071e-04) (5.21963997e-26,5.20569392e-26)
2.77555110e+00 (-3.54277632e-04,3.54428629e-03) (-3.54959502e-03,-3.47250115e-04) (1.05051636e-25,4.90496079e-26)
2.79559118e+00 (-3.46900567e-04,3.47511961e-03) (-3.47504684e-03,-3.39803597e-04) (7.75725645e-26,1.06475693e-26)
2.81563126e+00 (-3.39684637e-04,3.40719666e-03) (-3.40195466e-03,-3.32512055e-04) (7.71019114e-26,-6.61477095e-26)
2.83567134e+00 (-3.32626330e-04,3.34050599e-03) (-3.33029219e-03,-3.25372105e-04) (7.04423258e-26,-3.87104231e-26)
2.85571142e+00 (-3.25722215e-04,3.27503557e-03) (-3.26003337e-03,-3.18380435e-04) (-1.99141732e-26,-8.78771484e-26)
2.87575150e+00 (-3.18968947e-04,3.21077288e-03) (-3.19115240e-03,-3.11533807e-04) (4.86232554e-26,-8.48588049e-26)
2.89579158e+00 (-3.12363259e-04,3.14770490e-03) (-3.12362378e-03,-3.04829049e-04) (-5.52569545e-26,-2.08550843e-26)
2.91583166e+00 (-3.05901963e-04,3.08581825e-03) (-3.05742226e-03,-2.98263063e-04) (-2.20789315e-26,-1.18696884e-25)
2.93587174e+00 (-2.99581949e-04,3.02509918e-03) (-2.99252288e-03,-2.91832814e-04) (-1.95601620e-26,1.08911808e-26)
2.95591182e+00 (-2.93400181e-04,2.96553361e-03) (-2.92890101e-03,-2.85535333e-04) (-9.69721296e-26,-6.54938851e-26)
2.97595190e+00 (-2.87353693e-04,2.90710722e-03) (-2.86653228e-03,-2.79367716e-04) (2.02584093e-28,-2.18406572e-26)
2.99599198e+00 (-2.81439592e-04,2.84980546e-03) (-2.80539265e-03,-2.73327120e-04) (-7.48296720e-26,1.28765546e-26)
3.01603206e+00 (-2.75655055e-04,2.79361357e-03) (-2.74545838e-03,-2.67410763e-04) (-3.16721444e-26,-3.72859532e-26)
3.03607214e+00 (-2.69997323e-04,2.73851666e-03) (-2.68670606e-03,-2.61615923e-04) (-2.49061799e-26,9.67938652e-27)
3.05611222e+00 (-2.64463705e-04,2.68449971e-03) (-2.62911258e-03,-2.55939935e-04) (-4.66831564e-26,-9.24611671e-27)
3.07615230e+00 (-2.59051572e-04,2.63154759e-03) (-2.57265517e-03,-2.50380191e-04) (-3.87814477e-26,-3.56932470e-27)
3.09619238e+00 (-2.53758358e-04,2.57964512e-03) (-2.51731136e-03,-2.44934137e-04) (-4.24238503e-26,-8.52261344e-27)
3.11623246e+00 (-2.48581559e-04,2.52877707e-03) (-2.46305902e-03,-2.39599274e-04) (-2.60324560e-26,3.87264472e-26)
3.13627255e+00 (-2.43518727e-04,2.47892819e-03) (-2.40987634e-03,-2.34373157e-04) (-7.32913367e-26,9.12948828e-27)
3.15631263e+00 (-2.38567474e-04,2.43008325e-03) (-2.35774183e-03,-2.29253389e-04) (3.20434000e-26,5.93699352e-27)
3.17635271e+00 (-2.33725467e-04,2.38222703e-03) (-2.30663433e-03,-2.24237625e-04) (-4.92194759e-26,8.33896466e-26)
3.19639279e+00 (-2.28990429e-04,2.33534435e-03) (-2.25653299e-03,-2.19323569e-04) (-3.27496939e-26,-5.20383609e-26)
3.21643287e+00 (-2.24360137e-04,2.28942009e-03) (-2.20741729e-03,-2.14508973e-04) (5.89644961e-26,5.86765283e-26)
3.23647295e+00 (-2.19832418e-04,2.24443922e-03) (-2.15926704e-03,-2.09791635e-04) (-8.12025826e-26,6.02343900e-26)
3.25651303e+00 (-2.15405151e-04,2.20038678e-03) (-2.11206236e-03,-2.05169400e-04) (1.02787481e-26,-5.16828327e-26)
3.27655311e+00 (-2.11076266e-04,2.15724792e-03) (-2.06578368e-03,-2.00640154e-04) (7.27986440e-26,8.41156242e-26)
3.29659319e+00 (-2.06843740e-04,2.11500790e-03) (-2.02041175e-03,-1.96201831e-04) (-7.22072647e-26,5.34533442e-26)
3.31663327e+00 (-2.02705598e-04,2.07365211e-03) (-1.97592763e-03,-1.91852404e-04) (3.82846859e-26,-9.18399504e-26)
3.33667335e+00 (-1.98659912e-04,2.03316608e-03) (-1.93231270e-03,-1.87589890e-04) (1.05069061e-25,8.00752573e-26)
3.35671343e+00 (-1.94704798e-04,1.99353548e-03) (-1.88954863e-03,-1.83412344e-04) (-1.15573069e-25,2.87833919e-26)
3.37675351e+00 (-1.90838416e-04,1.95474611e-03) (-1.84761741e-03,-1.79317862e-04) (3.74310940e-26,-1.39448461e-25)
3.39679359e+00 (-1.87058972e-04,1.91678397e-03) (-1.80650130e-03,-1.75304579e-04) (8.98771166e-26,9.66273182e-26)
3.41683367e+00 (-1.83364711e-04,1.87963520e-03) (-1.76618290e-03,-1.71370667e-04) (-1.44945148e-25,4.03313740e-26)
3.43687375e+00 (-1.79753921e-04,1.84328611e-03) (-1.72664506e-03,-1.67514335e-04) (1.54223060e-26,-1.30286031e-25)
3.45691383e+00 (-1.76224929e-04,1.80772321e-03) (-1.68787094e-03,-1.63733827e-04) (1.05537986e-25,9.61034048e-26)
3.47695391e+00 (-1.72776103e-04,1.77293318e-03) (-1.64984399e-03,-1.60027424e-04) (-1.26956185e-25,7.68248675e-26)
3.49699399e+00 (-1.69405848e-04,1.73890287e-03) (-1.61254793e-03,-1.56393440e-04) (-2.50533762e-27,-1.10422873e-25)
3.51703407e+00 (-1.66112608e-04,1.70561935e-03) (-1.57596675e-03,-1.52830222e-04) (9.87194449e-26,6.39044478e-26)
3.53707415e+00 (-1.62894862e-04,1.67306986e-03) (-1.54008474e-03,-1.49336151e-04) (-6.43709583e-26,8.23364686e-26)
3.55711423e+00 (-1.59751127e-04,1.64124186e-03) (-1.50488643e-03,-1.45909639e-04) (-3.05814344e-26,-4.05403513e-26)
3.57715431e+00 (-1.56679955e-04,1.61012298e-03) (-1.47035663e-03,-1.42549129e-04) (6.04078252e-26,1.16137029e-26)
3.59719439e+00 (-1.53679931e-04,1.57970107e-03) (-1.43648040e-03,-1.39253095e-04) (1.56149223e-26,7.35647587e-26)
3.61723447e+00 (-1.50749676e-04,1.54996417e-03) (-1.40324308e-03,-1.36020042e-04) (-2.00096429e-26,2.81248983e-26)
3.63727455e+00 (-1.47887841e-04,1.52090055e-03) (-1.37063022e-03,-1.32848500e-04) (2.66287501e-26,-6.61962957e-27)
3.65731463e+00 (-1.45093113e-04,1.49249865e-03) (-1.33862766e-03,-1.29737031e-04) (5.74880458e-26,2.61718550e-26)
3.67735471e+00 (-1.42364207e-04,1.46474714e-03) (-1.30722146e-03,-1.26684223e-04) (2.50371376e-26,3.77255066e-26)
3.69739479e+00 (-1.39699872e-04,1.43763487e-03) (-1.27639793e-03,-1.23688692e-04) (1.67020475e-26,-5.51379300e-27)
3.71743487e+00 (-1.37098885e-04,1.41115093e-03) (-1.24614359e-03,-1.20749079e-04) (4.78137389e-26,-1.13748514e-26)
3.73747495e+00 (-1.34560055e-04,1.38528458e-03) (-1.21644522e-03,-1.17864050e-04) (3.30655604e-26,5.10351416e-27)
3.75751503e+00 (-1.32082218e-04,1.36002532e-03) (-1.18728982e-03,-1.15032299e-04) (1.43676224e-26,-1.82396303e-26)
3.77755511e+00 (-1.29664240e-04,1.33536282e-03) (-1.15866459e-03,-1.12252541e-04) (3.08050549e-26,-2.73697765e-26)
3.79759519e+00 (-1.27305015e-04,1.31128699e-03) (-1.13055697e-03,-1.09523517e-04) (2.43818669e-26,5.34768001e-28)
3.81763527e+00 (-1.25003463e-04,1.28778791e-03) (-1.10295460e-03,-1.06843991e-04) (-1.96648093e-26,-9.76550934e-27)
3.83767535e+00 (-1.22758533e-04,1.26485590e-03) (-1.07584534e-03,-1.04212749e-04) (2.10164751e-27,-4.83106640e-26)
3.85771543e+00 (-1.20569198e-04,1.24248144e-03) (-1.04921723e-03,-1.01628599e-04) (3.20118587e-26,-5.29660377e-27)
3.87775551e+00 (-1.18434458e-04,1.22065524e-03) (-1.02305855e-03,-9.90903702e-05) (-1.15227963e-26,2.12802635e-26)
3.89779559e+00 (-1.16353339e-04,1.19936820e-03) (-9.97357732e-04,-9.65969143e-05) (-2.72799431e-26,-1.31680752e-26)
3.91783567e+00 (-1.14324891e-04,1.17861142e-03) (-9.72103427e-04,-9.41471021e-05) (1.06462227e-26,-2.09646049e-26)
3.93787575e+00 (-1.12348189e-04,1.15837620e-03) (-9.47284462e-04,-9.17398247e-05) (1.40409186e-26,1.83461583e-26)
3.95791583e+00 (-1.10422331e-04,1.13865404e-03) (-9.22889849e-04,-8.93739926e-05) (-2.51898706e-26,1.04141487e-26)
3.97795591e+00 (-1.08546439e-04,1.11943661e-03) (-8.98908779e-04,-8.70485353e-05) (-1.03731110e-26,-3.39272977e-26)
3.99799599e+00 (-1.06719659e-04,1.10071580e-03) (-8.75330618e-04,-8.47624004e-05) (4.17577465e-26,-1.84285665e-26)
4.01803607e+00 (-1.04941158e-04,1.08248369e-03) (-8.52144901e-04,-8.25145538e-05) (2.76583951e-26,4.57992438e-26)
4.03807615e+00 (-1.03210126e-04,1.06473252e-03) (-8.29341331e-04,-8.03039785e-05) (-4.95779647e-26,4.18265833e-26)
4.05811623e+00 (-1.01525775e-04,1.04745475e-03) (-8.06909772e-04,-7.81296747e-05) (-6.36813751e-26,-3.95981253e-26)
4.07815631e+00 (-9.98873387e-05,1.03064302e-03) (-7.84840247e-04,-7.59906590e-05) (1.43553802e-26,-6.90194783e-26)
4.09819639e+00 (-9.82940715e-05,1.01429014e-03) (-7.63122934e-04,-7.38859641e-05) (5.87648026e-26,-5.71385466e-29)
4.11823647e+00 (-9.67452487e-05,9.98389106e-04) (-7.41748161e-04,-7.18146383e-05) (1.36935233e-26,5.65435768e-26)
4.13827655e+00 (-9.52401659e-05,9.82933113e-04) (-7.20706403e-04,-6.97757451e-05) (-3.91229941e-26,4.12718459e-26)
4.15831663e+00 (-9.37781387e-05,9.67915518e-04) (-6.99988278e-04,-6.77683627e-05) (-4.48336904e-26,2.21451292e-27)
4.17835671e+00 (-9.23585026e-05,9.53329861e-04) (-6.79584542e-04,-6.57915837e-05) (-2.22314024e-26,-1.78129434e-26)
4.19839679e+00 (-9.09806126e-05,9.39169857e-04) (-6.59486087e-04,-6.38445145e-05) (4.85503732e-27,-1.45428985e-26)
4.21843687e+00 (-8.96438425e-05,9.25429397e-04) (-6.39683938e-04,-6.19262751e-05) (1.64264369e-26,6.39094974e-27)
4.23847695e+00 (-8.83475852e-05,9.12102542e-04) (-6.20169247e-04,-6.00359986e-05) (8.49371043e-27,2.04599706e-26)
4.25851703e+00 (-8.70912519e-05,8.99183526e-04) (-6.00933289e-04,-5.81728306e-05) (-3.89228933e-27,2.31638127e-26)
4.27855711e+00 (-8.58742722e-05,8.86666751e-04) (-5.81967462e-04,-5.63359293e-05) (-1.45367325e-26,1.08332464e-26)
4.29859719e+00 (-8.46960936e-05,8.74546787e-04) (-5.63263279e-04,-5.45244647e-05) (-1.66365224e-27,-6.91320980e-27)
4.31863727e+00 (-8.35561813e-05,8.62818370e-04) (-5.44812368e-04,-5.27376183e-05) (2.01316659e-26,8.97664073e-28)
4.33867735e+00 (-8.24540180e-05,8.51476400e-04) (-5.26606467e-04,-5.09745829e-05) (1.85872421e-26,2.27184305e-26)
4.35871743e+00 (-8.13891037e-05,8.40515940e-04) (-5.08637419e-04,-4.92345619e-05) (-8.82472062e-29,2.64739633e-26)
4.37875752e+00 (-8.03609550e-05,8.29932214e-04) (-4.90897172e-04,-4.75167693e-05) (-5.67969502e-27,1.32908498e-26)
4.39879760e+00 (-7.93691057e-05,8.19720605e-04) (-4.73377774e-04,-4.58204291e-05) (3.25724327e-27,8.78106178e-27)
4.41883768e+00 (-7.84131060e-05,8.09876657e-04) (-4.56071367e-04,-4.41447752e-05) (3.04996698e-27,1.47158797e-26)
4.43887776e+00 (-7.74925221e-05,8.00396067e-04) (-4.38970188e-04,-4.24890507e-05) (-8.11819482e-27,7.73339774e-27)
4.45891784e+00 (-7.66069368e-05,7.91274691e-04) (-4.22066564e-04,-4.08525077e-05) (-4.74426862e-27,-5.98813547e-27)
4.47895792e+00 (-7.57559484e-05,7.82508537e-04) (-4.05352907e-04,-3.92344073e-05) (4.63941388e-27,-4.44746416e-27)
4.49899800e+00 (-7.49391711e-05,7.74093766e-04) (-3.88821712e-04,-3.76340185e-05) (3.61575252e-27,1.58071316e-27)
4.51903808e+00 (-7.41562349e-05,7.66026691e-04) (-3.72465556e-04,-3.60506188e-05) (-2.48778235e-27,-5.24462883e-28)
4.53907816e+00 (-7.34067847e-05,7.58303774e-04) (-3.56277091e-04,-3.44834931e-05) (-2.28533091e-27,-1.08425196e-26)
4.55911824e+00 (-7.26904808e-05,7.50921628e-04) (-3.40249043e-04,-3.29319338e-05) (7.90984714e-27,-1.50683831e-26)
4.57915832e+00 (-7.20069987e-05,7.43877012e-04) (-3.24374209e-04,-3.13952402e-05) (1.11573719e-26,-7.59214658e-27)
4.59919840e+00 (-7.13560286e-05,7.37166833e-04) (-3.08645451e-04,-2.98727186e-05) (5.12598377e-27,-4.51617715e-27)
4.61923848e+00 (-7.07372755e-05,7.30788143e-04) (-2.93055698e-04,-2.83636815e-05) (8.40991718e-28,-7.08235846e-27)
4.63927856e+00 (-7.01504591e-05,7.24738140e-04) (-2.77597938e-04,-2.68674476e-05) (-1.76726277e-27,-1.12406795e-26)
4.65931864e+00 (-6.95953135e-05,7.19014163e-04) (-2.62265220e-04,-2.53833414e-05) (2.11944645e-27,-1.44409851e-26)
4.67935872e+00 (-6.90715871e-05,7.13613697e-04) (-2.47050643e-04,-2.39106928e-05) (8.17882197e-27,-8.32755496e-27)
4.69939880e+00 (-6.85790427e-05,7.08534366e-04) (-2.31947363e-04,-2.24488371e-05) (6.86672121e-27,-1.42350521e-27)
4.71943888e+00 (-6.81174571e-05,7.03773937e-04) (-2.16948582e-04,-2.09971142e-05) (4.20197501e-27,-4.59557794e-28)
4.73947896e+00 (-6.76866211e-05,6.99330318e-04) (-2.02047549e-04,-1.95548689e-05) (1.99821600e-27,1.30265790e-27)
4.75951904e+00 (-6.72863395e-05,6.95201553e-04) (-1.87237555e-04,-1.81214502e-05) (-5.67605759e-28,2.14528977e-27)
4.77955912e+00 (-6.69164312e-05,6.91385829e-04) (-1.72511932e-04,-1.66962108e-05) (-5.83712282e-28,-1.12520497e-27)
4.79959920e+00 (-6.65767283e-05,6.87881469e-04) (-1.57864048e-04,-1.52785076e-05) (1.08595689e-27,-4.34878971e-27)
4.81963928e+00 (-6.62670768e-05,6.84686935e-04) (-1.43287308e-04,-1.38677005e-05) (5.72122192e-28,-3.65275776e-27)
4.83967936e+00 (-6.59873365e-05,6.81800824e-04) (-1.28775145e-04,-1.24631528e-05) (-3.12433006e-27,-1.52595651e-27)
4.85971944e+00 (-6.57373806e-05,6.79221871e-04) (-1.14321021e-04,-1.10642305e-05) (-2.98638564e-27,-1.20299721e-27)
4.87975952e+00 (-6.55170958e-05,6.76948949e-04) (-9.99184238e-05,-9.67030218e-06) (1.15895740e-27,-3.42924323e-27)
4.89979960e+00 (-6.53263820e-05,6.74981064e-04) (-8.55608648e-05,-8.28073867e-06) (5.45605959e-27,-2.57128630e-27)
4.91983968e+00 (-6.51651526e-05,6.73317359e-04) (-7.12418736e-05,-6.89491281e-06) (6.06839321e-27,3.30454251e-27)
4.93987976e+00 (-6.50333345e-05,6.71957113e-04) (-5.69549970e-05,-5.51219912e-06) (2.05856233e-27,4.73510590e-27)
4.95991984e+00 (-6.49308677e-05,6.70899739e-04) (-4.26937959e-05,-4.13197355e-06) (-4.79398290e-28,7.73496182e-28)
4.97995992e+00 (-6.48577062e-05,6.70144785e-04) (-2.84518418e-05,-2.75361316e-06) (-5.49662701e-28,-4.17224682e-27)
5.00000000e+00 (-6.47991878e-05,6.69540947e-04) (-1.42227148e-05,-1.37649585e-06) (-8.37224567e-28,-1.00872530e-26)
