0.68 	 500
Z	 ux	 uz 	 rho
-5.00000000e+00 (-5.62134478e-03,2.80423178e-04) (3.82139799e-06,7.66034969e-05) (-1.48820675e-12,-3.85154389e-13)
-4.97995992e+00 (-5.62342999e-03,2.80528799e-04) (7.64351567e-06,1.53221201e-04) (-2.00105093e-12,-8.32602555e-13)
-4.95991984e+00 (-5.62603669e-03,2.80660834e-04) (1.14670727e-05,2.29867320e-04) (-1.47165985e-12,-8.56520847e-13)
-4.93987976e+00 (-5.62968658e-03,2.80845720e-04) (1.52927889e-05,3.06556069e-04) (-2.95057120e-12,-2.61574096e-12)
-4.91983968e+00 (-5.63438020e-03,2.81083515e-04) (1.91213849e-05,3.83301664e-04) (-6.49152736e-13,-5.36619236e-13)
-4.89979960e+00 (-5.64011828e-03,2.81374307e-04) (2.29535821e-05,4.60118334e-04) (-2.66315542e-12,-1.77565728e-12)
-4.87975952e+00 (-5.64690172e-03,2.81718204e-04) (2.67901035e-05,5.37020318e-04) (-9.80835239e-13,2.05255971e-13)
-4.85971944e+00 (-5.65473164e-03,2.82115331e-04) (3.06316734e-05,6.14021868e-04) (-2.01828370e-12,-1.29574007e-12)
-4.83967936e+00 (-5.66360931e-03,2.82565832e-04) (3.44790183e-05,6.91137253e-04) (-3.62461898e-13,-1.90881688e-13)
-4.81963928e+00 (-5.67353621e-03,2.83069865e-04) (3.83328664e-05,7.68380759e-04) (-1.87382943e-12,-1.31419152e-12)
-4.79959920e+00 (-5.68451399e-03,2.83627602e-04) (4.21939485e-05,8.45766697e-04) (-6.23492530e-13,2.74785038e-13)
-4.77955912e+00 (-5.69654450e-03,2.84239229e-04) (4.60629975e-05,9.23309397e-04) (-6.33161772e-13,-9.56978780e-13)
-4.75951904e+00 (-5.70962977e-03,2.84904949e-04) (4.99407491e-05,1.00102322e-03) (5.56806148e-13,-5.39445687e-13)
-4.73947896e+00 (-5.72377200e-03,2.85624978e-04) (5.38279420e-05,1.07892255e-03) (1.07162156e-13,-7.91868904e-13)
-4.71943888e+00 (-5.73897359e-03,2.86399546e-04) (5.77253177e-05,1.15702182e-03) (5.53541876e-13,-6.23828720e-13)
-4.69939880e+00 (-5.75523711e-03,2.87228903e-04) (6.16336210e-05,1.23533546e-03) (-3.35649416e-13,-7.14008912e-13)
-4.67935872e+00 (-5.77256533e-03,2.88113312e-04) (6.55536004e-05,1.31387798e-03) (1.25828285e-12,-5.39346172e-13)
-4.65931864e+00 (-5.79096118e-03,2.89053053e-04) (6.94860079e-05,1.39266389e-03) (-1.08586286e-12,-5.46416693e-13)
-4.63927856e+00 (-5.81042777e-03,2.90048424e-04) (7.34315994e-05,1.47170778e-03) (5.81573696e-13,4.37279702e-13)
-4.61923848e+00 (-5.83096842e-03,2.91099742e-04) (7.73911352e-05,1.55102425e-03) (-1.45323135e-12,-9.27800277e-13)
-4.59919840e+00 (-5.85258661e-03,2.92207340e-04) (8.13653799e-05,1.63062796e-03) (-3.54275888e-13,3.61195118e-13)
-4.57915832e+00 (-5.87528600e-03,2.93371573e-04) (8.53551028e-05,1.71053363e-03) (-4.77739950e-13,-1.24736058e-12)
-4.55911824e+00 (-5.89907042e-03,2.94592812e-04) (8.93610781e-05,1.79075600e-03) (-4.84885753e-13,-8.78241810e-13)
-4.53907816e+00 (-5.92394391e-03,2.95871449e-04) (9.33840853e-05,1.87130989e-03) (-9.59037197e-13,-2.93258437e-13)
-4.51903808e+00 (-5.94991066e-03,2.97207896e-04) (9.74249092e-05,1.95221018e-03) (-3.90087898e-13,-1.76462365e-12)
-4.49899800e+00 (-5.97697506e-03,2.98602587e-04) (1.01484341e-04,2.03347179e-03) (-2.31878972e-12,-3.35766469e-13)
-4.47895792e+00 (-6.00514165e-03,3.00055978e-04) (1.05563176e-04,2.11510970e-03) (3.15348877e-13,-1.03138272e-12)
-4.45891784e+00 (-6.03441518e-03,3.01568545e-04) (1.09662219e-04,2.19713897e-03) (-2.11913752e-12,-2.17334800e-12)
-4.43887776e+00 (-6.06480055e-03,3.03140791e-04) (1.13782279e-04,2.27957472e-03) (-4.01424051e-13,-1.06887453e-12)
-4.41883768e+00 (-6.09630284e-03,3.04773239e-04) (1.17924172e-04,2.36243214e-03) (-1.74138654e-12,-2.11969401e-12)
-4.39879760e+00 (-6.12892732e-03,3.06466440e-04) (1.22088724e-04,2.44572646e-03) (-1.47978274e-12,-9.51056098e-13)
-4.37875752e+00 (-6.16267941e-03,3.08220971e-04) (1.26276765e-04,2.52947304e-03) (-2.06076036e-12,-1.66720204e-12)
-4.35871743e+00 (-6.19756473e-03,3.10037432e-04) (1.30489135e-04,2.61368727e-03) (-3.10724657e-12,-7.19640402e-13)
-4.33867735e+00 (-6.23358906e-03,3.11916454e-04) (1.34726683e-04,2.69838462e-03) (-1.34709664e-12,8.02520572e-13)
-4.31863727e+00 (-6.27075833e-03,3.13858696e-04) (1.38990265e-04,2.78358068e-03) (-5.83913809e-13,-1.42118901e-12)
-4.29859719e+00 (-6.30907867e-03,3.15864848e-04) (1.43280747e-04,2.86929106e-03) (-3.52641238e-12,6.54681207e-13)
-4.27855711e+00 (-6.34855637e-03,3.17935626e-04) (1.47599006e-04,2.95553152e-03) (7.01953941e-13,1.42304104e-12)
-4.25851703e+00 (-6.38919788e-03,3.20071784e-04) (1.51945927e-04,3.04231785e-03) (-1.49175324e-12,-1.56330302e-12)
-4.23847695e+00 (-6.43100982e-03,3.22274106e-04) (1.56322405e-04,3.12966597e-03) (-8.38363825e-13,1.89642315e-12)
-4.21843687e+00 (-6.47399896e-03,3.24543411e-04) (1.60729349e-04,3.21759187e-03) (7.92125247e-13,-3.49379464e-13)
-4.19839679e+00 (-6.51817226e-03,3.26880555e-04) (1.65167677e-04,3.30611163e-03) (4.48514565e-13,3.43371599e-13)
-4.17835671e+00 (-6.56353682e-03,3.29286431e-04) (1.69638318e-04,3.39524145e-03) (-5.32602799e-13,-8.67165386e-13)
-4.15831663e+00 (-6.61009989e-03,3.31761972e-04) (1.74142217e-04,3.48499760e-03) (-1.32794429e-12,1.34747638e-12)
-4.13827655e+00 (-6.65786890e-03,3.34308151e-04) (1.78680328e-04,3.57539648e-03) (1.08258301e-12,6.40440147e-13)
-4.11823647e+00 (-6.70685142e-03,3.36925983e-04) (1.83253621e-04,3.66645455e-03) (-1.01702120e-12,-2.26747357e-12)
-4.09819639e+00 (-6.75705516e-03,3.39616530e-04) (1.87863080e-04,3.75818842e-03) (-5.19269628e-12,9.49953105e-13)
-4.07815631e+00 (-6.80848801e-03,3.42380898e-04) (1.92509703e-04,3.85061477e-03) (2.59087121e-13,3.51090847e-12)
-4.05811623e+00 (-6.86115796e-03,3.45220241e-04) (1.97194503e-04,3.94375042e-03) (-1.78424706e-12,-1.19905507e-12)
-4.03807615e+00 (-6.91507318e-03,3.48135765e-04) (2.01918511e-04,4.03761227e-03) (-3.85932822e-12,3.63329993e-12)
-4.01803607e+00 (-6.97024197e-03,3.51128729e-04) (2.06682773e-04,4.13221734e-03) (-3.66528454e-13,1.83777298e-12)
-3.99799599e+00 (-7.02667275e-03,3.54200446e-04) (2.11488352e-04,4.22758279e-03) (-4.79049085e-13,2.35053902e-12)
-3.97795591e+00 (-7.08437408e-03,3.57352289e-04) (2.16336332e-04,4.32372586e-03) (5.55595852e-13,-5.80720188e-13)
-3.95791583e+00 (-7.14335465e-03,3.60585690e-04) (2.21227813e-04,4.42066392e-03) (-2.08985281e-12,3.51948690e-14)
-3.93787575e+00 (-7.20362327e-03,3.63902143e-04) (2.26163918e-04,4.51841448e-03) (-6.37009504e-13,1.34809236e-12)
-3.91783567e+00 (-7.26518886e-03,3.67303212e-04) (2.31145788e-04,4.61699514e-03) (8.32056877e-13,-1.49183442e-12)
-3.89779559e+00 (-7.32806047e-03,3.70790526e-04) (2.36174587e-04,4.71642364e-03) (-1.09968709e-12,-7.88584869e-13)
-3.87775551e+00 (-7.39224724e-03,3.74365789e-04) (2.41251501e-04,4.81671783e-03) (9.10461439e-13,-5.46510215e-13)
-3.85771543e+00 (-7.45775841e-03,3.78030781e-04) (2.46377742e-04,4.91789571e-03) (-1.78745964e-12,-2.71210792e-12)
-3.83767535e+00 (-7.52460333e-03,3.81787362e-04) (2.51554545e-04,5.01997537e-03) (-3.37274421e-12,1.08071341e-12)
-3.81763527e+00 (-7.59279143e-03,3.85637476e-04) (2.56783170e-04,5.12297508e-03) (-1.92020047e-12,5.09596201e-13)
-3.79759519e+00 (-7.66233222e-03,3.89583153e-04) (2.62064905e-04,5.22691318e-03) (-2.50993871e-12,2.31348213e-12)
-3.77755511e+00 (-7.73323527e-03,3.93626516e-04) (2.67401067e-04,5.33180818e-03) (-1.20386950e-12,2.87420380e-12)
-3.75751503e+00 (-7.80551024e-03,3.97769786e-04) (2.72793002e-04,5.43767871e-03) (-9.73205824e-13,4.60186243e-12)
-3.73747495e+00 (-7.87916683e-03,4.02015283e-04) (2.78242087e-04,5.54454353e-03) (1.73094892e-12,2.69978309e-12)
-3.71743487e+00 (-7.95421480e-03,4.06365435e-04) (2.83749731e-04,5.65242153e-03) (-9.24590153e-13,3.00120978e-12)
-3.69739479e+00 (-8.03066392e-03,4.10822782e-04) (2.89317378e-04,5.76133175e-03) (3.80245257e-12,5.75258417e-12)
-3.67735471e+00 (-8.10852402e-03,4.15389978e-04) (2.94946505e-04,5.87129333e-03) (5.04312079e-12,-3.29025181e-13)
-3.65731463e+00 (-8.18780493e-03,4.20069803e-04) (3.00638628e-04,5.98232559e-03) (9.51937427e-13,-3.09011327e-13)
-3.63727455e+00 (-8.26851648e-03,4.24865167e-04) (3.06395301e-04,6.09444794e-03) (2.13401700e-12,-4.56150892e-13)
-3.61723447e+00 (-8.35066850e-03,4.29779114e-04) (3.12218119e-04,6.20767994e-03) (1.45548726e-12,-5.70389374e-13)
-3.59719439e+00 (-8.43427080e-03,4.34814831e-04) (3.18108720e-04,6.32204131e-03) (1.74343841e-12,-1.37504273e-12)
-3.57715431e+00 (-8.51933314e-03,4.39975656e-04) (3.24068784e-04,6.43755185e-03) (2.44491594e-13,-1.51113118e-12)
-3.55711423e+00 (-8.60586524e-03,4.45265082e-04) (3.30100040e-04,6.55423155e-03) (8.00895819e-13,9.64141281e-13)
-3.53707415e+00 (-8.69387674e-03,4.50686772e-04) (3.36204265e-04,6.67210049e-03) (2.54574404e-12,-4.30516728e-14)
-3.51703407e+00 (-8.78337723e-03,4.56244561e-04) (3.42383287e-04,6.79117889e-03) (1.66769364e-12,-1.77650771e-12)
-3.49699399e+00 (-8.87437615e-03,4.61942468e-04) (3.48638987e-04,6.91148712e-03) (1.55692185e-12,-1.81784248e-13)
-3.47695391e+00 (-8.96688285e-03,4.67784704e-04) (3.54973302e-04,7.03304566e-03) (6.55383611e-13,-2.20237727e-12)
-3.45691383e+00 (-9.06090654e-03,4.73775683e-04) (3.61388229e-04,7.15587511e-03) (-2.95084716e-12,2.50413251e-12)
-3.43687375e+00 (-9.15645624e-03,4.79920033e-04) (3.67885826e-04,7.27999621e-03) (2.85854189e-12,4.68037694e-12)
-3.41683367e+00 (-9.25354081e-03,4.86222606e-04) (3.74468214e-04,7.40542983e-03) (3.05205482e-12,3.41915977e-13)
-3.39679359e+00 (-9.35216888e-03,4.92688489e-04) (3.81137584e-04,7.53219693e-03) (1.74013473e-12,6.66890389e-13)
-3.37675351e+00 (-9.45234887e-03,4.99323018e-04) (3.87896197e-04,7.66031860e-03) (2.75607816e-12,7.87355647e-13)
-3.35671343e+00 (-9.55408891e-03,5.06131792e-04) (3.94746388e-04,7.78981605e-03) (3.39914553e-12,-9.08570319e-13)
-3.33667335e+00 (-9.65739686e-03,5.13120683e-04) (4.01690570e-04,7.92071060e-03) (1.60558228e-12,-2.87226961e-12)
-3.31663327e+00 (-9.76228023e-03,5.20295852e-04) (4.08731240e-04,8.05302366e-03) (1.03047167e-12,-2.68468388e-12)
-3.29659319e+00 (-9.86874620e-03,5.27663768e-04) (4.15870978e-04,8.18677676e-03) (-2.26234755e-13,-4.47966606e-12)
-3.27655311e+00 (-9.97680155e-03,5.35231216e-04) (4.23112457e-04,8.32199150e-03) (-3.06497948e-12,-2.43712480e-12)
-3.25651303e+00 (-1.00864526e-02,5.43005322e-04) (4.30458442e-04,8.45868958e-03) (-1.38295919e-12,-1.31981485e-12)
-3.23647295e+00 (-1.01977054e-02,5.50993565e-04) (4.37911800e-04,8.59689281e-03) (-1.49723369e-12,-3.13018063e-12)
-3.21643287e+00 (-1.03105651e-02,5.59203799e-04) (4.45475501e-04,8.73662304e-03) (-3.53783218e-12,-3.06516202e-12)
-3.19639279e+00 (-1.04250367e-02,5.67644273e-04) (4.53152625e-04,8.87790220e-03) (-6.13552203e-12,-8.40760847e-13)
-3.17635271e+00 (-1.05411245e-02,5.76323648e-04) (4.60946367e-04,9.02075230e-03) (-4.14739810e-12,2.98314430e-12)
-3.15631263e+00 (-1.06588320e-02,5.85251025e-04) (4.68860043e-04,9.16519537e-03) (-2.11826071e-12,1.41148105e-12)
-3.13627255e+00 (-1.07781621e-02,5.94435960e-04) (4.76897097e-04,9.31125353e-03) (-4.09828804e-12,2.99669929e-12)
-3.11623246e+00 (-1.08991171e-02,6.03888496e-04) (4.85061104e-04,9.45894889e-03) (-1.39326551e-12,4.28935100e-12)
-3.09619238e+00 (-1.10216982e-02,6.13619184e-04) (4.93355781e-04,9.60830361e-03) (3.91826584e-13,3.80908812e-12)
-3.07615230e+00 (-1.11459061e-02,6.23639113e-04) (5.01784993e-04,9.75933986e-03) (1.04213223e-12,1.87378584e-12)
-3.05611222e+00 (-1.12717404e-02,6.33959934e-04) (5.10352759e-04,9.91207981e-03) (-4.45389484e-14,1.04247341e-12)
-3.03607214e+00 (-1.13991995e-02,6.44593896e-04) (5.19063260e-04,1.00665456e-02) (-1.82323674e-13,1.34765087e-12)
-3.01603206e+00 (-1.15282812e-02,6.55553871e-04) (5.27920849e-04,1.02227594e-02) (-7.64507102e-13,1.83112775e-12)
-2.99599198e+00 (-1.16589817e-02,6.66853394e-04) (5.36930059e-04,1.03807433e-02) (1.00295514e-12,2.70661357e-12)
-2.97595190e+00 (-1.17912963e-02,6.78506691e-04) (5.46095611e-04,1.05405192e-02) (1.30561359e-12,1.20445209e-14)
-2.95591182e+00 (-1.19252189e-02,6.90528721e-04) (5.55422426e-04,1.07021092e-02) (-1.08642548e-12,-1.69250567e-13)
-2.93587174e+00 (-1.20607420e-02,7.02935213e-04) (5.64915632e-04,1.08655352e-02) (-2.79456336e-12,1.90712239e-12)
-2.91583166e+00 (-1.21978566e-02,7.15742704e-04) (5.74580580e-04,1.10308188e-02) (-7.60330221e-13,5.15647366e-12)
-2.89579158e+00 (-1.23365523e-02,7.28968587e-04) (5.84422848e-04,1.11979818e-02) (2.82230822e-12,3.06338214e-12)
-2.87575150e+00 (-1.24768168e-02,7.42631154e-04) (5.94448261e-04,1.13670455e-02) (-9.62160422e-15,1.08808432e-13)
-2.85571142e+00 (-1.26186361e-02,7.56749641e-04) (6.04662896e-04,1.15380313e-02) (-1.07826808e-12,3.86472620e-12)
-2.83567134e+00 (-1.27619944e-02,7.71344282e-04) (6.15073101e-04,1.17109603e-02) (2.66493437e-12,4.38867928e-12)
-2.81563126e+00 (-1.29068737e-02,7.86436359e-04) (6.25685505e-04,1.18858532e-02) (2.63609990e-12,3.49706610e-12)
-2.79559118e+00 (-1.30532541e-02,8.02048258e-04) (6.36507037e-04,1.20627308e-02) (3.95067849e-12,1.30192710e-12)
-2.77555110e+00 (-1.32011132e-02,8.18203528e-04) (6.47544937e-04,1.22416132e-02) (2.24603120e-12,-2.97629377e-13)
-2.75551102e+00 (-1.33504262e-02,8.34926941e-04) (6.58806773e-04,1.24225206e-02) (5.50303783e-13,-1.17347170e-12)
-2.73547094e+00 (-1.35011660e-02,8.52244558e-04) (6.70300461e-04,1.26054725e-02) (-2.10381356e-12,2.29840526e-12)
-2.71543086e+00 (-1.36533024e-02,8.70183795e-04) (6.82034280e-04,1.27904883e-02) (1.38728619e-12,5.43309786e-12)
-2.69539078e+00 (-1.38068026e-02,8.88773495e-04) (6.94016893e-04,1.29775866e-02) (3.77702842e-12,3.07165268e-12)
-2.67535070e+00 (-1.39616305e-02,9.08044003e-04) (7.06257365e-04,1.31667859e-02) (5.06579280e-12,-3.94314739e-13)
-2.65531062e+00 (-1.41177471e-02,9.28027244e-04) (7.18765186e-04,1.33581040e-02) (1.88021382e-12,-4.23892558e-12)
-2.63527054e+00 (-1.42751096e-02,9.48756807e-04) (7.31550292e-04,1.35515582e-02) (-1.57379289e-12,-4.54920130e-12)
-2.61523046e+00 (-1.44336719e-02,9.70268031e-04) (7.44623087e-04,1.37471651e-02) (-4.15528463e-12,-2.14874945e-12)
-2.59519038e+00 (-1.45933838e-02,9.92598096e-04) (7.57994471e-04,1.39449408e-02) (-3.06946390e-12,1.60557167e-13)
-2.57515030e+00 (-1.47541911e-02,1.01578612e-03) (7.71675861e-04,1.41449006e-02) (-2.37105297e-12,-1.10445552e-12)
-2.55511022e+00 (-1.49160354e-02,1.03987325e-03) (7.85679223e-04,1.43470590e-02) (-2.81115860e-12,-3.88600588e-12)
-2.53507014e+00 (-1.50788536e-02,1.06490280e-03) (8.00017096e-04,1.45514298e-02) (-7.72552679e-12,-5.68532572e-12)
-2.51503006e+00 (-1.52425780e-02,1.09092030e-03) (8.14702625e-04,1.47580258e-02) (-9.33585601e-12,-3.73372720e-12)
-2.49498998e+00 (-1.54071356e-02,1.11797369e-03) (8.29749593e-04,1.49668588e-02) (-1.05720169e-11,-5.68454848e-12)
-2.47494990e+00 (-1.55724481e-02,1.14611339e-03) (8.45172450e-04,1.51779397e-02) (-1.30452185e-11,-6.71519459e-12)
-2.45490982e+00 (-1.57384318e-02,1.17539243e-03) (8.60986351e-04,1.53912782e-02) (-1.62948843e-11,-1.04702379e-11)
-2.43486974e+00 (-1.59049966e-02,1.20586660e-03) (8.77207193e-04,1.56068829e-02) (-2.40117588e-11,-1.15315297e-11)
-2.41482966e+00 (-1.60720463e-02,1.23759460e-03) (8.93851653e-04,1.58247611e-02) (-2.84828040e-11,-1.04193945e-11)
-2.39478958e+00 (-1.62394782e-02,1.27063815e-03) (9.10937226e-04,1.60449187e-02) (-3.26046084e-11,-1.20710716e-11)
-2.37474950e+00 (-1.64071823e-02,1.30506220e-03) (9.28482272e-04,1.62673601e-02) (-3.89398491e-11,-1.67708177e-11)
-2.35470942e+00 (-1.65750414e-02,1.34093503e-03) (9.46506056e-04,1.64920884e-02) (-4.96778427e-11,-2.08821564e-11)
-2.33466934e+00 (-1.67429304e-02,1.37832847e-03) (9.65028798e-04,1.67191047e-02) (-6.04533749e-11,-2.60852295e-11)
-2.31462926e+00 (-1.69107161e-02,1.41731806e-03) (9.84071721e-04,1.69484087e-02) (-7.68007342e-11,-3.32305397e-11)
-2.29458918e+00 (-1.70782565e-02,1.45798322e-03) (1.00365711e-03,1.71799980e-02) (-9.45568031e-11,-3.81686310e-11)
-2.27454910e+00 (-1.72454006e-02,1.50040747e-03) (1.02380834e-03,1.74138682e-02) (-1.15047868e-10,-4.81371681e-11)
-2.25450902e+00 (-1.74119877e-02,1.54467862e-03) (1.04454997e-03,1.76500129e-02) (-1.42745143e-10,-6.06988526e-11)
-2.23446894e+00 (-1.75778472e-02,1.59088899e-03) (1.06590780e-03,1.78884234e-02) (-1.79192028e-10,-7.54858692e-11)
-2.21442886e+00 (-1.77427978e-02,1.63913563e-03) (1.08790887e-03,1.81290885e-02) (-2.22027243e-10,-9.04966625e-11)
-2.19438878e+00 (-1.79066468e-02,1.68952054e-03) (1.11058163e-03,1.83719946e-02) (-2.71580608e-10,-1.12193724e-10)
-2.17434870e+00 (-1.80691901e-02,1.74215093e-03) (1.13395593e-03,1.86171254e-02) (-3.35124011e-10,-1.41814463e-10)
-2.15430862e+00 (-1.82302111e-02,1.79713946e-03) (1.15806310e-03,1.88644615e-02) (-4.16656916e-10,-1.78281064e-10)
-2.13426854e+00 (-1.83894801e-02,1.85460453e-03) (1.18293608e-03,1.91139808e-02) (-5.18698342e-10,-2.21095212e-10)
-2.11422846e+00 (-1.85467541e-02,1.91467052e-03) (1.20860944e-03,1.93656578e-02) (-6.42141837e-10,-2.73626765e-10)
-2.09418838e+00 (-1.87017755e-02,1.97746809e-03) (1.23511948e-03,1.96194635e-02) (-7.95330866e-10,-3.42409043e-10)
-2.07414830e+00 (-1.88542717e-02,2.04313450e-03) (1.26250436e-03,1.98753655e-02) (-9.88336790e-10,-4.26538913e-10)
-2.05410822e+00 (-1.90039546e-02,2.11181388e-03) (1.29080411e-03,2.01333274e-02) (-1.22642789e-09,-5.29662927e-10)
-2.03406814e+00 (-1.91505192e-02,2.18365759e-03) (1.32006081e-03,2.03933089e-02) (-1.52400365e-09,-6.58545625e-10)
-2.01402806e+00 (-1.92936433e-02,2.25882456e-03) (1.35031863e-03,2.06552654e-02) (-1.89223128e-09,-8.14256118e-10)
-1.99398798e+00 (-1.94329867e-02,2.33748159e-03) (1.38162396e-03,2.09191477e-02) (-2.34498537e-09,-1.00940801e-09)
-1.97394790e+00 (-1.95681900e-02,2.41980377e-03) (1.41402554e-03,2.11849019e-02) (-2.90832714e-09,-1.25513139e-09)
-1.95390782e+00 (-1.96988736e-02,2.50597483e-03) (1.44757453e-03,2.14524691e-02) (-3.61024276e-09,-1.55813077e-09)
-1.93386774e+00 (-1.98246375e-02,2.59618754e-03) (1.48232465e-03,2.17217851e-02) (-4.47919927e-09,-1.93269710e-09)
-1.91382766e+00 (-1.99450593e-02,2.69064408e-03) (1.51833234e-03,2.19927799e-02) (-5.55705576e-09,-2.39986776e-09)
-1.89378758e+00 (-2.00596941e-02,2.78955654e-03) (1.55565684e-03,2.22653779e-02) (-6.89717894e-09,-2.97949077e-09)
-1.87374749e+00 (-2.01680727e-02,2.89314724e-03) (1.59436034e-03,2.25394970e-02) (-8.55875858e-09,-3.69805708e-09)
-1.85370741e+00 (-2.02697012e-02,3.00164930e-03) (1.63450815e-03,2.28150488e-02) (-1.06217199e-08,-4.59262241e-09)
-1.83366733e+00 (-2.03640592e-02,3.11530699e-03) (1.67616882e-03,2.30919378e-02) (-1.31851606e-08,-5.70262176e-09)
-1.81362725e+00 (-2.04505991e-02,3.23437630e-03) (1.71941431e-03,2.33700612e-02) (-1.63686028e-08,-7.07839979e-09)
-1.79358717e+00 (-2.05287448e-02,3.35912536e-03) (1.76432015e-03,2.36493088e-02) (-2.03187532e-08,-8.78448897e-09)
-1.77354709e+00 (-2.05978902e-02,3.48983499e-03) (1.81096562e-03,2.39295621e-02) (-2.52215563e-08,-1.09047557e-08)
-1.75350701e+00 (-2.06573982e-02,3.62679919e-03) (1.85943389e-03,2.42106942e-02) (-3.13078354e-08,-1.35400829e-08)
-1.73346693e+00 (-2.07065990e-02,3.77032571e-03) (1.90981225e-03,2.44925693e-02) (-3.88672439e-08,-1.68180975e-08)
-1.71342685e+00 (-2.07447893e-02,3.92073654e-03) (1.96219227e-03,2.47750424e-02) (-4.82598583e-08,-2.08913060e-08)
-1.69338677e+00 (-2.07712302e-02,4.07836852e-03) (2.01667000e-03,2.50579584e-02) (-5.99267644e-08,-2.59514947e-08)
-1.67334669e+00 (-2.07851460e-02,4.24357390e-03) (2.07334620e-03,2.53411520e-02) (-7.44215232e-08,-3.22433543e-08)
-1.65330661e+00 (-2.07857231e-02,4.41672091e-03) (2.13232652e-03,2.56244473e-02) (-9.24351850e-08,-4.00640512e-08)
-1.63326653e+00 (-2.07721074e-02,4.59819434e-03) (2.19372176e-03,2.59076567e-02) (-1.14820910e-07,-4.97845203e-08)
-1.61322645e+00 (-2.07434037e-02,4.78839620e-03) (2.25764805e-03,2.61905809e-02) (-1.42644696e-07,-6.18690501e-08)
-1.59318637e+00 (-2.06986736e-02,4.98774626e-03) (2.32422715e-03,2.64730080e-02) (-1.77228852e-07,-7.68917729e-08)
-1.57314629e+00 (-2.06369335e-02,5.19668273e-03) (2.39358663e-03,2.67547131e-02) (-2.20220648e-07,-9.55762102e-08)
-1.55310621e+00 (-2.05571532e-02,5.41566287e-03) (2.46586018e-03,2.70354575e-02) (-2.73676309e-07,-1.18818455e-07)
-1.53306613e+00 (-2.04582538e-02,5.64516361e-03) (2.54118786e-03,2.73149882e-02) (-3.40153384e-07,-1.47736495e-07)
-1.51302605e+00 (-2.03391062e-02,5.88568219e-03) (2.61971635e-03,2.75930372e-02) (-4.22841709e-07,-1.83721543e-07)
-1.49298597e+00 (-2.01985282e-02,6.13773683e-03) (2.70159924e-03,2.78693206e-02) (-5.25712308e-07,-2.28506155e-07)
-1.47294589e+00 (-2.00352834e-02,6.40186734e-03) (2.78699735e-03,2.81435381e-02) (-6.53713438e-07,-2.84255670e-07)
-1.45290581e+00 (-1.98480784e-02,6.67863579e-03) (2.87607899e-03,2.84153724e-02) (-8.13023575e-07,-3.53671142e-07)
-1.43286573e+00 (-1.96355608e-02,6.96862709e-03) (2.96902029e-03,2.86844878e-02) (-1.01134545e-06,-4.40116426e-07)
-1.41282565e+00 (-1.93963166e-02,7.27244968e-03) (3.06600550e-03,2.89505299e-02) (-1.25828892e-06,-5.47791819e-07)
-1.39278557e+00 (-1.91288677e-02,7.59073608e-03) (3.16722734e-03,2.92131248e-02) (-1.56584715e-06,-6.81945113e-07)
-1.37274549e+00 (-1.88316692e-02,7.92414346e-03) (3.27288729e-03,2.94718778e-02) (-1.94900228e-06,-8.49133231e-07)
-1.35270541e+00 (-1.85031068e-02,8.27335417e-03) (3.38319597e-03,2.97263727e-02) (-2.42647376e-06,-1.05754847e-06)
-1.33266533e+00 (-1.81414933e-02,8.63907616e-03) (3.49837349e-03,2.99761709e-02) (-3.02166393e-06,-1.31742964e-06)
-1.31262525e+00 (-1.77450653e-02,9.02204337e-03) (3.61864975e-03,3.02208102e-02) (-3.76383782e-06,-1.64157828e-06)
-1.29258517e+00 (-1.73119802e-02,9.42301598e-03) (3.74426485e-03,3.04598040e-02) (-4.68961776e-06,-2.04600979e-06)
-1.27254509e+00 (-1.68403120e-02,9.84278058e-03) (3.87546943e-03,3.06926398e-02) (-5.84485049e-06,-2.55076544e-06)
-1.25250501e+00 (-1.63280478e-02,1.02821503e-02) (4.01252501e-03,3.09187784e-02) (-7.28697569e-06,-3.18094782e-06)
-1.23246493e+00 (-1.57730834e-02,1.07419647e-02) (4.15570438e-03,3.11376527e-02) (-9.08800562e-06,-3.96800120e-06)
-1.21242485e+00 (-1.51732193e-02,1.12230903e-02) (4.30529198e-03,3.13486660e-02) (-1.13382859e-05,-4.95134303e-06)
-1.19238477e+00 (-1.45261561e-02,1.17264212e-02) (4.46158420e-03,3.15511913e-02) (-1.41512586e-05,-6.18040141e-06)
-1.17234469e+00 (-1.38294895e-02,1.22528797e-02) (4.62488983e-03,3.17445693e-02) (-1.76694740e-05,-7.71719285e-06)
-1.15230461e+00 (-1.30807051e-02,1.28034197e-02) (4.79553042e-03,3.19281073e-02) (-2.20722321e-05,-9.63958240e-06)
-1.13226453e+00 (-1.22771713e-02,1.33790300e-02) (4.97384075e-03,3.21010775e-02) (-2.75852863e-05,-1.20453814e-05)
-1.11222445e+00 (-1.14161307e-02,1.39807413e-02) (5.16016931e-03,3.22627155e-02) (-3.44931817e-05,-1.50575321e-05)
-1.09218437e+00 (-1.04946867e-02,1.46096356e-02) (5.35487899e-03,3.24122185e-02) (-4.31549971e-05,-1.88306524e-05)
-1.07214429e+00 (-9.50978534e-03,1.52668587e-02) (5.55834776e-03,3.25487431e-02) (-5.40244406e-05,-2.35593167e-05)
-1.05210421e+00 (-8.45818734e-03,1.59536363e-02) (5.77096973e-03,3.26714031e-02) (-6.76756091e-05,-2.94885295e-05)
-1.03206413e+00 (-7.33642777e-03,1.66712916e-02) (5.99315629e-03,3.27792668e-02) (-8.48360512e-05,-3.69269692e-05)
-1.01202405e+00 (-6.14075806e-03,1.74212625e-02) (6.22533759e-03,3.28713538e-02) (-1.06429350e-04,-4.62637410e-05)
-9.91983968e-01 (-4.86706558e-03,1.82051132e-02) (6.46796424e-03,3.29466302e-02) (-1.33630119e-04,-5.79895720e-05)
-9.71943888e-01 (-3.51076589e-03,1.90245333e-02) (6.72150902e-03,3.30040033e-02) (-1.67935302e-04,-7.27235989e-05)
-9.51903808e-01 (-2.06666364e-03,1.98813132e-02) (6.98646856e-03,3.30423144e-02) (-2.11256941e-04,-9.12471782e-05)
-9.31863727e-01 (-5.28780989e-04,2.07772816e-02) (7.26336445e-03,3.30603292e-02) (-2.66043364e-04,-1.14546444e-04)
-9.11823647e-01 (1.10984404e-03,2.17141875e-02) (7.55274316e-03,3.30567260e-02) (-3.35438115e-04,-1.43865722e-04)
-8.91783567e-01 (2.85738020e-03,2.26935061e-02) (7.85517396e-03,3.30300809e-02) (-4.23489250e-04,-1.80774383e-04)
-8.71743487e-01 (4.72342997e-03,2.37161469e-02) (8.17124353e-03,3.29788495e-02) (-5.35426130e-04,-2.27250450e-04)
-8.51703407e-01 (6.71923388e-03,2.47820426e-02) (8.50154590e-03,3.29013462e-02) (-6.78027667e-04,-2.85785766e-04)
-8.31663327e-01 (8.85781444e-03,2.58896050e-02) (8.84666594e-03,3.27957201e-02) (-8.60117053e-04,-3.59519938e-04)
-8.11623246e-01 (1.11540109e-02,2.70350401e-02) (9.20715438e-03,3.26599308e-02) (-1.09323797e-03,-4.52413153e-04)
-7.91583166e-01 (1.36243462e-02,2.82115319e-02) (9.58349268e-03,3.24917230e-02) (-1.39260309e-03,-5.69466514e-04)
-7.71543086e-01 (1.62866631e-02,2.94083214e-02) (9.97604583e-03,3.22886059e-02) (-1.77846621e-03,-7.16980117e-04)
-7.51503006e-01 (1.91594632e-02,3.06097349e-02) (1.03850020e-02,3.20478380e-02) (-2.27815729e-03,-9.02775944e-04)
-7.31462926e-01 (2.22608958e-02,3.17942376e-02) (1.08102991e-02,3.17664242e-02) (-2.92911829e-03,-1.13616106e-03)
-7.11422846e-01 (2.56073554e-02,3.29336219e-02) (1.12515384e-02,3.14411282e-02) (-3.78332286e-03,-1.42711856e-03)
-6.91382766e-01 (2.92116805e-02,3.39924597e-02) (1.17078888e-02,3.10685083e-02) (-4.91333178e-03,-1.78377548e-03)
-6.71342685e-01 (3.30809829e-02,3.49279698e-02) (1.21779862e-02,3.06449782e-02) (-6.41974880e-03,-2.20669532e-03)
-6.51302605e-01 (3.72141917e-02,3.56904601e-02) (1.26598335e-02,3.01669023e-02) (-8.43884813e-03,-2.67823805e-03)
-6.31262525e-01 (4.15994550e-02,3.62244947e-02) (1.31507121e-02,2.96307237e-02) (-1.11476750e-02,-3.14556634e-03)
-6.11222445e-01 (4.62116129e-02,3.64709082e-02) (1.36471143e-02,2.90331296e-02) (-1.47623824e-02,-3.49735490e-03)
-5.91182365e-01 (5.10100214e-02,3.63697332e-02) (1.41447088e-02,2.83712489e-02) (-1.95248382e-02,-3.53711326e-03)
-5.71142285e-01 (5.59370675e-02,3.58640109e-02) (1.46383535e-02,2.76428765e-02) (-2.56737837e-02,-2.95979790e-03)
-5.51102204e-01 (6.09177402e-02,3.49043289e-02) (1.51221648e-02,2.68467116e-02) (-3.34009047e-02,-1.34162318e-03)
-5.31062124e-01 (6.58606038e-02,3.34537707e-02) (1.55896539e-02,2.59825934e-02) (-4.27988276e-02,1.84650761e-03)
-5.11022044e-01 (7.06604239e-02,3.14927962e-02) (1.60339309e-02,2.50517132e-02) (-5.38152478e-02,7.19572016e-03)
-4.90981964e-01 (7.52025171e-02,2.90234371e-02) (1.64479746e-02,2.40567782e-02) (-6.62316152e-02,1.52890305e-02)
-4.70941884e-01 (7.93686436e-02,2.60721295e-02) (1.68249505e-02,2.30021055e-02) (-7.96824611e-02,2.66191821e-02)
-4.50901804e-01 (8.30439748e-02,2.26905679e-02) (1.71585577e-02,2.18936248e-02) (-9.37211215e-02,4.15187877e-02)
-4.30861723e-01 (8.61244040e-02,1.89541627e-02) (1.74433708e-02,2.07387827e-02) (-1.07921757e-01,6.01287879e-02)
-4.10821643e-01 (8.85233118e-02,1.49580049e-02) (1.76751441e-02,1.95463465e-02) (-1.21992345e-01,8.24222277e-02)
-3.90781563e-01 (9.01769020e-02,1.08106279e-02) (1.78510438e-02,1.83261233e-02) (-1.35865937e-01,1.08282712e-01)
-3.70741483e-01 (9.10474047e-02,6.62620891e-03) (1.79697824e-02,1.70886193e-02) (-1.49742369e-01,1.37617461e-01)
-3.50701403e-01 (9.11237813e-02,2.51610022e-03) (1.80316379e-02,1.58446710e-02) (-1.64068304e-01,1.70472107e-01)
-3.30661323e-01 (9.04199612e-02,-1.41935745e-03) (1.80383575e-02,1.46050854e-02) (-1.79463357e-01,2.07113781e-01)
-3.10621242e-01 (8.89710197e-02,-5.09789428e-03) (1.79929540e-02,1.33803194e-02) (-1.96615066e-01,2.48060265e-01)
-2.90581162e-01 (8.68279672e-02,-8.46064472e-03) (1.78994169e-02,1.21802239e-02) (-2.16169802e-01,2.94049842e-01)
-2.70541082e-01 (8.40519270e-02,-1.14754519e-02) (1.77623633e-02,1.10138657e-02) (-2.38639910e-01,3.45961098e-01)
-2.50501002e-01 (8.07084465e-02,-1.41381102e-02) (1.75866591e-02,9.88942991e-03) (-2.64334558e-01,4.04698441e-01)
-2.30460922e-01 (7.68625442e-02,-1.64716987e-02) (1.73770360e-02,8.81419666e-03) (-2.93309994e-01,4.71057094e-01)
-2.10420842e-01 (7.25749078e-02,-1.85242494e-02) (1.71377310e-02,7.79457900e-03) (-3.25329498e-01,5.45574694e-01)
-1.90380762e-01 (6.78994792e-02,-2.03650046e-02) (1.68721667e-02,6.83620318e-03) (-3.59825888e-01,6.28371252e-01)
-1.70340681e-01 (6.28825031e-02,-2.20794977e-02) (1.65826928e-02,5.94401204e-03) (-3.95867911e-01,7.18979772e-01)
-1.50300601e-01 (5.75629900e-02,-2.37636872e-02) (1.62704009e-02,5.12237143e-03) (-4.32142362e-01,8.16177969e-01)
-1.30260521e-01 (5.19744224e-02,-2.55174103e-02) (1.59350252e-02,4.37516101e-03) (-4.66971945e-01,9.17845635e-01)
-1.10220441e-01 (4.61474009e-02,-2.74375137e-02) (1.55749364e-02,3.70583407e-03) (-4.98390945e-01,1.02088759e+00)
-9.01803607e-02 (4.01127819e-02,-2.96111296e-02) (1.51872292e-02,3.11743625e-03) (-5.24293745e-01,1.12127178e+00)
-7.01402806e-02 (3.39047143e-02,-3.21096533e-02) (1.47678996e-02,2.61257989e-03) (-5.42654281e-01,1.21422798e+00)
-5.01002004e-02 (2.75629024e-02,-3.49839821e-02) (1.43120964e-02,2.19337991e-03) (-5.51790417e-01,1.29462809e+00)
-3.00601202e-02 (2.11334615e-02,-3.82614559e-02) (1.38144283e-02,1.86136652e-03) (-5.50623515e-01,1.35752494e+00)
-1.00200401e-02 (1.46679353e-02,-4.19447109e-02) (1.32692992e-02,1.61739779e-03) (-5.38870904e-01,1.39877229e+00)
1.00200401e-02 (8.22041920e-03,-4.60123570e-02) (1.26712458e-02,1.46159914e-03) (-5.17116624e-01,1.41560498e+00)
3.00601202e-02 (1.84318153e-03,-5.04211136e-02) (1.20152550e-02,1.39335431e-03) (-4.86734954e-01,1.40704655e+00)
5.01002004e-02 (-4.41840794e-03,-5.51088628e-02) (1.12970431e-02,1.41136413e-03) (-4.49682311e-01,1.37404401e+00)
7.01402806e-02 (-1.05305994e-02,-5.99980504e-02) (1.05132900e-02,1.51377584e-03) (-4.08209600e-01,1.31929827e+00)
9.01803607e-02 (-1.64746134e-02,-6.49989729e-02) (9.66182571e-03,1.69837045e-03) (-3.64564164e-01,1.24683876e+00)
1.10220441e-01 (-2.22478719e-02,-7.00126818e-02) (8.74177489e-03,1.96278334e-03) (-3.20743064e-01,1.16145056e+00)
1.30260521e-01 (-2.78627953e-02,-7.49334382e-02) (7.75366444e-03,2.30472528e-03) (-2.78334144e-01,1.06808320e+00)
1.50300601e-01 (-3.33433041e-02,-7.96508177e-02) (6.69950083e-03,2.72217015e-03) (-2.38451167e-01,9.71349336e-01)
1.70340681e-01 (-3.87195323e-02,-8.40516628e-02) (5.58282051e-03,3.21348066e-03) (-2.01746125e-01,8.75176478e-01)
1.90380762e-01 (-4.40214668e-02,-8.80221256e-02) (4.40871403e-03,3.77745199e-03) (-1.68471232e-01,7.82624733e-01)
2.10420842e-01 (-4.92722900e-02,-9.14500387e-02) (3.18382070e-03,4.41326412e-03) (-1.38564299e-01,6.95846048e-01)
2.30460922e-01 (-5.44821524e-02,-9.42278212e-02) (1.91628812e-03,5.12034406e-03) (-1.11739563e-01,6.16141685e-01)
2.50501002e-01 (-5.96430066e-02,-9.62560643e-02) (6.15687695e-04,5.89814844e-03) (-8.75762319e-02,5.44074048e-01)
2.70541082e-01 (-6.47250293e-02,-9.74478383e-02) (-7.07123651e-04,6.74588492e-03) (-6.56045319e-02,4.79600270e-01)
2.90581162e-01 (-6.96750586e-02,-9.77336186e-02) (-2.04020529e-03,7.66219733e-03) (-4.53911362e-02,4.22211153e-01)
3.10621242e-01 (-7.44173672e-02,-9.70665408e-02) (-3.37080544e-03,8.64484444e-03) (-2.66218342e-02,3.71073042e-01)
3.30661323e-01 (-7.88569408e-02,-9.54274883e-02) (-4.68570620e-03,9.69040613e-03) (-9.17116226e-03,3.25176692e-01)
3.50701403e-01 (-8.28852157e-02,-9.28293350e-02) (-5.97163478e-03,1.07940516e-02) (6.85876704e-03,2.83493884e-01)
3.70741483e-01 (-8.63879341e-02,-8.93195676e-02) (-7.21572415e-03,1.19494020e-02) (2.11490496e-02,2.45131215e-01)
3.90781563e-01 (-8.92544407e-02,-8.49805590e-02) (-8.40599574e-03,1.31485124e-02) (3.32339806e-02,2.09457870e-01)
4.10821643e-01 (-9.13874322e-02,-7.99269896e-02) (-9.53182756e-03,1.43819880e-02) (4.26216183e-02,1.76178394e-01)
4.30861723e-01 (-9.27119806e-02,-7.43003014e-02) (-1.05843666e-02,1.56392320e-02) (4.89360989e-02,1.45328761e-01)
4.50901804e-01 (-9.31826516e-02,-6.82605509e-02) (-1.15568458e-02,1.69088075e-02) (5.20406025e-02,1.17193746e-01)
4.70941884e-01 (-9.27877759e-02,-6.19764909e-02) (-1.24447744e-02,1.81788794e-02) (5.21028286e-02,9.21681844e-02)
4.90981964e-01 (-9.15503600e-02,-5.56150307e-02) (-1.32459846e-02,1.94376927e-02) (4.95832283e-02,7.06030061e-02)
5.11022044e-01 (-8.95256554e-02,-4.93313254e-02) (-1.39605348e-02,2.06740395e-02) (4.51524536e-02,5.26802420e-02)
5.31062124e-01 (-8.67959118e-02,-4.32605895e-02) (-1.45904857e-02,2.18776705e-02) (3.95671121e-02,3.83482407e-02)
5.51102204e-01 (-8.34632046e-02,-3.75123903e-02) (-1.51395809e-02,2.30396195e-02) (3.35427729e-02,2.73254329e-02)
5.71142285e-01 (-7.96413880e-02,-3.21677307e-02) (-1.56128675e-02,2.41524192e-02) (2.76578020e-02,1.91585414e-02)
5.91182365e-01 (-7.54481783e-02,-2.72788074e-02) (-1.60162966e-02,2.52102064e-02) (2.23056310e-02,1.33077744e-02)
6.11222445e-01 (-7.09981627e-02,-2.28710024e-02) (-1.63563380e-02,2.62087222e-02) (1.76947613e-02,9.23046306e-03)
6.31262525e-01 (-6.63972494e-02,-1.89464818e-02) (-1.66396345e-02,2.71452264e-02) (1.38825646e-02,6.44314614e-03)
6.51302605e-01 (-6.17387794e-02,-1.54887335e-02) (-1.68727150e-02,2.80183467e-02) (1.08240975e-02,4.55444290e-03)
6.71342685e-01 (-5.71012857e-02,-1.24674343e-02) (-1.70617724e-02,2.88278866e-02) (8.41974918e-03,3.27161257e-03)
6.91382766e-01 (-5.25477100e-02,-9.84315917e-03) (-1.72125088e-02,2.95746142e-02) (6.55205846e-03,2.38948149e-03)
7.11422846e-01 (-4.81257990e-02,-7.57159070e-03) (-1.73300428e-02,3.02600486e-02) (5.10878452e-03,1.77131526e-03)
7.31462926e-01 (-4.38693623e-02,-5.60702421e-03) (-1.74188688e-02,3.08862592e-02) (3.99398639e-03,1.32896269e-03)
7.51503006e-01 (-3.98000845e-02,-3.90507914e-03) (-1.74828595e-02,3.14556865e-02) (3.13089108e-03,1.00632101e-03)
7.71543086e-01 (-3.59296185e-02,-2.42461963e-03) (-1.75252998e-02,3.19709910e-02) (2.46032416e-03,7.67382063e-04)
7.91583166e-01 (-3.22617341e-02,-1.12895098e-03) (-1.75489413e-02,3.24349306e-02) (1.93746090e-03,5.88430105e-04)
8.11623246e-01 (-2.87943544e-02,1.36005672e-05) (-1.75560688e-02,3.28502687e-02) (1.52846950e-03,4.53303537e-04)
8.31663327e-01 (-2.55213629e-02,1.02959607e-03) (-1.75485707e-02,3.32197066e-02) (1.20770607e-03,3.50628312e-04)
8.51703407e-01 (-2.24341173e-02,1.94074749e-03) (-1.75280077e-02,3.35458409e-02) (9.55590686e-04,2.72203519e-04)
8.71743487e-01 (-1.95226462e-02,2.76441221e-03) (-1.74956765e-02,3.38311375e-02) (7.57065804e-04,2.12022886e-04)
8.91783567e-01 (-1.67765382e-02,3.51421105e-03) (-1.74526650e-02,3.40779210e-02) (6.00485379e-04,1.65644764e-04)
9.11823647e-01 (-1.41855548e-02,4.20068422e-03) (-1.73998984e-02,3.42883738e-02) (4.76804440e-04,1.29762639e-04)
9.31863727e-01 (-1.17400128e-02,4.83192279e-03) (-1.73381774e-02,3.44645414e-02) (3.78976775e-04,1.01901127e-04)
9.51903808e-01 (-9.43098597e-03,5.41413539e-03) (-1.72682068e-02,3.46083421e-02) (3.01500014e-04,8.01968796e-05)
9.71943888e-01 (-7.25037491e-03,5.95212859e-03) (-1.71906178e-02,3.47215783e-02) (2.40068341e-04,6.32395732e-05)
9.91983968e-01 (-5.19088877e-03,6.44969447e-03) (-1.71059844e-02,3.48059475e-02) (1.91305739e-04,4.99561001e-05)
1.01202405e+00 (-3.24597437e-03,6.90990901e-03) (-1.70148346e-02,3.48630534e-02) (1.52560348e-04,3.95258782e-05)
1.03206413e+00 (-1.40972020e-03,7.33535196e-03) (-1.69176582e-02,3.48944149e-02) (1.21745535e-04,3.13185742e-05)
1.05210421e+00 (3.23245477e-04,7.72826159e-03) (-1.68149131e-02,3.49014746e-02) (9.72167709e-05,2.48480057e-05)
1.07214429e+00 (1.95785037e-03,8.09063871e-03) (-1.67070283e-02,3.48856050e-02) (7.76760207e-05,1.97377863e-05)
1.09218437e+00 (3.49866118e-03,8.42431322e-03) (-1.65944068e-02,3.48481144e-02) (6.20973140e-05,1.56955556e-05)
1.11222445e+00 (4.94995122e-03,8.73098451e-03) (-1.64774277e-02,3.47902507e-02) (4.96686805e-05,1.24935341e-05)
1.13226453e+00 (6.31575305e-03,9.01224486e-03) (-1.63564481e-02,3.47132059e-02) (3.97467473e-05,9.95377197e-06)
1.15230461e+00 (7.59989754e-03,9.26959238e-03) (-1.62318034e-02,3.46181180e-02) (3.18211681e-05,7.93690306e-06)
1.17234469e+00 (8.80604216e-03,9.50443827e-03) (-1.61038099e-02,3.45060744e-02) (2.54867033e-05,6.33353356e-06)
1.19238477e+00 (9.93769068e-03,9.71811137e-03) (-1.59727646e-02,3.43781136e-02) (2.04212665e-05,5.05762053e-06)
1.21242485e+00 (1.09982068e-02,9.91186180e-03) (-1.58389475e-02,3.42352275e-02) (1.63686353e-05,4.04136166e-06)
1.23246493e+00 (1.19908239e-02,1.00868645e-02) (-1.57026217e-02,3.40783629e-02) (1.31248150e-05,3.23123794e-06)
1.25250501e+00 (1.29186513e-02,1.02442231e-02) (-1.55640350e-02,3.39084235e-02) (1.05272682e-05,2.58493942e-06)
1.27254509e+00 (1.37846799e-02,1.03849740e-02) (-1.54234204e-02,3.37262714e-02) (8.44639684e-06,2.06897033e-06)
1.29258517e+00 (1.45917863e-02,1.05100911e-02) (-1.52809976e-02,3.35327288e-02) (6.77879806e-06,1.65677860e-06)
1.31262525e+00 (1.53427363e-02,1.06204897e-02) (-1.51369731e-02,3.33285794e-02) (5.44191815e-06,1.32729143e-06)
1.33266533e+00 (1.60401883e-02,1.07170313e-02) (-1.49915414e-02,3.31145701e-02) (4.36981031e-06,1.06376639e-06)
1.35270541e+00 (1.66866971e-02,1.08005271e-02) (-1.48448856e-02,3.28914120e-02) (3.50976527e-06,8.52888176e-07)
1.37274549e+00 (1.72847168e-02,1.08717425e-02) (-1.46971783e-02,3.26597823e-02) (2.81963263e-06,6.84057336e-07)
1.39278557e+00 (1.78366039e-02,1.09313995e-02) (-1.45485816e-02,3.24203255e-02) (2.26568952e-06,5.48829118e-07)
1.41282565e+00 (1.83446208e-02,1.09801809e-02) (-1.43992484e-02,3.21736545e-02) (1.82094354e-06,4.40470160e-07)
1.43286573e+00 (1.88109389e-02,1.10187320e-02) (-1.42493222e-02,3.19203519e-02) (1.46378034e-06,3.53607750e-07)
1.45290581e+00 (1.92376410e-02,1.10476637e-02) (-1.40989383e-02,3.16609716e-02) (1.17688525e-06,2.83951980e-07)
1.47294589e+00 (1.96267249e-02,1.10675544e-02) (-1.39482236e-02,3.13960394e-02) (9.46382759e-07,2.28075373e-07)
1.49298597e+00 (1.99801060e-02,1.10789523e-02) (-1.37972975e-02,3.11260548e-02) (7.61149523e-07,1.83237910e-07)
1.51302605e+00 (2.02996197e-02,1.10823768e-02) (-1.36462721e-02,3.08514914e-02) (6.12265525e-07,1.47247964e-07)
1.53306613e+00 (2.05870247e-02,1.10783202e-02) (-1.34952528e-02,3.05727986e-02) (4.92575411e-07,1.18351658e-07)
1.55310621e+00 (2.08440050e-02,1.10672497e-02) (-1.33443380e-02,3.02904022e-02) (3.96337694e-07,9.51447735e-08)
1.57314629e+00 (2.10721726e-02,1.10496079e-02) (-1.31936203e-02,3.00047055e-02) (3.18944105e-07,7.65025523e-08)
1.59318637e+00 (2.12730702e-02,1.10258150e-02) (-1.30431863e-02,2.97160905e-02) (2.56694953e-07,6.15237088e-08)
1.61322645e+00 (2.14481734e-02,1.09962694e-02) (-1.28931171e-02,2.94249184e-02) (2.06619256e-07,4.94857557e-08)
1.63326653e+00 (2.15988930e-02,1.09613490e-02) (-1.27434884e-02,2.91315310e-02) (1.66330650e-07,3.98093274e-08)
1.65330661e+00 (2.17265773e-02,1.09214121e-02) (-1.25943709e-02,2.88362512e-02) (1.33911928e-07,3.20296719e-08)
1.67334669e+00 (2.18325145e-02,1.08767988e-02) (-1.24458307e-02,2.85393838e-02) (1.07822480e-07,2.57738613e-08)
1.69338677e+00 (2.19179348e-02,1.08278312e-02) (-1.22979291e-02,2.82412167e-02) (8.68240734e-08,2.07425618e-08)
1.71342685e+00 (2.19840125e-02,1.07748152e-02) (-1.21507235e-02,2.79420213e-02) (6.99213197e-08,1.66954441e-08)
1.73346693e+00 (2.20318682e-02,1.07180404e-02) (-1.20042668e-02,2.76420533e-02) (5.63139033e-08,1.34395027e-08)
1.75350701e+00 (2.20625706e-02,1.06577816e-02) (-1.18586085e-02,2.73415535e-02) (4.53582443e-08,1.08196996e-08)
1.77354709e+00 (2.20771388e-02,1.05942989e-02) (-1.17137942e-02,2.70407487e-02) (3.65367207e-08,8.71146712e-09)
1.79358717e+00 (2.20765440e-02,1.05278390e-02) (-1.15698661e-02,2.67398520e-02) (2.94329531e-08,7.01469751e-09)
1.81362725e+00 (2.20617115e-02,1.04586354e-02) (-1.14268631e-02,2.64390634e-02) (2.37119547e-08,5.64892422e-09)
1.83366733e+00 (2.20335225e-02,1.03869095e-02) (-1.12848211e-02,2.61385709e-02) (1.91041841e-08,4.54945538e-09)
1.85370741e+00 (2.19928160e-02,1.03128706e-02) (-1.11437730e-02,2.58385505e-02) (1.53927319e-08,3.66427272e-09)
1.87374749e+00 (2.19403901e-02,1.02367168e-02) (-1.10037489e-02,2.55391674e-02) (1.24030221e-08,2.95154147e-09)
1.89378758e+00 (2.18770044e-02,1.01586359e-02) (-1.08647763e-02,2.52405760e-02) (9.99453306e-09,2.37761078e-09)
1.91382766e+00 (2.18033808e-02,1.00788050e-02) (-1.07268803e-02,2.49429204e-02) (8.05414268e-09,1.91540911e-09)
1.93386774e+00 (2.17202058e-02,9.99739194e-03) (-1.05900834e-02,2.46463355e-02) (6.49077633e-09,1.54315477e-09)
1.95390782e+00 (2.16281315e-02,9.91455520e-03) (-1.04544063e-02,2.43509469e-02) (5.23110267e-09,1.24332018e-09)
1.97394790e+00 (2.15277775e-02,9.83044455e-03) (-1.03198671e-02,2.40568714e-02) (4.21607105e-09,1.00179865e-09)
1.99398798e+00 (2.14197318e-02,9.74520143e-03) (-1.01864823e-02,2.37642179e-02) (3.39812627e-09,8.07235592e-10)
2.01402806e+00 (2.13045527e-02,9.65895934e-03) (-1.00542664e-02,2.34730872e-02) (2.73896769e-09,6.50490790e-10)
2.03406814e+00 (2.11827697e-02,9.57184430e-03) (-9.92323214e-03,2.31835728e-02) (2.20774568e-09,5.24205522e-10)
2.05410822e+00 (2.10548853e-02,9.48397515e-03) (-9.79339052e-03,2.28957612e-02) (1.77961023e-09,4.22454922e-10)
2.07414830e+00 (2.09213756e-02,9.39546392e-03) (-9.66475106e-03,2.26097322e-02) (1.43454262e-09,3.40467889e-10)
2.09418838e+00 (2.07826918e-02,9.30641618e-03) (-9.53732176e-03,2.23255594e-02) (1.15641515e-09,2.74402260e-10)
2.11422846e+00 (2.06392615e-02,9.21693138e-03) (-9.41110925e-03,2.20433101e-02) (9.32234009e-10,2.21163847e-10)
2.13426854e+00 (2.04914895e-02,9.12710310e-03) (-9.28611882e-03,2.17630464e-02) (7.51529443e-10,1.78259993e-10)
2.15430862e+00 (2.03397589e-02,9.03701941e-03) (-9.16235454e-03,2.14848247e-02) (6.05865273e-10,1.43683129e-10)
2.17434870e+00 (2.01844323e-02,8.94676309e-03) (-9.03981930e-03,2.12086963e-02) (4.88443554e-10,1.15816303e-10)
2.19438878e+00 (2.00258526e-02,8.85641193e-03) (-8.91851490e-03,2.09347079e-02) (3.93785800e-10,9.33562853e-11)
2.21442886e+00 (1.98643441e-02,8.76603900e-03) (-8.79844214e-03,2.06629015e-02) (3.17477026e-10,7.52535002e-11)
2.23446894e+00 (1.97002129e-02,8.67571283e-03) (-8.67960081e-03,2.03933149e-02) (2.55959044e-10,6.06623933e-11)
2.25450902e+00 (1.95337486e-02,8.58549772e-03) (-8.56198984e-03,2.01259819e-02) (2.06363793e-10,4.89010872e-11)
2.27454910e+00 (1.93652243e-02,8.49545388e-03) (-8.44560729e-03,1.98609322e-02) (1.66379852e-10,3.94206411e-11)
2.29458918e+00 (1.91948979e-02,8.40563770e-03) (-8.33045042e-03,1.95981922e-02) (1.34144179e-10,3.17787587e-11)
2.31462926e+00 (1.90230126e-02,8.31610194e-03) (-8.21651576e-03,1.93377847e-02) (1.08154778e-10,2.56185219e-11)
2.33466934e+00 (1.88497978e-02,8.22689589e-03) (-8.10379914e-03,1.90797293e-02) (8.72010081e-11,2.06525832e-11)
2.35470942e+00 (1.86754695e-02,8.13806557e-03) (-7.99229575e-03,1.88240427e-02) (7.03070194e-11,1.66494342e-11)
2.37474950e+00 (1.85002313e-02,8.04965391e-03) (-7.88200016e-03,1.85707386e-02) (5.66860568e-11,1.34221966e-11)
2.39478958e+00 (1.83242748e-02,7.96170092e-03) (-7.77290639e-03,1.83198280e-02) (4.57040295e-11,1.08206083e-11)
2.41482966e+00 (1.81477803e-02,7.87424379e-03) (-7.66500791e-03,1.80713194e-02) (3.68496462e-11,8.72344084e-12)
2.43486974e+00 (1.79709172e-02,7.78731712e-03) (-7.55829774e-03,1.78252191e-02) (2.97105059e-11,7.03259800e-12)
2.45490982e+00 (1.77938450e-02,7.70095302e-03) (-7.45276841e-03,1.75815309e-02) (2.39543534e-11,5.66947829e-12)
2.47494990e+00 (1.76167130e-02,7.61518122e-03) (-7.34841205e-03,1.73402566e-02) (1.93133105e-11,4.57063013e-12)
2.49498998e+00 (1.74396618e-02,7.53002925e-03) (-7.24522038e-03,1.71013961e-02) (1.55712903e-11,3.68463261e-12)
2.51503006e+00 (1.72628231e-02,7.44552253e-03) (-7.14318480e-03,1.68649472e-02) (1.25542297e-11,2.97045096e-12)
2.53507014e+00 (1.70863201e-02,7.36168448e-03) (-7.04229632e-03,1.66309063e-02) (1.01216500e-11,2.39468874e-12)
2.55511022e+00 (1.69102685e-02,7.27853667e-03) (-6.94254570e-03,1.63992679e-02) (8.16028271e-12,1.93040371e-12)
2.57515030e+00 (1.67347763e-02,7.19609885e-03) (-6.84392338e-03,1.61700252e-02) (6.57895974e-12,1.55622532e-12)
2.59519038e+00 (1.65599446e-02,7.11438915e-03) (-6.74641956e-03,1.59431698e-02) (5.30400975e-12,1.25454177e-12)
2.61523046e+00 (1.63858678e-02,7.03342408e-03) (-6.65002420e-03,1.57186921e-02) (4.27606038e-12,1.01132125e-12)
2.63527054e+00 (1.62126339e-02,6.95321867e-03) (-6.55472704e-03,1.54965810e-02) (3.44725697e-12,8.15246269e-13)
2.65531062e+00 (1.60403251e-02,6.87378656e-03) (-6.46051763e-03,1.52768247e-02) (2.77900811e-12,6.57131148e-13)
2.67535070e+00 (1.58690177e-02,6.79514003e-03) (-6.36738536e-03,1.50594099e-02) (2.24026011e-12,5.29683966e-13)
2.69539078e+00 (1.56987829e-02,6.71729015e-03) (-6.27531943e-03,1.48443224e-02) (1.80594665e-12,4.26984935e-13)
2.71543086e+00 (1.55296865e-02,6.64024680e-03) (-6.18430892e-03,1.46315472e-02) (1.45579780e-12,3.44164988e-13)
2.73547094e+00 (1.53617899e-02,6.56401873e-03) (-6.09434276e-03,1.44210684e-02) (1.17351438e-12,2.77412564e-13)
2.75551102e+00 (1.51951497e-02,6.48861369e-03) (-6.00540981e-03,1.42128692e-02) (9.45945239e-13,2.23597813e-13)
2.77555110e+00 (1.50298183e-02,6.41403842e-03) (-5.91749878e-03,1.40069321e-02) (7.62492429e-13,1.80224213e-13)
2.79559118e+00 (1.48658441e-02,6.34029876e-03) (-5.83059834e-03,1.38032389e-02) (6.14594369e-13,1.45285812e-13)
2.81563126e+00 (1.47032715e-02,6.26739966e-03) (-5.74469705e-03,1.36017708e-02) (4.95320443e-13,1.17023150e-13)
2.83567134e+00 (1.45421416e-02,6.19534529e-03) (-5.65978344e-03,1.34025084e-02) (3.99215641e-13,9.43435238e-14)
2.85571142e+00 (1.43824918e-02,6.12413904e-03) (-5.57584596e-03,1.32054319e-02) (3.21745179e-13,7.60226013e-14)
2.87575150e+00 (1.42243565e-02,6.05378359e-03) (-5.49287304e-03,1.30105207e-02) (2.59306182e-13,6.12530255e-14)
2.89579158e+00 (1.40677670e-02,5.98428094e-03) (-5.41085306e-03,1.28177540e-02) (2.08998210e-13,4.94134468e-14)
2.91583166e+00 (1.39127517e-02,5.91563250e-03) (-5.32977440e-03,1.26271106e-02) (1.68392724e-13,3.97755827e-14)
2.93587174e+00 (1.37593365e-02,5.84783906e-03) (-5.24962540e-03,1.24385688e-02) (1.35665688e-13,3.20228211e-14)
2.95591182e+00 (1.36075444e-02,5.78090087e-03) (-5.17039442e-03,1.22521066e-02) (1.09328872e-13,2.58296334e-14)
2.97595190e+00 (1.34573965e-02,5.71481768e-03) (-5.09206979e-03,1.20677018e-02) (8.81020363e-14,2.08068556e-14)
2.99599198e+00 (1.33089112e-02,5.64958875e-03) (-5.01463987e-03,1.18853319e-02) (7.10007724e-14,1.67665979e-14)
3.01603206e+00 (1.31621052e-02,5.58521293e-03) (-4.93809302e-03,1.17049740e-02) (5.72213540e-14,1.35378676e-14)
3.03607214e+00 (1.30169928e-02,5.52168860e-03) (-4.86241763e-03,1.15266052e-02) (4.60795951e-14,1.08662997e-14)
3.05611222e+00 (1.28735869e-02,5.45901382e-03) (-4.78760211e-03,1.13502023e-02) (3.71214447e-14,8.75579990e-15)
3.07615230e+00 (1.27318983e-02,5.39718624e-03) (-4.71363489e-03,1.11757419e-02) (2.99219624e-14,7.07802205e-15)
3.09619238e+00 (1.25919363e-02,5.33620322e-03) (-4.64050445e-03,1.10032006e-02) (2.41036586e-14,5.68858274e-15)
3.11623246e+00 (1.24537087e-02,5.27606179e-03) (-4.56819929e-03,1.08325549e-02) (1.94142531e-14,4.59429682e-15)
3.13627255e+00 (1.23172217e-02,5.21675871e-03) (-4.49670797e-03,1.06637809e-02) (1.56156867e-14,3.68776114e-15)
3.15631263e+00 (1.21824803e-02,5.15829048e-03) (-4.42601909e-03,1.04968550e-02) (1.25468379e-14,2.95136480e-15)
3.17635271e+00 (1.20494883e-02,5.10065336e-03) (-4.35612130e-03,1.03317534e-02) (1.00899461e-14,2.36483709e-15)
3.19639279e+00 (1.19182481e-02,5.04384338e-03) (-4.28700329e-03,1.01684521e-02) (8.14499143e-15,1.90854247e-15)
3.21643287e+00 (1.17887613e-02,4.98785640e-03) (-4.21865382e-03,1.00069274e-02) (6.60360429e-15,1.59598694e-15)
3.23647295e+00 (1.16610281e-02,4.93268806e-03) (-4.15106171e-03,9.84715523e-03) (5.30526790e-15,1.25131436e-15)
3.25651303e+00 (1.15350480e-02,4.87833386e-03) (-4.08421583e-03,9.68911179e-03) (4.25280938e-15,9.86805734e-16)
3.27655311e+00 (1.14108197e-02,4.82478914e-03) (-4.01810512e-03,9.53277316e-03) (3.43159684e-15,8.15690070e-16)
3.29659319e+00 (1.12883407e-02,4.77204910e-03) (-3.95271857e-03,9.37811550e-03) (2.76542630e-15,6.51114442e-16)
3.31663327e+00 (1.11676082e-02,4.72010883e-03) (-3.88804526e-03,9.22511498e-03) (2.22663285e-15,5.39162956e-16)
3.33667335e+00 (1.10486183e-02,4.66896331e-03) (-3.82407432e-03,9.07374782e-03) (1.77097878e-15,4.01622677e-16)
3.35671343e+00 (1.09313667e-02,4.61860741e-03) (-3.76079496e-03,8.92399031e-03) (1.42770118e-15,3.29650915e-16)
3.37675351e+00 (1.08158483e-02,4.56903593e-03) (-3.69819645e-03,8.77581879e-03) (1.16737759e-15,2.83202667e-16)
3.39679359e+00 (1.07020576e-02,4.52024360e-03) (-3.63626813e-03,8.62920968e-03) (9.49520444e-16,2.21707756e-16)
3.41683367e+00 (1.05899884e-02,4.47222506e-03) (-3.57499943e-03,8.48413947e-03) (7.76990368e-16,1.92058982e-16)
3.43687375e+00 (1.04796343e-02,4.42497494e-03) (-3.51437983e-03,8.34058474e-03) (6.23172500e-16,1.57209562e-16)
3.45691383e+00 (1.03709881e-02,4.37848780e-03) (-3.45439891e-03,8.19852218e-03) (4.76645094e-16,1.14363098e-16)
3.47695391e+00 (1.02640427e-02,4.33275816e-03) (-3.39504630e-03,8.05792855e-03) (3.50548010e-16,6.45866300e-17)
3.49699399e+00 (1.01587901e-02,4.28778053e-03) (-3.33631171e-03,7.91878074e-03) (2.78923362e-16,4.78961250e-17)
3.51703407e+00 (1.00552223e-02,4.24354938e-03) (-3.27818494e-03,7.78105572e-03) (2.57688625e-16,6.53821880e-17)
3.53707415e+00 (9.95333102e-03,4.20005920e-03) (-3.22065586e-03,7.64473059e-03) (2.38836013e-16,7.81710679e-17)
3.55711423e+00 (9.85310755e-03,4.15730445e-03) (-3.16371439e-03,7.50978257e-03) (1.86822364e-16,5.23740335e-17)
3.57715431e+00 (9.75454303e-03,4.11527960e-03) (-3.10735056e-03,7.37618898e-03) (1.23466010e-16,2.54871335e-17)
3.59719439e+00 (9.65762840e-03,4.07397913e-03) (-3.05155447e-03,7.24392729e-03) (7.56616601e-17,-1.53830924e-18)
3.61723447e+00 (9.56235441e-03,4.03339753e-03) (-2.99631626e-03,7.11297506e-03) (7.17087805e-17,7.40265700e-18)
3.63727455e+00 (9.46871165e-03,3.99352930e-03) (-2.94162620e-03,6.98331001e-03) (8.71460096e-17,4.72675969e-17)
3.65731463e+00 (9.37669055e-03,3.95436898e-03) (-2.88747458e-03,6.85490997e-03) (5.74491542e-17,1.46510332e-17)
3.67735471e+00 (9.28628147e-03,3.91591113e-03) (-2.83385181e-03,6.72775291e-03) (2.76839559e-17,-1.69462526e-17)
3.69739479e+00 (9.19747463e-03,3.87815034e-03) (-2.78074835e-03,6.60181693e-03) (4.16464966e-17,2.02495055e-17)
3.71743487e+00 (9.11026020e-03,3.84108126e-03) (-2.72815473e-03,6.47708026e-03) (3.99233535e-17,2.38389218e-17)
3.73747495e+00 (9.02462828e-03,3.80469854e-03) (-2.67606156e-03,6.35352126e-03) (1.20323689e-17,-6.92123647e-18)
3.75751503e+00 (8.94056895e-03,3.76899690e-03) (-2.62445954e-03,6.23111845e-03) (1.52990700e-18,-7.68508241e-18)
3.77755511e+00 (8.85807224e-03,3.73397112e-03) (-2.57333940e-03,6.10985045e-03) (1.13311622e-17,-6.46188951e-18)
3.79759519e+00 (8.77712817e-03,3.69961600e-03) (-2.52269199e-03,5.98969604e-03) (3.74836080e-17,2.29788394e-17)
3.81763527e+00 (8.69772678e-03,3.66592642e-03) (-2.47250819e-03,5.87063413e-03) (3.74200992e-17,2.24733405e-17)
3.83767535e+00 (8.61985810e-03,3.63289730e-03) (-2.42277896e-03,5.75264376e-03) (1.18808857e-17,-5.59038480e-18)
3.85771543e+00 (8.54351223e-03,3.60052363e-03) (-2.37349535e-03,5.63570413e-03) (7.40708530e-19,-3.67553016e-18)
3.87775551e+00 (8.46867927e-03,3.56880045e-03) (-2.32464846e-03,5.51979453e-03) (-6.79288886e-19,-7.98932047e-19)
3.89779559e+00 (8.39534938e-03,3.53772287e-03) (-2.27622945e-03,5.40489443e-03) (-2.91497236e-19,5.88444346e-21)
3.91783567e+00 (8.32351280e-03,3.50728608e-03) (-2.22822956e-03,5.29098341e-03) (-5.04510184e-20,6.31762982e-20)
3.93787575e+00 (8.25315982e-03,3.47748532e-03) (-2.18064009e-03,5.17804118e-03) (4.43119318e-21,2.21178221e-20)
3.95791583e+00 (8.18428082e-03,3.44831591e-03) (-2.13345240e-03,5.06604759e-03) (5.46474039e-21,3.00760214e-21)
3.97795591e+00 (8.11686628e-03,3.41977322e-03) (-2.08665793e-03,4.95498262e-03) (1.66628377e-21,-6.29561725e-22)
3.99799599e+00 (8.05090675e-03,3.39185273e-03) (-2.04024816e-03,4.84482638e-03) (1.36590780e-22,-4.47299229e-22)
4.01803607e+00 (7.98639290e-03,3.36454997e-03) (-1.99421465e-03,4.73555911e-03) (-6.46869602e-23,-1.36220514e-22)
4.03807615e+00 (7.92331552e-03,3.33786054e-03) (-1.94854901e-03,4.62716116e-03) (-2.04234495e-23,1.30037503e-23)
4.05811623e+00 (7.86166551e-03,3.31178014e-03) (-1.90324290e-03,4.51961304e-03) (-2.52553647e-23,1.62098627e-23)
4.07815631e+00 (7.80143387e-03,3.28630453e-03) (-1.85828807e-03,4.41289533e-03) (-4.95938456e-24,-2.73392307e-24)
4.09819639e+00 (7.74261177e-03,3.26142955e-03) (-1.81367628e-03,4.30698879e-03) (8.13380705e-24,2.70768021e-24)
4.11823647e+00 (7.68519050e-03,3.23715114e-03) (-1.76939940e-03,4.20187425e-03) (-1.15553315e-24,3.92987123e-24)
4.13827655e+00 (7.62916148e-03,3.21346530e-03) (-1.72544932e-03,4.09753269e-03) (-1.19496081e-24,1.37374964e-24)
4.15831663e+00 (7.57451628e-03,3.19036811e-03) (-1.68181798e-03,3.99394520e-03) (2.50484014e-25,1.42574842e-24)
4.17835671e+00 (7.52124663e-03,3.16785576e-03) (-1.63849740e-03,3.89109297e-03) (-5.38702623e-25,2.60204253e-24)
4.19839679e+00 (7.46934441e-03,3.14592449e-03) (-1.59547963e-03,3.78895731e-03) (-4.17100264e-25,5.71060488e-25)
4.21843687e+00 (7.41880164e-03,3.12457064e-03) (-1.55275678e-03,3.68751965e-03) (5.14538674e-25,7.85123049e-25)
4.23847695e+00 (7.36961053e-03,3.10379065e-03) (-1.51032099e-03,3.58676152e-03) (5.18339872e-25,1.24299602e-24)
4.25851703e+00 (7.32176344e-03,3.08358101e-03) (-1.46816449e-03,3.48666454e-03) (-3.25730846e-25,6.04004229e-25)
4.27855711e+00 (7.27525289e-03,3.06393833e-03) (-1.42627951e-03,3.38721045e-03) (-4.21829543e-25,1.22830600e-25)
4.29859719e+00 (7.23007158e-03,3.04485928e-03) (-1.38465835e-03,3.28838109e-03) (-3.98649401e-26,1.12816417e-24)
4.31863727e+00 (7.18621238e-03,3.02634063e-03) (-1.34329336e-03,3.19015840e-03) (2.04862183e-25,2.88675979e-25)
4.33867735e+00 (7.14366835e-03,3.00837924e-03) (-1.30217692e-03,3.09252440e-03) (2.11130222e-25,4.05156012e-25)
4.35871743e+00 (7.10243272e-03,2.99097206e-03) (-1.26130146e-03,2.99546123e-03) (-5.92037364e-25,1.22448609e-25)
4.37875752e+00 (7.06249889e-03,2.97411610e-03) (-1.22065945e-03,2.89895109e-03) (4.73652389e-25,5.76301164e-25)
4.39879760e+00 (7.02386045e-03,2.95780849e-03) (-1.18024339e-03,2.80297629e-03) (-6.16618867e-26,5.74118813e-25)
4.41883768e+00 (6.98651118e-03,2.94204644e-03) (-1.14004583e-03,2.70751922e-03) (2.15606396e-25,-1.55354695e-25)
4.43887776e+00 (6.95044504e-03,2.92682724e-03) (-1.10005936e-03,2.61256235e-03) (1.40917381e-25,5.84010286e-25)
4.45891784e+00 (6.91565620e-03,2.91214827e-03) (-1.06027659e-03,2.51808825e-03) (-1.90164853e-25,-1.13522044e-25)
4.47895792e+00 (6.88213898e-03,2.89800700e-03) (-1.02069019e-03,2.42407954e-03) (2.14899370e-25,8.92374300e-26)
4.49899800e+00 (6.84988792e-03,2.88440099e-03) (-9.81292833e-04,2.33051893e-03) (2.78668062e-25,4.76545211e-25)
4.51903808e+00 (6.81889776e-03,2.87132790e-03) (-9.42077253e-04,2.23738921e-03) (-1.75189603e-25,-2.97311146e-25)
4.53907816e+00 (6.78916340e-03,2.85878546e-03) (-9.03036201e-04,2.14467322e-03) (1.25528630e-25,-1.71147847e-25)
4.55911824e+00 (6.76067997e-03,2.84677150e-03) (-8.64162459e-04,2.05235389e-03) (1.14438457e-25,5.79463075e-25)
4.57915832e+00 (6.73344278e-03,2.83528394e-03) (-8.25448841e-04,1.96041421e-03) (-2.84183087e-25,-3.41994164e-25)
4.59919840e+00 (6.70744734e-03,2.82432078e-03) (-7.86888187e-04,1.86883722e-03) (1.70656307e-25,1.60908740e-25)
4.61923848e+00 (6.68268937e-03,2.81388012e-03) (-7.48473365e-04,1.77760602e-03) (-4.79041840e-26,4.29824054e-25)
4.63927856e+00 (6.65916476e-03,2.80396014e-03) (-7.10197266e-04,1.68670380e-03) (2.71250066e-26,-3.06703196e-25)
4.65931864e+00 (6.63686963e-03,2.79455912e-03) (-6.72052808e-04,1.59611376e-03) (9.59410969e-26,4.46072047e-25)
4.67935872e+00 (6.61580028e-03,2.78567543e-03) (-6.34032929e-04,1.50581918e-03) (1.78591762e-25,2.31286288e-25)
4.69939880e+00 (6.59595324e-03,2.77730752e-03) (-5.96130592e-04,1.41580337e-03) (-1.47815264e-25,-4.42598186e-25)
4.71943888e+00 (6.57732522e-03,2.76945394e-03) (-5.58338777e-04,1.32604971e-03) (-9.99691767e-26,2.90974518e-26)
4.73947896e+00 (6.55991313e-03,2.76211331e-03) (-5.20650484e-04,1.23654160e-03) (2.96581336e-25,9.27579369e-27)
4.75951904e+00 (6.54371410e-03,2.75528436e-03) (-4.83058734e-04,1.14726250e-03) (-2.55433038e-25,-5.84509446e-25)
4.77955912e+00 (6.52872545e-03,2.74896591e-03) (-4.45556562e-04,1.05819589e-03) (-5.28984500e-26,-4.33473577e-25)
4.79959920e+00 (6.51494473e-03,2.74315686e-03) (-4.08137018e-04,9.69325290e-04) (-1.87412034e-25,-1.70949290e-25)
4.81963928e+00 (6.50236966e-03,2.73785621e-03) (-3.70793169e-04,8.80634266e-04) (-1.04415698e-25,-3.13027039e-25)
4.83967936e+00 (6.49099820e-03,2.73306303e-03) (-3.33518091e-04,7.92106397e-04) (6.57934760e-26,-2.17026690e-25)
4.85971944e+00 (6.48082851e-03,2.72877651e-03) (-2.96304877e-04,7.03725297e-04) (-1.43691686e-26,-2.01423200e-25)
4.87975952e+00 (6.47185894e-03,2.72499590e-03) (-2.59146628e-04,6.15474598e-04) (-5.82578172e-26,-4.86366259e-25)
4.89979960e+00 (6.46408807e-03,2.72172057e-03) (-2.22036452e-04,5.27337959e-04) (7.67805379e-26,-4.24350742e-25)
4.91983968e+00 (6.45751469e-03,2.71894997e-03) (-1.84967470e-04,4.39299052e-04) (4.28659979e-26,-4.14647457e-26)
4.93987976e+00 (6.45213779e-03,2.71668366e-03) (-1.47932806e-04,3.51341566e-04) (5.31990408e-26,-1.49888093e-25)
4.95991984e+00 (6.44795656e-03,2.71492127e-03) (-1.10925591e-04,2.63449204e-04) (-1.07452962e-25,-7.58641367e-25)
4.97995992e+00 (6.44497039e-03,2.71366258e-03) (-7.39389593e-05,1.75605676e-04) (-2.26301771e-25,2.19596223e-25)
5.00000000e+00 (6.44258162e-03,2.71265567e-03) (-3.69660495e-05,8.77947006e-05) (-8.27470238e-26,-1.09883011e-25)
