0.4403 	 400
Z	 ux	 uz 	 rho
-1.50000000e+01 (5.02061974e-05,2.60988599e-04) (8.64010142e-06,-1.66209037e-06) (-4.96503738e-15,-2.77999459e-15)
-1.49248120e+01 (5.03163055e-05,2.61560978e-04) (1.72896720e-05,-3.32600233e-06) (0.00000000e+00,0.00000000e+00)
-1.48496241e+01 (5.04540162e-05,2.62276844e-04) (2.59581914e-05,-4.99355944e-06) (0.00000000e+00,0.00000000e+00)
-1.47744361e+01 (5.06470223e-05,2.63280154e-04) (3.46551599e-05,-6.66658929e-06) (0.00000000e+00,0.00000000e+00)
-1.46992481e+01 (5.08955355e-05,2.64572009e-04) (4.33901090e-05,-8.34692545e-06) (0.00000000e+00,0.00000000e+00)
-1.46240602e+01 (5.11998281e-05,2.66153823e-04) (5.21726118e-05,-1.00364095e-05) (0.00000000e+00,0.00000000e+00)
-1.45488722e+01 (5.15602335e-05,2.68027331e-04) (6.10122937e-05,-1.17368930e-05) (0.00000000e+00,0.00000000e+00)
-1.44736842e+01 (5.19771468e-05,2.70194586e-04) (6.99188425e-05,-1.34502397e-05) (0.00000000e+00,0.00000000e+00)
-1.43984962e+01 (5.24510250e-05,2.72657963e-04) (7.89020195e-05,-1.51783273e-05) (0.00000000e+00,0.00000000e+00)
-1.43233083e+01 (5.29823872e-05,2.75420162e-04) (8.79716697e-05,-1.69230497e-05) (0.00000000e+00,0.00000000e+00)
-1.42481203e+01 (5.35718160e-05,2.78484209e-04) (9.71377333e-05,-1.86863190e-05) (0.00000000e+00,0.00000000e+00)
-1.41729323e+01 (5.42199572e-05,2.81853464e-04) (1.06410256e-04,-2.04700678e-05) (0.00000000e+00,0.00000000e+00)
-1.40977444e+01 (5.49275213e-05,2.85531619e-04) (1.15799400e-04,-2.22762509e-05) (0.00000000e+00,0.00000000e+00)
-1.40225564e+01 (5.56952836e-05,2.89522704e-04) (1.25315455e-04,-2.41068479e-05) (0.00000000e+00,0.00000000e+00)
-1.39473684e+01 (5.65240857e-05,2.93831094e-04) (1.34968850e-04,-2.59638650e-05) (0.00000000e+00,0.00000000e+00)
-1.38721805e+01 (5.74148358e-05,2.98461511e-04) (1.44770166e-04,-2.78493373e-05) (0.00000000e+00,0.00000000e+00)
-1.37969925e+01 (5.83685102e-05,3.03419030e-04) (1.54730144e-04,-2.97653315e-05) (0.00000000e+00,0.00000000e+00)
-1.37218045e+01 (5.93861541e-05,3.08709083e-04) (1.64859700e-04,-3.17139471e-05) (0.00000000e+00,0.00000000e+00)
-1.36466165e+01 (6.04688827e-05,3.14337468e-04) (1.75169935e-04,-3.36973200e-05) (0.00000000e+00,0.00000000e+00)
-1.35714286e+01 (6.16178826e-05,3.20310354e-04) (1.85672149e-04,-3.57176237e-05) (0.00000000e+00,0.00000000e+00)
-1.34962406e+01 (6.28344133e-05,3.26634287e-04) (1.96377852e-04,-3.77770724e-05) (0.00000000e+00,0.00000000e+00)
-1.34210526e+01 (6.41198078e-05,3.33316197e-04) (2.07298777e-04,-3.98779232e-05) (0.00000000e+00,0.00000000e+00)
-1.33458647e+01 (6.54754750e-05,3.40363408e-04) (2.18446893e-04,-4.20224786e-05) (0.00000000e+00,0.00000000e+00)
-1.32706767e+01 (6.69029006e-05,3.47783644e-04) (2.29834417e-04,-4.42130889e-05) (0.00000000e+00,0.00000000e+00)
-1.31954887e+01 (6.84036489e-05,3.55585036e-04) (2.41473831e-04,-4.64521549e-05) (0.00000000e+00,0.00000000e+00)
-1.31203008e+01 (6.99793649e-05,3.63776134e-04) (2.53377890e-04,-4.87421305e-05) (0.00000000e+00,0.00000000e+00)
-1.30451128e+01 (7.16317753e-05,3.72365916e-04) (2.65559640e-04,-5.10855255e-05) (0.00000000e+00,0.00000000e+00)
-1.29699248e+01 (7.33626911e-05,3.81363795e-04) (2.78032433e-04,-5.34849080e-05) (0.00000000e+00,0.00000000e+00)
-1.28947368e+01 (7.51740095e-05,3.90779633e-04) (2.90809938e-04,-5.59429079e-05) (0.00000000e+00,0.00000000e+00)
-1.28195489e+01 (7.70677154e-05,4.00623749e-04) (3.03906158e-04,-5.84622188e-05) (0.00000000e+00,0.00000000e+00)
-1.27443609e+01 (7.90458843e-05,4.10906933e-04) (3.17335447e-04,-6.10456019e-05) (0.00000000e+00,0.00000000e+00)
-1.26691729e+01 (8.11106842e-05,4.21640453e-04) (3.31112522e-04,-6.36958884e-05) (0.00000000e+00,0.00000000e+00)
-1.25939850e+01 (8.32643781e-05,4.32836074e-04) (3.45252483e-04,-6.64159829e-05) (0.00000000e+00,0.00000000e+00)
-1.25187970e+01 (8.55093263e-05,4.44506065e-04) (3.59770827e-04,-6.92088667e-05) (0.00000000e+00,0.00000000e+00)
-1.24436090e+01 (8.78479891e-05,4.56663216e-04) (3.74683464e-04,-7.20776004e-05) (0.00000000e+00,0.00000000e+00)
-1.23684211e+01 (9.02829297e-05,4.69320852e-04) (3.90006739e-04,-7.50253283e-05) (0.00000000e+00,0.00000000e+00)
-1.22932331e+01 (9.28168166e-05,4.82492843e-04) (4.05757444e-04,-7.80552807e-05) (0.00000000e+00,0.00000000e+00)
-1.22180451e+01 (9.54524269e-05,4.96193626e-04) (4.21952844e-04,-8.11707785e-05) (0.00000000e+00,0.00000000e+00)
-1.21428571e+01 (9.81926491e-05,5.10438217e-04) (4.38610686e-04,-8.43752362e-05) (0.00000000e+00,0.00000000e+00)
-1.20676692e+01 (1.01040486e-04,5.25242227e-04) (4.55749227e-04,-8.76721655e-05) (0.00000000e+00,0.00000000e+00)
-1.19924812e+01 (1.03999060e-04,5.40621881e-04) (4.73387250e-04,-9.10651799e-05) (0.00000000e+00,0.00000000e+00)
-1.19172932e+01 (1.07071612e-04,5.56594034e-04) (4.91544086e-04,-9.45579980e-05) (0.00000000e+00,0.00000000e+00)
-1.18421053e+01 (1.10261510e-04,5.73176191e-04) (5.10239634e-04,-9.81544477e-05) (0.00000000e+00,0.00000000e+00)
-1.17669173e+01 (1.13572250e-04,5.90386525e-04) (5.29494383e-04,-1.01858471e-04) (0.00000000e+00,0.00000000e+00)
-1.16917293e+01 (1.17007461e-04,6.08243898e-04) (5.49329436e-04,-1.05674126e-04) (0.00000000e+00,0.00000000e+00)
-1.16165414e+01 (1.20570907e-04,6.26767881e-04) (5.69766532e-04,-1.09605596e-04) (0.00000000e+00,0.00000000e+00)
-1.15413534e+01 (1.24266493e-04,6.45978776e-04) (5.90828068e-04,-1.13657189e-04) (0.00000000e+00,0.00000000e+00)
-1.14661654e+01 (1.28098271e-04,6.65897636e-04) (6.12537127e-04,-1.17833346e-04) (0.00000000e+00,0.00000000e+00)
-1.13909774e+01 (1.32070438e-04,6.86546293e-04) (6.34917501e-04,-1.22138643e-04) (0.00000000e+00,0.00000000e+00)
-1.13157895e+01 (1.36187350e-04,7.07947376e-04) (6.57993718e-04,-1.26577799e-04) (0.00000000e+00,0.00000000e+00)
-1.12406015e+01 (1.40453517e-04,7.30124340e-04) (6.81791069e-04,-1.31155679e-04) (0.00000000e+00,0.00000000e+00)
-1.11654135e+01 (1.44873616e-04,7.53101489e-04) (7.06335635e-04,-1.35877301e-04) (0.00000000e+00,0.00000000e+00)
-1.10902256e+01 (1.49452490e-04,7.76904007e-04) (7.31654315e-04,-1.40747838e-04) (0.00000000e+00,0.00000000e+00)
-1.10150376e+01 (1.54195157e-04,8.01557979e-04) (7.57774858e-04,-1.45772629e-04) (0.00000000e+00,0.00000000e+00)
-1.09398496e+01 (1.59106816e-04,8.27090425e-04) (7.84725891e-04,-1.50957180e-04) (0.00000000e+00,0.00000000e+00)
-1.08646617e+01 (1.64192850e-04,8.53529328e-04) (8.12536950e-04,-1.56307175e-04) (0.00000000e+00,0.00000000e+00)
-1.07894737e+01 (1.69458832e-04,8.80903663e-04) (8.41238517e-04,-1.61828475e-04) (0.00000000e+00,0.00000000e+00)
-1.07142857e+01 (1.74910534e-04,9.09243432e-04) (8.70862045e-04,-1.67527133e-04) (0.00000000e+00,0.00000000e+00)
-1.06390977e+01 (1.80553930e-04,9.38579694e-04) (9.01440003e-04,-1.73409394e-04) (0.00000000e+00,0.00000000e+00)
-1.05639098e+01 (1.86395206e-04,9.68944600e-04) (9.33005901e-04,-1.79481704e-04) (0.00000000e+00,0.00000000e+00)
-1.04887218e+01 (1.92440763e-04,1.00037143e-03) (9.65594335e-04,-1.85750718e-04) (0.00000000e+00,0.00000000e+00)
-1.04135338e+01 (1.98697227e-04,1.03289462e-03) (9.99241020e-04,-1.92223308e-04) (0.00000000e+00,0.00000000e+00)
-1.03383459e+01 (2.05171455e-04,1.06654983e-03) (1.03398283e-03,-1.98906566e-04) (0.00000000e+00,0.00000000e+00)
-1.02631579e+01 (2.11870543e-04,1.10137392e-03) (1.06985785e-03,-2.05807818e-04) (0.00000000e+00,0.00000000e+00)
-1.01879699e+01 (2.18801831e-04,1.13740508e-03) (1.10690538e-03,-2.12934627e-04) (0.00000000e+00,0.00000000e+00)
-1.01127820e+01 (2.25972917e-04,1.17468278e-03) (1.14516603e-03,-2.20294802e-04) (0.00000000e+00,0.00000000e+00)
-1.00375940e+01 (2.33391660e-04,1.21324789e-03) (1.18468174e-03,-2.27896412e-04) (0.00000000e+00,0.00000000e+00)
-9.96240602e+00 (2.41066189e-04,1.25314267e-03) (1.22549582e-03,-2.35747787e-04) (0.00000000e+00,0.00000000e+00)
-9.88721805e+00 (2.49004917e-04,1.29441083e-03) (1.26765298e-03,-2.43857532e-04) (0.00000000e+00,0.00000000e+00)
-9.81203008e+00 (2.57216544e-04,1.33709762e-03) (1.31119944e-03,-2.52234534e-04) (0.00000000e+00,0.00000000e+00)
-9.73684211e+00 (2.65710069e-04,1.38124981e-03) (1.35618292e-03,-2.60887974e-04) (0.00000000e+00,0.00000000e+00)
-9.66165414e+00 (2.74494800e-04,1.42691579e-03) (1.40265271e-03,-2.69827337e-04) (0.00000000e+00,0.00000000e+00)
-9.58646617e+00 (2.83580366e-04,1.47414560e-03) (1.45065976e-03,-2.79062420e-04) (0.00000000e+00,0.00000000e+00)
-9.51127820e+00 (2.92976723e-04,1.52299102e-03) (1.50025667e-03,-2.88603343e-04) (0.00000000e+00,0.00000000e+00)
-9.43609023e+00 (3.02694169e-04,1.57350557e-03) (1.55149780e-03,-2.98460563e-04) (0.00000000e+00,0.00000000e+00)
-9.36090226e+00 (3.12743354e-04,1.62574461e-03) (1.60443930e-03,-3.08644883e-04) (0.00000000e+00,0.00000000e+00)
-9.28571429e+00 (3.23135292e-04,1.67976539e-03) (1.65913920e-03,-3.19167465e-04) (0.00000000e+00,0.00000000e+00)
-9.21052632e+00 (3.33881370e-04,1.73562712e-03) (1.71565745e-03,-3.30039841e-04) (0.00000000e+00,0.00000000e+00)
-9.13533835e+00 (3.44993367e-04,1.79339103e-03) (1.77405599e-03,-3.41273926e-04) (0.00000000e+00,0.00000000e+00)
-9.06015038e+00 (3.56483459e-04,1.85312040e-03) (1.83439882e-03,-3.52882033e-04) (0.00000000e+00,0.00000000e+00)
-8.98496241e+00 (3.68364239e-04,1.91488071e-03) (1.89675207e-03,-3.64876883e-04) (0.00000000e+00,0.00000000e+00)
-8.90977444e+00 (3.80648727e-04,1.97873963e-03) (1.96118408e-03,-3.77271623e-04) (0.00000000e+00,0.00000000e+00)
-8.83458647e+00 (3.93350385e-04,2.04476716e-03) (2.02776546e-03,-3.90079836e-04) (0.00000000e+00,0.00000000e+00)
-8.75939850e+00 (4.06483134e-04,2.11303565e-03) (2.09656919e-03,-4.03315559e-04) (0.00000000e+00,0.00000000e+00)
-8.68421053e+00 (4.20061365e-04,2.18361992e-03) (2.16767066e-03,-4.16993298e-04) (0.00000000e+00,0.00000000e+00)
-8.60902256e+00 (4.34099957e-04,2.25659732e-03) (2.24114781e-03,-4.31128043e-04) (0.00000000e+00,0.00000000e+00)
-8.53383459e+00 (4.48614296e-04,2.33204782e-03) (2.31708116e-03,-4.45735285e-04) (0.00000000e+00,0.00000000e+00)
-8.45864662e+00 (4.63620285e-04,2.41005412e-03) (2.39555392e-03,-4.60831032e-04) (0.00000000e+00,0.00000000e+00)
-8.38345865e+00 (4.79134370e-04,2.49070170e-03) (2.47665211e-03,-4.76431828e-04) (0.00000000e+00,0.00000000e+00)
-8.30827068e+00 (4.95173549e-04,2.57407893e-03) (2.56046459e-03,-4.92554771e-04) (0.00000000e+00,0.00000000e+00)
-8.23308271e+00 (5.11755398e-04,2.66027718e-03) (2.64708323e-03,-5.09217529e-04) (0.00000000e+00,0.00000000e+00)
-8.15789474e+00 (5.28898085e-04,2.74939091e-03) (2.73660295e-03,-5.26438365e-04) (0.00000000e+00,0.00000000e+00)
-8.08270677e+00 (5.46620394e-04,2.84151777e-03) (2.82912185e-03,-5.44236150e-04) (0.00000000e+00,0.00000000e+00)
-8.00751880e+00 (5.64941742e-04,2.93675871e-03) (2.92474133e-03,-5.62630389e-04) (0.00000000e+00,0.00000000e+00)
-7.93233083e+00 (5.83882200e-04,3.03521808e-03) (3.02356619e-03,-5.81641240e-04) (0.00000000e+00,0.00000000e+00)
-7.85714286e+00 (6.03462520e-04,3.13700377e-03) (3.12570472e-03,-6.01289537e-04) (0.00000000e+00,0.00000000e+00)
-7.78195489e+00 (6.23704149e-04,3.24222730e-03) (3.23126886e-03,-6.21596811e-04) (0.00000000e+00,0.00000000e+00)
-7.70676692e+00 (6.44629259e-04,3.35100395e-03) (3.34037430e-03,-6.42585316e-04) (0.00000000e+00,0.00000000e+00)
-7.63157895e+00 (6.66260770e-04,3.46345290e-03) (3.45314060e-03,-6.64278053e-04) (0.00000000e+00,0.00000000e+00)
-7.55639098e+00 (6.88622371e-04,3.57969732e-03) (3.56969134e-03,-6.86698793e-04) (0.00000000e+00,0.00000000e+00)
-7.48120301e+00 (7.11738548e-04,3.69986455e-03) (3.69015424e-03,-7.09872103e-04) (0.00000000e+00,0.00000000e+00)
-7.40601504e+00 (7.35634611e-04,3.82408621e-03) (3.81466131e-03,-7.33823377e-04) (0.00000000e+00,0.00000000e+00)
-7.33082707e+00 (7.60336717e-04,3.95249835e-03) (3.94334900e-03,-7.58578858e-04) (0.00000000e+00,0.00000000e+00)
-7.25563910e+00 (7.85871905e-04,4.08524160e-03) (4.07635831e-03,-7.84165671e-04) (0.00000000e+00,0.00000000e+00)
-7.18045113e+00 (8.12268114e-04,4.22246128e-03) (4.21383500e-03,-8.10611850e-04) (0.00000000e+00,0.00000000e+00)
-7.10526316e+00 (8.39554222e-04,4.36430764e-03) (4.35592969e-03,-8.37946370e-04) (0.00000000e+00,0.00000000e+00)
-7.03007519e+00 (8.67760070e-04,4.51093593e-03) (4.50279810e-03,-8.66199177e-04) (0.00000000e+00,0.00000000e+00)
-6.95488722e+00 (8.96916495e-04,4.66250661e-03) (4.65460114e-03,-8.95401221e-04) (0.00000000e+00,0.00000000e+00)
-6.87969925e+00 (9.27055360e-04,4.81918552e-03) (4.81150512e-03,-9.25584490e-04) (0.00000000e+00,0.00000000e+00)
-6.80451128e+00 (9.58209586e-04,4.98114403e-03) (4.97368195e-03,-9.56782044e-04) (0.00000000e+00,0.00000000e+00)
-6.72932331e+00 (9.90413185e-04,5.14855923e-03) (5.14130929e-03,-9.89028051e-04) (0.00000000e+00,0.00000000e+00)
-6.65413534e+00 (1.02370129e-03,5.32161411e-03) (5.31457076e-03,-1.02235782e-03) (0.00000000e+00,0.00000000e+00)
-6.57894737e+00 (1.05811020e-03,5.50049775e-03) (5.49365616e-03,-1.05680785e-03) (0.00000000e+00,0.00000000e+00)
-6.50375940e+00 (1.09367740e-03,5.68540548e-03) (5.67876161e-03,-1.09241586e-03) (0.00000000e+00,0.00000000e+00)
-6.42857143e+00 (1.13044159e-03,5.87653911e-03) (5.87008985e-03,-1.12922081e-03) (0.00000000e+00,0.00000000e+00)
-6.35338346e+00 (1.16844272e-03,6.07410709e-03) (6.06785036e-03,-1.16726299e-03) (0.00000000e+00,0.00000000e+00)
-6.27819549e+00 (1.20772207e-03,6.27832471e-03) (6.27225967e-03,-1.20658402e-03) (0.00000000e+00,0.00000000e+00)
-6.20300752e+00 (1.24832219e-03,6.48941432e-03) (6.48354154e-03,-1.24722690e-03) (1.32845212e-17,4.12358768e-17)
-6.12781955e+00 (1.29028702e-03,6.70760548e-03) (6.70192721e-03,-1.28923609e-03) (2.74640362e-17,8.52498345e-17)
-6.05263158e+00 (1.33366186e-03,6.93313521e-03) (6.92765563e-03,-1.33265749e-03) (1.41945671e-17,4.40606789e-17)
-5.97744361e+00 (1.37849343e-03,7.16624811e-03) (7.16097374e-03,-1.37753854e-03) (1.46726768e-17,4.55447376e-17)
-5.90225564e+00 (1.42482986e-03,7.40719660e-03) (7.40213669e-03,-1.42392826e-03) (4.55006128e-17,1.41236157e-16)
-5.82706767e+00 (1.47272075e-03,7.65624105e-03) (7.65140813e-03,-1.47187727e-03) (7.83884617e-17,2.43321546e-16)
-5.75187970e+00 (1.52221716e-03,7.91364997e-03) (7.90906044e-03,-1.52143788e-03) (1.13439913e-16,3.52122725e-16)
-5.67669173e+00 (1.57337162e-03,8.17970014e-03) (8.17537506e-03,-1.57266407e-03) (1.84266285e-16,5.71970615e-16)
-5.60150376e+00 (1.62623813e-03,8.45467674e-03) (8.45064269e-03,-1.62561164e-03) (3.11681257e-16,9.67471516e-16)
-5.52631579e+00 (1.68087215e-03,8.73887345e-03) (8.73516365e-03,-1.68033816e-03) (5.01165234e-16,1.55563618e-15)
-5.45112782e+00 (1.73733059e-03,9.03259250e-03) (9.02924810e-03,-1.73690307e-03) (7.95565389e-16,2.46946287e-15)
-5.37593985e+00 (1.79567174e-03,9.33614469e-03) (9.33321636e-03,-1.79536773e-03) (1.30047105e-15,4.03670280e-15)
-5.30075188e+00 (1.85595524e-03,9.64984937e-03) (9.64739916e-03,-1.85579544e-03) (2.13500960e-15,6.62712661e-15)
-5.22556391e+00 (1.91824202e-03,9.97403434e-03) (9.97213796e-03,-1.91825150e-03) (3.45340116e-15,1.07194313e-14)
-5.15037594e+00 (1.98259413e-03,1.03090356e-02) (1.03077852e-02,-1.98280325e-03) (5.59745400e-15,1.73745831e-14)
-5.07518797e+00 (2.04907465e-03,1.06551973e-02) (1.06547046e-02,-2.04952010e-03) (9.10469049e-15,2.82610349e-14)
-5.00000000e+00 (2.11774749e-03,1.10128710e-02) (1.10132714e-02,-2.11847356e-03) (1.47827471e-14,4.58856482e-14)
-4.92481203e+00 (2.18867717e-03,1.13824152e-02) (1.13838726e-02,-2.18973728e-03) (2.39357070e-14,7.42962089e-14)
-4.84962406e+00 (2.26192852e-03,1.17641950e-02) (1.17669071e-02,-2.26338703e-03) (3.88490093e-14,1.20586530e-13)
-4.77443609e+00 (2.33756630e-03,1.21585806e-02) (1.21627862e-02,-2.33950076e-03) (6.30903083e-14,1.95830219e-13)
-4.69924812e+00 (2.41565478e-03,1.25659465e-02) (1.25719332e-02,-2.41815853e-03) (1.02370757e-13,3.17753894e-13)
-4.62406015e+00 (2.49625716e-03,1.29866695e-02) (1.29947841e-02,-2.49944253e-03) (1.66119586e-13,5.15624309e-13)
-4.54887218e+00 (2.57943487e-03,1.34211274e-02) (1.34317874e-02,-2.58343703e-03) (2.69673573e-13,8.37043665e-13)
-4.47368421e+00 (2.66524680e-03,1.38696960e-02) (1.38834040e-02,-2.67022827e-03) (4.37675480e-13,1.35849696e-12)
-4.39849624e+00 (2.75374817e-03,1.43327466e-02) (1.43501073e-02,-2.75990442e-03) (7.10302068e-13,2.20468086e-12)
-4.32330827e+00 (2.84498939e-03,1.48106419e-02) (1.48323827e-02,-2.85255539e-03) (1.15279432e-12,3.57808008e-12)
-4.24812030e+00 (2.93901447e-03,1.53037321e-02) (1.53307277e-02,-2.94827267e-03) (1.87100765e-12,5.80722499e-12)
-4.17293233e+00 (3.03585922e-03,1.58123489e-02) (1.58456509e-02,-3.04714908e-03) (3.03673110e-12,9.42526247e-12)
-4.09774436e+00 (3.13554903e-03,1.63367991e-02) (1.63776716e-02,-3.14927850e-03) (4.92857384e-12,1.52968300e-11)
-4.02255639e+00 (3.23809616e-03,1.68773566e-02) (1.69273189e-02,-3.25475543e-03) (7.99922032e-12,2.48267432e-11)
-3.94736842e+00 (3.34349653e-03,1.74342523e-02) (1.74951303e-02,-3.36367455e-03) (1.29831911e-11,4.02943505e-11)
-3.87218045e+00 (3.45172578e-03,1.80076627e-02) (1.80816499e-02,-3.47613010e-03) (2.10725971e-11,6.53988121e-11)
-3.79699248e+00 (3.56273457e-03,1.85976951e-02) (1.86874271e-02,-3.59221513e-03) (3.42026713e-11,1.06144900e-10)
-3.72180451e+00 (3.67644288e-03,1.92043707e-02) (1.93130131e-02,-3.71202063e-03) (5.55148185e-11,1.72279371e-10)
-3.64661654e+00 (3.79273323e-03,1.98276033e-02) (1.99589586e-02,-3.83563435e-03) (9.01084770e-11,2.79622969e-10)
-3.57142857e+00 (3.91144242e-03,2.04671745e-02) (2.06258092e-02,-3.96313949e-03) (1.46261998e-10,4.53856687e-10)
-3.49624060e+00 (4.03235168e-03,2.11227036e-02) (2.13141010e-02,-4.09461301e-03) (2.37415027e-10,7.36668712e-10)
-3.42105263e+00 (4.15517484e-03,2.17936109e-02) (2.20243545e-02,-4.23012362e-03) (3.85386973e-10,1.19573253e-09)
-3.34586466e+00 (4.27954415e-03,2.24790746e-02) (2.27570674e-02,-4.36972933e-03) (6.25605020e-10,1.94091188e-09)
-3.27067669e+00 (4.40499321e-03,2.31779780e-02) (2.35127059e-02,-4.51347449e-03) (1.01559426e-09,3.15057095e-09)
-3.19548872e+00 (4.53093666e-03,2.38888477e-02) (2.42916936e-02,-4.66138625e-03) (1.64876888e-09,5.11430051e-09)
-3.12030075e+00 (4.65664575e-03,2.46097781e-02) (2.50943990e-02,-4.81347019e-03) (2.67683789e-09,8.30231060e-09)
-3.04511278e+00 (4.78121929e-03,2.53383426e-02) (2.59211199e-02,-4.96970521e-03) (4.34621180e-09,1.34781436e-08)
-2.96992481e+00 (4.90354880e-03,2.60714867e-02) (2.67720640e-02,-5.13003724e-03) (7.05717073e-09,2.18817769e-08)
-2.89473684e+00 (5.02227715e-03,2.68054014e-02) (2.76473268e-02,-5.29437176e-03) (1.14600470e-08,3.55271203e-08)
-2.81954887e+00 (5.13574921e-03,2.75353720e-02) (2.85468638e-02,-5.46256485e-03) (1.86116218e-08,5.76854749e-08)
-2.74436090e+00 (5.24195328e-03,2.82555997e-02) (2.94704582e-02,-5.63441242e-03) (3.02295100e-08,9.36713533e-08)
-2.66917293e+00 (5.33845158e-03,2.89589897e-02) (3.04176819e-02,-5.80963734e-03) (4.91060833e-08,1.52120098e-07)
-2.59398496e+00 (5.42229803e-03,2.96369018e-02) (3.13878482e-02,-5.98787411e-03) (7.97822802e-08,2.47065702e-07)
-2.51879699e+00 (5.48994128e-03,3.02788563e-02) (3.23799568e-02,-6.16865054e-03) (1.29645039e-07,4.01321183e-07)
-2.44360902e+00 (5.53711048e-03,3.08721908e-02) (3.33926272e-02,-6.35136601e-03) (2.10715767e-07,6.51980338e-07)
-2.36842105e+00 (5.55868150e-03,3.14016588e-02) (3.44240208e-02,-6.53526554e-03) (3.42567059e-07,1.05937642e-06)
-2.29323308e+00 (5.54852057e-03,3.18489645e-02) (3.54717476e-02,-6.71940923e-03) (5.57083428e-07,1.72167808e-06)
-2.21804511e+00 (5.49930257e-03,3.21922274e-02) (3.65327575e-02,-6.90263601e-03) (9.06239628e-07,2.79868561e-06)
-2.14285714e+00 (5.40230084e-03,3.24053688e-02) (3.76032119e-02,-7.08352095e-03) (1.47482435e-06,4.55065693e-06)
-2.06766917e+00 (5.24714560e-03,3.24574177e-02) (3.86783340e-02,-7.26032519e-03) (2.40128295e-06,7.40171484e-06)
-1.99248120e+00 (5.02154798e-03,3.23117319e-02) (3.97522346e-02,-7.43093722e-03) (3.91191776e-06,1.20435110e-05)
-1.91729323e+00 (4.71098710e-03,3.19251378e-02) (4.08177108e-02,-7.59280453e-03) (6.37712046e-06,1.96049249e-05)
-1.84210526e+00 (4.29835780e-03,3.12469944e-02) (4.18660148e-02,-7.74285416e-03) (1.04040567e-05,3.19302909e-05)
-1.76691729e+00 (3.76357699e-03,3.02181965e-02) (4.28865907e-02,-7.87740106e-03) (1.69898873e-05,5.20363961e-05)
-1.69172932e+00 (3.08314569e-03,2.87701400e-02) (4.38667775e-02,-7.99204257e-03) (2.77759838e-05,8.48647639e-05)
-1.61654135e+00 (2.22966216e-03,2.68236824e-02) (4.47914768e-02,-8.08153776e-03) (4.54715924e-05,1.38523277e-04)
-1.54135338e+00 (1.17127546e-03,2.42881409e-02) (4.56427876e-02,-8.13966968e-03) (7.45637862e-05,2.26341922e-04)
-1.46616541e+00 (-1.28944343e-04,2.10603728e-02) (4.63996074e-02,-8.15908852e-03) (1.22515368e-04,3.70289484e-04)
-1.39097744e+00 (-1.71377188e-03,1.70239750e-02) (4.70372059e-02,-8.13113220e-03) (2.01803651e-04,6.06678451e-04)
-1.31578947e+00 (-3.63283995e-03,1.20485950e-02) (4.75267737e-02,-8.04561878e-03) (3.33428808e-04,9.95744366e-04)
-1.24060150e+00 (-5.94413503e-03,5.98924322e-03) (4.78349498e-02,-7.89059996e-03) (5.53037301e-04,1.63784201e-03)
-1.16541353e+00 (-8.71646202e-03,-1.31473919e-03) (4.79233247e-02,-7.65205447e-03) (9.21809345e-04,2.70106213e-03)
-1.09022556e+00 (-1.20339058e-02,-1.00418878e-02) (4.77479002e-02,-7.31347842e-03) (1.54629680e-03,4.46881965e-03)
-1.01503759e+00 (-1.60045185e-02,-2.03938331e-02) (4.72584460e-02,-6.85528324e-03) (2.61577665e-03,7.42293983e-03)
-9.39849624e-01 (-2.07783146e-02,-3.26074288e-02) (4.63976138e-02,-6.25381083e-03) (4.47579272e-03,1.23911280e-02)
-8.64661654e-01 (-2.65869984e-02,-4.69819888e-02) (4.50994910e-02,-5.47954009e-03) (7.78205113e-03,2.08140895e-02)
-7.89473684e-01 (-3.38387957e-02,-6.39385605e-02) (4.32869116e-02,-4.49347167e-03) (1.38504792e-02,3.52407944e-02)
-7.14285714e-01 (-4.33694366e-02,-8.41424697e-02) (4.08660852e-02,-3.23905562e-03) (2.55483418e-02,6.02631616e-02)
-6.39097744e-01 (-5.72020392e-02,-1.08704414e-01) (3.77157944e-02,-1.62195845e-03) (4.99196674e-02,1.04213560e-01)
-5.63909774e-01 (-8.12032118e-02,-1.38916144e-01) (3.36687088e-02,5.48321506e-04) (1.07315837e-01,1.80889849e-01)
-4.88721805e-01 (-1.33132223e-01,-1.67772346e-01) (2.85180833e-02,3.75454894e-03) (2.63744882e-01,2.92047815e-01)
-4.13533835e-01 (-2.08760763e-01,-1.39854814e-01) (2.25604135e-02,9.36307603e-03) (5.92182153e-01,2.62522735e-01)
-3.38345865e-01 (-2.32770235e-01,-6.37787215e-02) (1.92582225e-02,1.75767089e-02) (7.52474518e-01,2.48911035e-02)
-2.63157895e-01 (-1.97249188e-01,-1.46762118e-02) (1.83375908e-02,2.47749158e-02) (7.80941718e-01,-9.75423832e-02)
-1.87969925e-01 (-1.59966586e-01,3.40596026e-03) (1.82865028e-02,3.06366815e-02) (8.09856792e-01,-1.53594075e-01)
-1.12781955e-01 (-1.28499978e-01,9.97321761e-03) (1.85631012e-02,3.53663876e-02) (8.16785340e-01,-1.83214660e-01)
-3.75939850e-02 (-1.02168068e-01,1.16449973e-02) (1.89468348e-02,3.91447327e-02) (7.76555042e-01,-1.91709238e-01)
3.75939850e-02 (-8.04654650e-02,1.10162372e-02) (1.93341226e-02,4.21309892e-02) (6.84207851e-01,-1.80111022e-01)
1.12781955e-01 (-6.29331530e-02,9.35014076e-03) (1.96762257e-02,4.44723935e-02) (5.56075626e-01,-1.53323091e-01)
1.87969925e-01 (-4.88897579e-02,7.29784947e-03) (1.99532003e-02,4.62978264e-02) (4.19046609e-01,-1.19602957e-01)
2.63157895e-01 (-3.74987003e-02,5.16576777e-03) (2.01594201e-02,4.77094101e-02) (2.96220413e-01,-8.67852760e-02)
3.38345865e-01 (-2.79683538e-02,3.07302726e-03) (2.02952285e-02,4.87806351e-02) (1.99241295e-01,-5.95473043e-02)
4.13533835e-01 (-1.96960304e-02,1.05647128e-03) (2.03628869e-02,4.95612095e-02) (1.29282136e-01,-3.92334168e-02)
4.88721805e-01 (-1.23007406e-02,-8.70806155e-04) (2.03651780e-02,5.00847196e-02) (8.18639530e-02,-2.51381530e-02)
5.63909774e-01 (-5.58172210e-03,-2.69603106e-03) (2.03052303e-02,5.03756480e-02) (5.10296755e-02,-1.58143054e-02)
6.39097744e-01 (5.45137984e-04,-4.40249519e-03) (2.01866724e-02,5.04542884e-02) (3.15058254e-02,-9.83437828e-03)
7.14285714e-01 (6.10243186e-03,-5.97236405e-03) (2.00137388e-02,5.03395541e-02) (1.93452872e-02,-6.07306795e-03)
7.89473684e-01 (1.10887786e-02,-7.39034778e-03) (1.97912390e-02,5.00502431e-02) (1.18444645e-02,-3.73530590e-03)
8.64661654e-01 (1.55004334e-02,-8.64609424e-03) (1.95244200e-02,4.96053603e-02) (7.24294912e-03,-2.29254782e-03)
9.39849624e-01 (1.93416219e-02,-9.73507253e-03) (1.92187766e-02,4.90239513e-02) (4.42785137e-03,-1.40568387e-03)
1.01503759e+00 (2.26279291e-02,-1.06583454e-02) (1.88798557e-02,4.83247413e-02) (2.70759603e-03,-8.61655558e-04)
1.09022556e+00 (2.53858831e-02,-1.14217049e-02) (1.85130819e-02,4.75257442e-02) (1.65657234e-03,-5.28235692e-04)
1.16541353e+00 (2.76507552e-02,-1.20345441e-02) (1.81236186e-02,4.66439286e-02) (1.01420701e-03,-3.23937503e-04)
1.24060150e+00 (2.94637792e-02,-1.25087081e-02) (1.77162684e-02,4.56949731e-02) (6.21364286e-04,-1.98736204e-04)
1.31578947e+00 (3.08694483e-02,-1.28574635e-02) (1.72954105e-02,4.46931163e-02) (3.80943647e-04,-1.21980112e-04)
1.39097744e+00 (3.19132060e-02,-1.30946476e-02) (1.68649690e-02,4.36510907e-02) (2.33695071e-04,-7.49022497e-05)
1.46616541e+00 (3.26396432e-02,-1.32340158e-02) (1.64284070e-02,4.25801261e-02) (1.43445569e-04,-4.60132757e-05)
1.54135338e+00 (3.30912009e-02,-1.32887710e-02) (1.59887379e-02,4.14900028e-02) (8.80940255e-05,-2.82773240e-05)
1.61654135e+00 (3.33073190e-02,-1.32712532e-02) (1.55485504e-02,4.03891403e-02) (5.41254062e-05,-1.73837406e-05)
1.69172932e+00 (3.33239517e-02,-1.31927560e-02) (1.51100412e-02,3.92847076e-02) (3.32680020e-05,-1.06900787e-05)
1.76691729e+00 (3.31733636e-02,-1.30634407e-02) (1.46750511e-02,3.81827439e-02) (2.04550635e-05,-6.57559710e-06)
1.84210526e+00 (3.28841315e-02,-1.28923231e-02) (1.42451039e-02,3.70882818e-02) (1.25806666e-05,-4.04567820e-06)
1.91729323e+00 (3.24812877e-02,-1.26873084e-02) (1.38214436e-02,3.60054683e-02) (7.73958519e-06,-2.48963700e-06)
1.99248120e+00 (3.19865518e-02,-1.24552581e-02) (1.34050705e-02,3.49376786e-02) (4.76241943e-06,-1.53234827e-06)
2.06766917e+00 (3.14186140e-02,-1.22020757e-02) (1.29967744e-02,3.38876218e-02) (2.93102978e-06,-9.43290203e-07)
2.14285714e+00 (3.07934396e-02,-1.19328000e-02) (1.25971647e-02,3.28574357e-02) (1.80419696e-06,-5.80751701e-07)
2.21804511e+00 (3.01245758e-02,-1.16517015e-02) (1.22066975e-02,3.18487720e-02) (1.11073088e-06,-3.57589783e-07)
2.29323308e+00 (2.94234473e-02,-1.13623749e-02) (1.18256994e-02,3.08628716e-02) (6.83890170e-07,-2.20202540e-07)
2.36842105e+00 (2.86996322e-02,-1.10678265e-02) (1.14543886e-02,2.99006301e-02) (4.21123147e-07,-1.35611414e-07)
2.44360902e+00 (2.79611145e-02,-1.07705539e-02) (1.10928928e-02,2.89626539e-02) (2.59340744e-07,-8.35221684e-08)
2.51879699e+00 (2.72145106e-02,-1.04726188e-02) (1.07412646e-02,2.80493099e-02) (1.59722396e-07,-5.14439689e-08)
2.59398496e+00 (2.64652698e-02,-1.01757104e-02) (1.03994952e-02,2.71607668e-02) (9.83761024e-08,-3.16876891e-08)
2.66917293e+00 (2.57178508e-02,-9.88120170e-03) (1.00675255e-02,2.62970305e-02) (6.05951831e-08,-1.95194148e-08)
2.74436090e+00 (2.49758747e-02,-9.59019877e-03) (9.74525562e-03,2.54579744e-02) (3.73256877e-08,-1.20243145e-08)
2.81954887e+00 (2.42422567e-02,-9.30358267e-03) (9.43255334e-03,2.46433647e-02) (2.29930073e-08,-7.40745031e-09)
2.89473684e+00 (2.35193199e-02,-9.02204591e-03) (9.12926051e-03,2.38528818e-02) (1.41644402e-08,-4.56341499e-09)
2.96992481e+00 (2.28088919e-02,-8.74612343e-03) (8.83519894e-03,2.30861381e-02) (8.72602648e-09,-2.81139704e-09)
3.04511278e+00 (2.21123870e-02,-8.47621894e-03) (8.55017508e-03,2.23426931e-02) (5.37582617e-09,-1.73206370e-09)
3.12030075e+00 (2.14308758e-02,-8.21262727e-03) (8.27398402e-03,2.16220654e-02) (3.31195066e-09,-1.06712099e-09)
3.19548872e+00 (2.07651445e-02,-7.95555325e-03) (8.00641270e-03,2.09237435e-02) (2.04047392e-09,-6.57461688e-10)
3.27067669e+00 (2.01157439e-02,-7.70512758e-03) (7.74724265e-03,2.02471942e-02) (1.25714559e-09,-4.05072936e-10)
3.34586466e+00 (1.94830315e-02,-7.46142019e-03) (7.49625215e-03,1.95918695e-02) (7.74544547e-10,-2.49575040e-10)
3.42105263e+00 (1.88672060e-02,-7.22445139e-03) (7.25321809e-03,1.89572125e-02) (4.77213428e-10,-1.53770670e-10)
3.49624060e+00 (1.82683369e-02,-6.99420128e-03) (7.01791742e-03,1.83426619e-02) (2.94024513e-10,-9.47435466e-11)
3.57142857e+00 (1.76863885e-02,-6.77061749e-03) (6.79012835e-03,1.77476563e-02) (1.81158363e-10,-5.83752829e-11)
3.64661654e+00 (1.71212408e-02,-6.55362174e-03) (6.56963128e-03,1.71716368e-02) (1.11618607e-10,-3.59675696e-11)
3.72180451e+00 (1.65727056e-02,-6.34311521e-03) (6.35620960e-03,1.66140499e-02) (6.87729588e-11,-2.21613158e-11)
3.79699248e+00 (1.60405415e-02,-6.13898305e-03) (6.14965028e-03,1.60743492e-02) (4.23741996e-11,-1.36547016e-11)
3.87218045e+00 (1.55244647e-02,-5.94109806e-03) (5.94974430e-03,1.55519972e-02) (2.61088352e-11,-8.41338329e-12)
3.94736842e+00 (1.50241593e-02,-5.74932379e-03) (5.75628705e-03,1.50464662e-02) (1.60870022e-11,-5.18394546e-12)
4.02255639e+00 (1.45392848e-02,-5.56351707e-03) (5.56907855e-03,1.45572397e-02) (9.91205322e-12,-3.19411653e-12)
4.09774436e+00 (1.40694831e-02,-5.38353005e-03) (5.38792366e-03,1.40838125e-02) (6.10737581e-12,-1.96808272e-12)
4.17293233e+00 (1.36143835e-02,-5.20921197e-03) (5.21263219e-03,1.36256918e-02) (3.76310285e-12,-1.21265188e-12)
4.24812030e+00 (1.31736074e-02,-5.04041048e-03) (5.04301899e-03,1.31823970e-02) (2.31866645e-12,-7.47187332e-13)
4.32330827e+00 (1.27467717e-02,-4.87697281e-03) (4.87890396e-03,1.27534603e-02) (1.42866602e-12,-4.60386880e-13)
4.39849624e+00 (1.23334918e-02,-4.71874669e-03) (4.72011205e-03,1.23384266e-02) (8.80285321e-13,-2.83672049e-13)
4.47368421e+00 (1.19333843e-02,-4.56558104e-03) (4.56647326e-03,1.19368534e-02) (5.42412617e-13,-1.74792829e-13)
4.54887218e+00 (1.15460684e-02,-4.41732662e-03) (4.41782253e-03,1.15483109e-02) (3.34209866e-13,-1.07699511e-13)
4.62406015e+00 (1.11711676e-02,-4.27383643e-03) (4.27399974e-03,1.11723821e-02) (2.05921899e-13,-6.63586508e-14)
4.69924812e+00 (1.08083111e-02,-4.13496610e-03) (4.13484957e-03,1.08086620e-02) (1.26876402e-13,-4.08861615e-14)
4.77443609e+00 (1.04571345e-02,-4.00057419e-03) (4.00022145e-03,1.04567581e-02) (7.81737258e-14,-2.51916552e-14)
4.84962406e+00 (1.01172808e-02,-3.87052234e-03) (3.86996945e-03,1.01162897e-02) (4.81739039e-14,-1.55241591e-14)
4.92481203e+00 (9.78840041e-03,-3.74467546e-03) (3.74395213e-03,9.78688764e-03) (2.96837590e-14,-9.56567098e-15)
5.00000000e+00 (9.47015226e-03,-3.62290182e-03) (3.62203251e-03,9.46819452e-03) (1.82880986e-14,-5.89339235e-15)
5.07518797e+00 (9.16220354e-03,-3.50507313e-03) (3.50407790e-03,9.15986388e-03) (1.12700378e-14,-3.63180396e-15)
5.15037594e+00 (8.86423005e-03,-3.39106452e-03) (3.38995978e-03,8.86156020e-03) (6.94218268e-15,-2.23714046e-15)
5.22556391e+00 (8.57591633e-03,-3.28075464e-03) (3.27955373e-03,8.57295854e-03) (4.28437344e-15,-1.38065350e-15)
5.30075188e+00 (8.29695562e-03,-3.17402556e-03) (3.17273929e-03,8.29374427e-03) (2.63760662e-15,-8.49977729e-16)
5.37593985e+00 (8.02704987e-03,-3.07076278e-03) (3.06939983e-03,8.02361274e-03) (1.61573905e-15,-5.20677566e-16)
5.45112782e+00 (7.76590968e-03,-2.97085520e-03) (2.96942247e-03,7.76226907e-03) (1.00076822e-15,-3.22501138e-16)
5.52631579e+00 (7.51325417e-03,-2.87419503e-03) (2.87269794e-03,7.50942778e-03) (6.17782394e-16,-1.99082629e-16)
5.60150376e+00 (7.26881087e-03,-2.78067777e-03) (2.77912050e-03,7.26481256e-03) (3.83570629e-16,-1.23607066e-16)
5.67669173e+00 (7.03231556e-03,-2.69020211e-03) (2.68858780e-03,7.02815598e-03) (2.33000276e-16,-7.50852222e-17)
5.75187970e+00 (6.80351214e-03,-2.60266990e-03) (2.60100080e-03,6.79919924e-03) (1.41924341e-16,-4.57356552e-17)
5.82706767e+00 (6.58215240e-03,-2.51798601e-03) (2.51626366e-03,6.57769186e-03) (8.88414143e-17,-2.86294920e-17)
5.90225564e+00 (6.36799585e-03,-2.43605832e-03) (2.43428362e-03,6.36339147e-03) (5.46934361e-17,-1.76251668e-17)
5.97744361e+00 (6.16080958e-03,-2.35679762e-03) (2.35497095e-03,6.15606351e-03) (3.77938384e-17,-1.21792086e-17)
6.05263158e+00 (5.96036798e-03,-2.28011751e-03) (2.27823881e-03,5.95548102e-03) (2.19374108e-17,-7.06941768e-18)
6.12781955e+00 (5.76645260e-03,-2.20593436e-03) (2.20400317e-03,5.76142441e-03) (1.41483792e-17,-4.55937040e-18)
6.20300752e+00 (5.57885195e-03,-2.13416718e-03) (2.13218274e-03,5.57368116e-03) (6.84365961e-18,-2.20539535e-18)
6.27819549e+00 (5.39736126e-03,-2.06473761e-03) (2.06269884e-03,5.39204568e-03) (0.00000000e+00,0.00000000e+00)
6.35338346e+00 (5.22178235e-03,-1.99756976e-03) (1.99547537e-03,5.21631903e-03) (6.40486350e-18,-2.06399236e-18)
6.42857143e+00 (5.05192337e-03,-1.93259023e-03) (1.93043870e-03,5.04630872e-03) (6.19611101e-18,-1.99671950e-18)
6.50375940e+00 (4.88759865e-03,-1.86972795e-03) (1.86751756e-03,4.88182853e-03) (0.00000000e+00,0.00000000e+00)
6.57894737e+00 (4.72862851e-03,-1.80891417e-03) (1.80664302e-03,4.72269825e-03) (0.00000000e+00,0.00000000e+00)
6.65413534e+00 (4.57483907e-03,-1.75008233e-03) (1.74774840e-03,4.56874354e-03) (0.00000000e+00,0.00000000e+00)
6.72932331e+00 (4.42606206e-03,-1.69316807e-03) (1.69076915e-03,4.41979574e-03) (0.00000000e+00,0.00000000e+00)
6.80451128e+00 (4.28213466e-03,-1.63810906e-03) (1.63564285e-03,4.27569164e-03) (0.00000000e+00,0.00000000e+00)
6.87969925e+00 (4.14289933e-03,-1.58484504e-03) (1.58230909e-03,4.13627335e-03) (0.00000000e+00,0.00000000e+00)
6.95488722e+00 (4.00820363e-03,-1.53331769e-03) (1.53070943e-03,4.00138810e-03) (0.00000000e+00,0.00000000e+00)
7.03007519e+00 (3.87790009e-03,-1.48347057e-03) (1.48078732e-03,3.87088808e-03) (0.00000000e+00,0.00000000e+00)
7.10526316e+00 (3.75184600e-03,-1.43524909e-03) (1.43248806e-03,3.74463029e-03) (0.00000000e+00,0.00000000e+00)
7.18045113e+00 (3.62990332e-03,-1.38860044e-03) (1.38575872e-03,3.62247638e-03) (0.00000000e+00,0.00000000e+00)
7.25563910e+00 (3.51193846e-03,-1.34347351e-03) (1.34054809e-03,3.50429249e-03) (0.00000000e+00,0.00000000e+00)
7.33082707e+00 (3.39782223e-03,-1.29981886e-03) (1.29680663e-03,3.38994909e-03) (0.00000000e+00,0.00000000e+00)
7.40601504e+00 (3.28742959e-03,-1.25758868e-03) (1.25448640e-03,3.27932089e-03) (0.00000000e+00,0.00000000e+00)
7.48120301e+00 (3.18063962e-03,-1.21673669e-03) (1.21354102e-03,3.17228665e-03) (0.00000000e+00,0.00000000e+00)
7.55639098e+00 (3.07733531e-03,-1.17721813e-03) (1.17392562e-03,3.06872906e-03) (0.00000000e+00,0.00000000e+00)
7.63157895e+00 (2.97740348e-03,-1.13898971e-03) (1.13559679e-03,2.96853465e-03) (0.00000000e+00,0.00000000e+00)
7.70676692e+00 (2.88073463e-03,-1.10200953e-03) (1.09851252e-03,2.87159361e-03) (0.00000000e+00,0.00000000e+00)
7.78195489e+00 (2.78722284e-03,-1.06623707e-03) (1.06263216e-03,2.77779970e-03) (0.00000000e+00,0.00000000e+00)
7.85714286e+00 (2.69676564e-03,-1.03163313e-03) (1.02791640e-03,2.68705012e-03) (0.00000000e+00,0.00000000e+00)
7.93233083e+00 (2.60926390e-03,-9.98159795e-04) (9.94327187e-04,2.59924543e-03) (0.00000000e+00,0.00000000e+00)
8.00751880e+00 (2.52462175e-03,-9.65780383e-04) (9.61827714e-04,2.51428938e-03) (0.00000000e+00,0.00000000e+00)
8.08270677e+00 (2.44274643e-03,-9.34459409e-04) (9.30382360e-04,2.43208889e-03) (0.00000000e+00,0.00000000e+00)
8.15789474e+00 (2.36354822e-03,-9.04162551e-04) (8.99956664e-04,2.35255386e-03) (0.00000000e+00,0.00000000e+00)
8.23308271e+00 (2.28694032e-03,-8.74856605e-04) (8.70517282e-04,2.27559712e-03) (0.00000000e+00,0.00000000e+00)
8.30827068e+00 (2.21283878e-03,-8.46509456e-04) (8.42031948e-04,2.20113434e-03) (0.00000000e+00,0.00000000e+00)
8.38345865e+00 (2.14116239e-03,-8.19090038e-04) (8.14469445e-04,2.12908390e-03) (0.00000000e+00,0.00000000e+00)
8.45864662e+00 (2.07183261e-03,-7.92568302e-04) (7.87799566e-04,2.05936685e-03) (0.00000000e+00,0.00000000e+00)
8.53383459e+00 (2.00477346e-03,-7.66915183e-04) (7.61993081e-04,1.99190677e-03) (0.00000000e+00,0.00000000e+00)
8.60902256e+00 (1.93991144e-03,-7.42102566e-04) (7.37021708e-04,1.92662974e-03) (0.00000000e+00,0.00000000e+00)
8.68421053e+00 (1.87717547e-03,-7.18103259e-04) (7.12858079e-04,1.86346421e-03) (0.00000000e+00,0.00000000e+00)
8.75939850e+00 (1.81649679e-03,-6.94890961e-04) (6.89475713e-04,1.80234097e-03) (0.00000000e+00,0.00000000e+00)
8.83458647e+00 (1.75780892e-03,-6.72440231e-04) (6.66848983e-04,1.74319301e-03) (0.00000000e+00,0.00000000e+00)
8.90977444e+00 (1.70104752e-03,-6.50726465e-04) (6.44953091e-04,1.68595551e-03) (0.00000000e+00,0.00000000e+00)
8.98496241e+00 (1.64615039e-03,-6.29725867e-04) (6.23764041e-04,1.63056575e-03) (0.00000000e+00,0.00000000e+00)
9.06015038e+00 (1.59305737e-03,-6.09415421e-04) (6.03258610e-04,1.57696303e-03) (0.00000000e+00,0.00000000e+00)
9.13533835e+00 (1.54171028e-03,-5.89772867e-04) (5.83414325e-04,1.52508859e-03) (0.00000000e+00,0.00000000e+00)
9.21052632e+00 (1.49205283e-03,-5.70776679e-04) (5.64209438e-04,1.47488558e-03) (0.00000000e+00,0.00000000e+00)
9.28571429e+00 (1.44403060e-03,-5.52406038e-04) (5.45622901e-04,1.42629898e-03) (0.00000000e+00,0.00000000e+00)
9.36090226e+00 (1.39759097e-03,-5.34640809e-04) (5.27634344e-04,1.37927555e-03) (0.00000000e+00,0.00000000e+00)
9.43609023e+00 (1.35268304e-03,-5.17461525e-04) (5.10224052e-04,1.33376375e-03) (0.00000000e+00,0.00000000e+00)
9.51127820e+00 (1.30925759e-03,-5.00849356e-04) (4.93372944e-04,1.28971370e-03) (0.00000000e+00,0.00000000e+00)
9.58646617e+00 (1.26726703e-03,-4.84786097e-04) (4.77062552e-04,1.24707712e-03) (0.00000000e+00,0.00000000e+00)
9.66165414e+00 (1.22666535e-03,-4.69254143e-04) (4.61275001e-04,1.20580728e-03) (0.00000000e+00,0.00000000e+00)
9.73684211e+00 (1.18740803e-03,-4.54236471e-04) (4.45992988e-04,1.16585896e-03) (0.00000000e+00,0.00000000e+00)
9.81203008e+00 (1.14945207e-03,-4.39716624e-04) (4.31199765e-04,1.12718837e-03) (0.00000000e+00,0.00000000e+00)
9.88721805e+00 (1.11275586e-03,-4.25678688e-04) (4.16879119e-04,1.08975313e-03) (0.00000000e+00,0.00000000e+00)
9.96240602e+00 (1.07727918e-03,-4.12107277e-04) (4.03015355e-04,1.05351222e-03) (0.00000000e+00,0.00000000e+00)
1.00375940e+01 (1.04298315e-03,-3.98987519e-04) (3.89593280e-04,1.01842591e-03) (0.00000000e+00,0.00000000e+00)
1.01127820e+01 (1.00983019e-03,-3.86305035e-04) (3.76598182e-04,9.84455754e-04) (0.00000000e+00,0.00000000e+00)
1.01879699e+01 (9.77783963e-04,-3.74045925e-04) (3.64015820e-04,9.51564521e-04) (0.00000000e+00,0.00000000e+00)
1.02631579e+01 (9.46809345e-04,-3.62196753e-04) (3.51832404e-04,9.19716163e-04) (0.00000000e+00,0.00000000e+00)
1.03383459e+01 (9.16872389e-04,-3.50744534e-04) (3.40034582e-04,8.88875776e-04) (0.00000000e+00,0.00000000e+00)
1.04135338e+01 (8.87940288e-04,-3.39676717e-04) (3.28609424e-04,8.59009560e-04) (0.00000000e+00,0.00000000e+00)
1.04887218e+01 (8.59981333e-04,-3.28981171e-04) (3.17544408e-04,8.30084782e-04) (0.00000000e+00,0.00000000e+00)
1.05639098e+01 (8.32964881e-04,-3.18646174e-04) (3.06827408e-04,8.02069743e-04) (0.00000000e+00,0.00000000e+00)
1.06390977e+01 (8.06861324e-04,-3.08660401e-04) (2.96446677e-04,7.74933739e-04) (0.00000000e+00,0.00000000e+00)
1.07142857e+01 (7.81642053e-04,-2.99012906e-04) (2.86390840e-04,7.48647030e-04) (0.00000000e+00,0.00000000e+00)
1.07894737e+01 (7.57279429e-04,-2.89693117e-04) (2.76648875e-04,7.23180808e-04) (0.00000000e+00,0.00000000e+00)
1.08646617e+01 (7.33746752e-04,-2.80690820e-04) (2.67210106e-04,6.98507161e-04) (0.00000000e+00,0.00000000e+00)
1.09398496e+01 (7.11018231e-04,-2.71996148e-04) (2.58064188e-04,6.74599049e-04) (0.00000000e+00,0.00000000e+00)
1.10150376e+01 (6.89068957e-04,-2.63599573e-04) (2.49201098e-04,6.51430269e-04) (0.00000000e+00,0.00000000e+00)
1.10902256e+01 (6.67874873e-04,-2.55491892e-04) (2.40611122e-04,6.28975431e-04) (0.00000000e+00,0.00000000e+00)
1.11654135e+01 (6.47412753e-04,-2.47664219e-04) (2.32284845e-04,6.07209923e-04) (0.00000000e+00,0.00000000e+00)
1.12406015e+01 (6.27660169e-04,-2.40107976e-04) (2.24213144e-04,5.86109891e-04) (0.00000000e+00,0.00000000e+00)
1.13157895e+01 (6.08595476e-04,-2.32814881e-04) (2.16387170e-04,5.65652212e-04) (0.00000000e+00,0.00000000e+00)
1.13909774e+01 (5.90197777e-04,-2.25776942e-04) (2.08798348e-04,5.45814465e-04) (0.00000000e+00,0.00000000e+00)
1.14661654e+01 (5.72446911e-04,-2.18986445e-04) (2.01438360e-04,5.26574907e-04) (0.00000000e+00,0.00000000e+00)
1.15413534e+01 (5.55323423e-04,-2.12435948e-04) (1.94299140e-04,5.07912453e-04) (0.00000000e+00,0.00000000e+00)
1.16165414e+01 (5.38808546e-04,-2.06118272e-04) (1.87372864e-04,4.89806651e-04) (0.00000000e+00,0.00000000e+00)
1.16917293e+01 (5.22884182e-04,-2.00026493e-04) (1.80651941e-04,4.72237656e-04) (0.00000000e+00,0.00000000e+00)
1.17669173e+01 (5.07532876e-04,-1.94153935e-04) (1.74129005e-04,4.55186214e-04) (0.00000000e+00,0.00000000e+00)
1.18421053e+01 (4.92737805e-04,-1.88494161e-04) (1.67796907e-04,4.38633637e-04) (0.00000000e+00,0.00000000e+00)
1.19172932e+01 (4.78482755e-04,-1.83040969e-04) (1.61648707e-04,4.22561785e-04) (0.00000000e+00,0.00000000e+00)
1.19924812e+01 (4.64752101e-04,-1.77788383e-04) (1.55677668e-04,4.06953042e-04) (0.00000000e+00,0.00000000e+00)
1.20676692e+01 (4.51530797e-04,-1.72730645e-04) (1.49877245e-04,3.91790303e-04) (0.00000000e+00,0.00000000e+00)
1.21428571e+01 (4.38804352e-04,-1.67862213e-04) (1.44241081e-04,3.77056950e-04) (0.00000000e+00,0.00000000e+00)
1.22180451e+01 (4.26558818e-04,-1.63177750e-04) (1.38762999e-04,3.62736836e-04) (0.00000000e+00,0.00000000e+00)
1.22932331e+01 (4.14780775e-04,-1.58672124e-04) (1.33436996e-04,3.48814267e-04) (0.00000000e+00,0.00000000e+00)
1.23684211e+01 (4.03457314e-04,-1.54340396e-04) (1.28257234e-04,3.35273983e-04) (0.00000000e+00,0.00000000e+00)
1.24436090e+01 (3.92576026e-04,-1.50177818e-04) (1.23218037e-04,3.22101145e-04) (0.00000000e+00,0.00000000e+00)
1.25187970e+01 (3.82124984e-04,-1.46179829e-04) (1.18313882e-04,3.09281318e-04) (0.00000000e+00,0.00000000e+00)
1.25939850e+01 (3.72092736e-04,-1.42342048e-04) (1.13539394e-04,2.96800449e-04) (0.00000000e+00,0.00000000e+00)
1.26691729e+01 (3.62468286e-04,-1.38660267e-04) (1.08889340e-04,2.84644862e-04) (0.00000000e+00,0.00000000e+00)
1.27443609e+01 (3.53241086e-04,-1.35130452e-04) (1.04358624e-04,2.72801233e-04) (0.00000000e+00,0.00000000e+00)
1.28195489e+01 (3.44401024e-04,-1.31748734e-04) (9.99422817e-05,2.61256583e-04) (0.00000000e+00,0.00000000e+00)
1.28947368e+01 (3.35938411e-04,-1.28511408e-04) (9.56354714e-05,2.49998260e-04) (0.00000000e+00,0.00000000e+00)
1.29699248e+01 (3.27843972e-04,-1.25414924e-04) (9.14334737e-05,2.39013924e-04) (0.00000000e+00,0.00000000e+00)
1.30451128e+01 (3.20108837e-04,-1.22455891e-04) (8.73316833e-05,2.28291538e-04) (0.00000000e+00,0.00000000e+00)
1.31203008e+01 (3.12724528e-04,-1.19631063e-04) (8.33256048e-05,2.17819350e-04) (0.00000000e+00,0.00000000e+00)
1.31954887e+01 (3.05682952e-04,-1.16937347e-04) (7.94108476e-05,2.07585883e-04) (0.00000000e+00,0.00000000e+00)
1.32706767e+01 (2.98976392e-04,-1.14371789e-04) (7.55831215e-05,1.97579921e-04) (0.00000000e+00,0.00000000e+00)
1.33458647e+01 (2.92597497e-04,-1.11931577e-04) (7.18382313e-05,1.87790498e-04) (0.00000000e+00,0.00000000e+00)
1.34210526e+01 (2.86539277e-04,-1.09614038e-04) (6.81720728e-05,1.78206886e-04) (0.00000000e+00,0.00000000e+00)
1.34962406e+01 (2.80795093e-04,-1.07416632e-04) (6.45806281e-05,1.68818582e-04) (0.00000000e+00,0.00000000e+00)
1.35714286e+01 (2.75358648e-04,-1.05336949e-04) (6.10599611e-05,1.59615296e-04) (0.00000000e+00,0.00000000e+00)
1.36466165e+01 (2.70223984e-04,-1.03372712e-04) (5.76062133e-05,1.50586941e-04) (0.00000000e+00,0.00000000e+00)
1.37218045e+01 (2.65385475e-04,-1.01521767e-04) (5.42155994e-05,1.41723623e-04) (0.00000000e+00,0.00000000e+00)
1.37969925e+01 (2.60837818e-04,-9.97820851e-05) (5.08844037e-05,1.33015629e-04) (0.00000000e+00,0.00000000e+00)
1.38721805e+01 (2.56576027e-04,-9.81517604e-05) (4.76089751e-05,1.24453414e-04) (0.00000000e+00,0.00000000e+00)
1.39473684e+01 (2.52595434e-04,-9.66290061e-05) (4.43857239e-05,1.16027595e-04) (0.00000000e+00,0.00000000e+00)
1.40225564e+01 (2.48891674e-04,-9.52121531e-05) (4.12111177e-05,1.07728938e-04) (0.00000000e+00,0.00000000e+00)
1.40977444e+01 (2.45460690e-04,-9.38996487e-05) (3.80816772e-05,9.95483464e-05) (0.00000000e+00,0.00000000e+00)
1.41729323e+01 (2.42298720e-04,-9.26900544e-05) (3.49939726e-05,9.14768561e-05) (0.00000000e+00,0.00000000e+00)
1.42481203e+01 (2.39402300e-04,-9.15820445e-05) (3.19446199e-05,8.35056206e-05) (0.00000000e+00,0.00000000e+00)
1.43233083e+01 (2.36768254e-04,-9.05744048e-05) (2.89302772e-05,7.56259038e-05) (0.00000000e+00,0.00000000e+00)
1.43984962e+01 (2.34393697e-04,-8.96660308e-05) (2.59476409e-05,6.78290699e-05) (0.00000000e+00,0.00000000e+00)
1.44736842e+01 (2.32276025e-04,-8.88559271e-05) (2.29934421e-05,6.01065738e-05) (0.00000000e+00,0.00000000e+00)
1.45488722e+01 (2.30412918e-04,-8.81432058e-05) (2.00644432e-05,5.24499520e-05) (0.00000000e+00,0.00000000e+00)
1.46240602e+01 (2.28802335e-04,-8.75270858e-05) (1.71574341e-05,4.48508132e-05) (0.00000000e+00,0.00000000e+00)
1.46992481e+01 (2.27442509e-04,-8.70068918e-05) (1.42692288e-05,3.73008290e-05) (0.00000000e+00,0.00000000e+00)
1.47744361e+01 (2.26331951e-04,-8.65820538e-05) (1.13966620e-05,2.97917250e-05) (0.00000000e+00,0.00000000e+00)
1.48496241e+01 (2.25469443e-04,-8.62521061e-05) (8.53658542e-06,2.23152714e-05) (0.00000000e+00,0.00000000e+00)
1.49248120e+01 (2.24854040e-04,-8.60166871e-05) (5.68586462e-06,1.48632745e-05) (0.00000000e+00,0.00000000e+00)
1.50000000e+01 (2.24361987e-04,-8.58284550e-05) (2.84137530e-06,7.42756709e-06) (0.00000000e+00,0.00000000e+00)
