0.4403 	 500
Z	 ux	 uz 	 rho
-5.00000000e+00 (-2.02664559e-02,3.22236294e-02) (2.84329939e-04,1.78824059e-04) (-5.10968441e-08,1.26352458e-07)
-4.97995992e+00 (-2.02696074e-02,3.22286359e-02) (5.68681968e-04,3.57662022e-04) (-1.06464312e-07,2.63265011e-07)
-4.95991984e+00 (-2.02735467e-02,3.22348938e-02) (8.53078171e-04,5.36527791e-04) (-1.66237447e-07,4.11073164e-07)
-4.93987976e+00 (-2.02790618e-02,3.22436547e-02) (1.13754063e-03,7.15435272e-04) (-2.30734527e-07,5.70563327e-07)
-4.91983968e+00 (-2.02861530e-02,3.22549189e-02) (1.42209144e-03,8.94398369e-04) (-3.00247151e-07,7.42456667e-07)
-4.89979960e+00 (-2.02948206e-02,3.22686866e-02) (1.70675269e-03,1.07343099e-03) (-3.75083273e-07,9.27514794e-07)
-4.87975952e+00 (-2.03050651e-02,3.22849582e-02) (1.99154646e-03,1.25254705e-03) (-4.55568073e-07,1.12654193e-06)
-4.85971944e+00 (-2.03168869e-02,3.23037345e-02) (2.27649486e-03,1.43176046e-03) (-5.42044876e-07,1.34038719e-06)
-4.83967936e+00 (-2.03302868e-02,3.23250163e-02) (2.56161998e-03,1.61108514e-03) (-6.34876124e-07,1.56994695e-06)
-4.81963928e+00 (-2.03452655e-02,3.23488044e-02) (2.84694394e-03,1.79053502e-03) (-7.34444393e-07,1.81616741e-06)
-4.79959920e+00 (-2.03618240e-02,3.23751001e-02) (3.13248886e-03,1.97012403e-03) (-8.41153459e-07,2.08004720e-06)
-4.77955912e+00 (-2.03799631e-02,3.24039045e-02) (3.41827687e-03,2.14986612e-03) (-9.55429431e-07,2.36264020e-06)
-4.75951904e+00 (-2.03996840e-02,3.24352191e-02) (3.70433011e-03,2.32977524e-03) (-1.07772193e-06,2.66505845e-06)
-4.73947896e+00 (-2.04209878e-02,3.24690454e-02) (3.99067074e-03,2.50986535e-03) (-1.20850535e-06,2.98847525e-06)
-4.71943888e+00 (-2.04438760e-02,3.25053851e-02) (4.27732092e-03,2.69015043e-03) (-1.34828015e-06,3.33412839e-06)
-4.69939880e+00 (-2.04683497e-02,3.25442401e-02) (4.56430284e-03,2.87064446e-03) (-1.49757423e-06,3.70332357e-06)
-4.67935872e+00 (-2.04944106e-02,3.25856123e-02) (4.85163871e-03,3.05136143e-03) (-1.65694440e-06,4.09743799e-06)
-4.65931864e+00 (-2.05220603e-02,3.26295038e-02) (5.13935074e-03,3.23231536e-03) (-1.82697791e-06,4.51792411e-06)
-4.63927856e+00 (-2.05513004e-02,3.26759169e-02) (5.42746118e-03,3.41352027e-03) (-2.00829403e-06,4.96631364e-06)
-4.61923848e+00 (-2.05821327e-02,3.27248539e-02) (5.71599228e-03,3.59499021e-03) (-2.20154575e-06,5.44422171e-06)
-4.59919840e+00 (-2.06145592e-02,3.27763174e-02) (6.00496632e-03,3.77673923e-03) (-2.40742153e-06,5.95335123e-06)
-4.57915832e+00 (-2.06485817e-02,3.28303100e-02) (6.29440560e-03,3.95878141e-03) (-2.62664723e-06,6.49549754e-06)
-4.55911824e+00 (-2.06842024e-02,3.28868343e-02) (6.58433247e-03,4.14113084e-03) (-2.85998798e-06,7.07255326e-06)
-4.53907816e+00 (-2.07214235e-02,3.29458932e-02) (6.87476926e-03,4.32380162e-03) (-3.10825033e-06,7.68651337e-06)
-4.51903808e+00 (-2.07602472e-02,3.30074897e-02) (7.16573835e-03,4.50680790e-03) (-3.37228434e-06,8.33948059e-06)
-4.49899800e+00 (-2.08006758e-02,3.30716268e-02) (7.45726215e-03,4.69016382e-03) (-3.65298594e-06,9.03367104e-06)
-4.47895792e+00 (-2.08427117e-02,3.31383077e-02) (7.74936309e-03,4.87388355e-03) (-3.95129923e-06,9.77142013e-06)
-4.45891784e+00 (-2.08863576e-02,3.32075356e-02) (8.04206363e-03,5.05798130e-03) (-4.26821911e-06,1.05551888e-05)
-4.43887776e+00 (-2.09316160e-02,3.32793139e-02) (8.33538625e-03,5.24247126e-03) (-4.60479383e-06,1.13875703e-05)
-4.41883768e+00 (-2.09784895e-02,3.33536460e-02) (8.62935349e-03,5.42736769e-03) (-4.96212785e-06,1.22712965e-05)
-4.39879760e+00 (-2.10269809e-02,3.34305354e-02) (8.92398787e-03,5.61268484e-03) (-5.34138470e-06,1.32092458e-05)
-4.37875752e+00 (-2.10770931e-02,3.35099856e-02) (9.21931199e-03,5.79843701e-03) (-5.74379012e-06,1.42044505e-05)
-4.35871743e+00 (-2.11288290e-02,3.35920003e-02) (9.51534846e-03,5.98463852e-03) (-6.17063527e-06,1.52601046e-05)
-4.33867735e+00 (-2.11821915e-02,3.36765832e-02) (9.81211992e-03,6.17130368e-03) (-6.62328011e-06,1.63795725e-05)
-4.31863727e+00 (-2.12371838e-02,3.37637380e-02) (1.01096490e-02,6.35844689e-03) (-7.10315700e-06,1.75663977e-05)
-4.29859719e+00 (-2.12938088e-02,3.38534686e-02) (1.04079585e-02,6.54608252e-03) (-7.61177446e-06,1.88243121e-05)
-4.27855711e+00 (-2.13520698e-02,3.39457786e-02) (1.07070712e-02,6.73422501e-03) (-8.15072110e-06,2.01572461e-05)
-4.25851703e+00 (-2.14119700e-02,3.40406720e-02) (1.10070097e-02,6.92288879e-03) (-8.72166978e-06,2.15693383e-05)
-4.23847695e+00 (-2.14735127e-02,3.41381526e-02) (1.13077969e-02,7.11208835e-03) (-9.32638197e-06,2.30649466e-05)
-4.21843687e+00 (-2.15367013e-02,3.42382243e-02) (1.16094557e-02,7.30183819e-03) (-9.96671236e-06,2.46486599e-05)
-4.19839679e+00 (-2.16015391e-02,3.43408910e-02) (1.19120090e-02,7.49215286e-03) (-1.06446136e-05,2.63253092e-05)
-4.17835671e+00 (-2.16680296e-02,3.44461564e-02) (1.22154796e-02,7.68304692e-03) (-1.13621415e-05,2.80999811e-05)
-4.15831663e+00 (-2.17361763e-02,3.45540246e-02) (1.25198904e-02,7.87453496e-03) (-1.21214602e-05,2.99780302e-05)
-4.13827655e+00 (-2.18059826e-02,3.46644991e-02) (1.28252646e-02,8.06663162e-03) (-1.29248479e-05,3.19650934e-05)
-4.11823647e+00 (-2.18774521e-02,3.47775839e-02) (1.31316251e-02,8.25935156e-03) (-1.37747026e-05,3.40671042e-05)
-4.09819639e+00 (-2.19505884e-02,3.48932825e-02) (1.34389949e-02,8.45270947e-03) (-1.46735483e-05,3.62903083e-05)
-4.07815631e+00 (-2.20253951e-02,3.50115985e-02) (1.37473971e-02,8.64672006e-03) (-1.56240416e-05,3.86412793e-05)
-4.05811623e+00 (-2.21018758e-02,3.51325356e-02) (1.40568549e-02,8.84139810e-03) (-1.66289785e-05,4.11269358e-05)
-4.03807615e+00 (-2.21800341e-02,3.52560971e-02) (1.43673913e-02,9.03675838e-03) (-1.76913015e-05,4.37545592e-05)
-4.01803607e+00 (-2.22598736e-02,3.53822864e-02) (1.46790296e-02,9.23281570e-03) (-1.88141070e-05,4.65318123e-05)
-3.99799599e+00 (-2.23413980e-02,3.55111065e-02) (1.49917929e-02,9.42958492e-03) (-2.00006534e-05,4.94667586e-05)
-3.97795591e+00 (-2.24246109e-02,3.56425605e-02) (1.53057046e-02,9.62708093e-03) (-2.12543694e-05,5.25678834e-05)
-3.95791583e+00 (-2.25095158e-02,3.57766513e-02) (1.56207877e-02,9.82531864e-03) (-2.25788627e-05,5.58441151e-05)
-3.93787575e+00 (-2.25961164e-02,3.59133814e-02) (1.59370657e-02,1.00243130e-02) (-2.39779290e-05,5.93048478e-05)
-3.91783567e+00 (-2.26844161e-02,3.60527534e-02) (1.62545617e-02,1.02240790e-02) (-2.54555618e-05,6.29599657e-05)
-3.89779559e+00 (-2.27744186e-02,3.61947694e-02) (1.65732992e-02,1.04246316e-02) (-2.70159627e-05,6.68198676e-05)
-3.87775551e+00 (-2.28661273e-02,3.63394314e-02) (1.68933015e-02,1.06259858e-02) (-2.86635515e-05,7.08954935e-05)
-3.85771543e+00 (-2.29595456e-02,3.64867410e-02) (1.72145919e-02,1.08281568e-02) (-3.04029779e-05,7.51983522e-05)
-3.83767535e+00 (-2.30546767e-02,3.66366997e-02) (1.75371938e-02,1.10311597e-02) (-3.22391329e-05,7.97405506e-05)
-3.81763527e+00 (-2.31515241e-02,3.67893084e-02) (1.78611305e-02,1.12350095e-02) (-3.41771612e-05,8.45348239e-05)
-3.79759519e+00 (-2.32500908e-02,3.69445679e-02) (1.81864255e-02,1.14397215e-02) (-3.62224742e-05,8.95945679e-05)
-3.77755511e+00 (-2.33503800e-02,3.71024783e-02) (1.85131022e-02,1.16453107e-02) (-3.83807635e-05,9.49338726e-05)
-3.75751503e+00 (-2.34523946e-02,3.72630396e-02) (1.88411839e-02,1.18517925e-02) (-4.06580153e-05,1.00567558e-04)
-3.73747495e+00 (-2.35561375e-02,3.74262513e-02) (1.91706940e-02,1.20591820e-02) (-4.30605249e-05,1.06511210e-04)
-3.71743487e+00 (-2.36616113e-02,3.75921122e-02) (1.95016560e-02,1.22674946e-02) (-4.55949134e-05,1.12781220e-04)
-3.69739479e+00 (-2.37688188e-02,3.77606207e-02) (1.98340931e-02,1.24767455e-02) (-4.82681430e-05,1.19394829e-04)
-3.67735471e+00 (-2.38777622e-02,3.79317748e-02) (2.01680288e-02,1.26869499e-02) (-5.10875355e-05,1.26370165e-04)
-3.65731463e+00 (-2.39884439e-02,3.81055717e-02) (2.05034863e-02,1.28981234e-02) (-5.40607896e-05,1.33726291e-04)
-3.63727455e+00 (-2.41008658e-02,3.82820079e-02) (2.08404890e-02,1.31102811e-02) (-5.71960006e-05,1.41483255e-04)
-3.61723447e+00 (-2.42150297e-02,3.84610795e-02) (2.11790602e-02,1.33234384e-02) (-6.05016802e-05,1.49662134e-04)
-3.59719439e+00 (-2.43309374e-02,3.86427817e-02) (2.15192230e-02,1.35376108e-02) (-6.39867777e-05,1.58285093e-04)
-3.57715431e+00 (-2.44485901e-02,3.88271088e-02) (2.18610007e-02,1.37528137e-02) (-6.76607021e-05,1.67375435e-04)
-3.55711423e+00 (-2.45679890e-02,3.90140546e-02) (2.22044164e-02,1.39690623e-02) (-7.15333453e-05,1.76957660e-04)
-3.53707415e+00 (-2.46891349e-02,3.92036118e-02) (2.25494932e-02,1.41863722e-02) (-7.56151065e-05,1.87057527e-04)
-3.51703407e+00 (-2.48120281e-02,3.93957721e-02) (2.28962541e-02,1.44047587e-02) (-7.99169178e-05,1.97702115e-04)
-3.49699399e+00 (-2.49366691e-02,3.95905263e-02) (2.32447220e-02,1.46242374e-02) (-8.44502710e-05,2.08919894e-04)
-3.47695391e+00 (-2.50630575e-02,3.97878643e-02) (2.35949198e-02,1.48448235e-02) (-8.92272460e-05,2.20740790e-04)
-3.45691383e+00 (-2.51911928e-02,3.99877746e-02) (2.39468702e-02,1.50665325e-02) (-9.42605401e-05,2.33196262e-04)
-3.43687375e+00 (-2.53210740e-02,4.01902448e-02) (2.43005958e-02,1.52893799e-02) (-9.95634993e-05,2.46319377e-04)
-3.41683367e+00 (-2.54526999e-02,4.03952609e-02) (2.46561193e-02,1.55133810e-02) (-1.05150151e-04,2.60144894e-04)
-3.39679359e+00 (-2.55860684e-02,4.06028078e-02) (2.50134629e-02,1.57385512e-02) (-1.11035237e-04,2.74709346e-04)
-3.37675351e+00 (-2.57211774e-02,4.08128690e-02) (2.53726490e-02,1.59649059e-02) (-1.17234252e-04,2.90051131e-04)
-3.35671343e+00 (-2.58580239e-02,4.10254265e-02) (2.57336996e-02,1.61924604e-02) (-1.23763477e-04,3.06210605e-04)
-3.33667335e+00 (-2.59966045e-02,4.12404605e-02) (2.60966368e-02,1.64212300e-02) (-1.30640026e-04,3.23230182e-04)
-3.31663327e+00 (-2.61369153e-02,4.14579498e-02) (2.64614822e-02,1.66512301e-02) (-1.37881877e-04,3.41154433e-04)
-3.29659319e+00 (-2.62789516e-02,4.16778714e-02) (2.68282574e-02,1.68824759e-02) (-1.45507925e-04,3.60030198e-04)
-3.27655311e+00 (-2.64227081e-02,4.19002001e-02) (2.71969839e-02,1.71149825e-02) (-1.53538024e-04,3.79906700e-04)
-3.25651303e+00 (-2.65681788e-02,4.21249092e-02) (2.75676826e-02,1.73487652e-02) (-1.61993033e-04,4.00835660e-04)
-3.23647295e+00 (-2.67153571e-02,4.23519697e-02) (2.79403745e-02,1.75838390e-02) (-1.70894867e-04,4.22871426e-04)
-3.21643287e+00 (-2.68642353e-02,4.25813502e-02) (2.83150803e-02,1.78202190e-02) (-1.80266554e-04,4.46071103e-04)
-3.19639279e+00 (-2.70148051e-02,4.28130173e-02) (2.86918202e-02,1.80579201e-02) (-1.90132283e-04,4.70494689e-04)
-3.17635271e+00 (-2.71670573e-02,4.30469351e-02) (2.90706142e-02,1.82969572e-02) (-2.00517466e-04,4.96205220e-04)
-3.15631263e+00 (-2.73209816e-02,4.32830648e-02) (2.94514821e-02,1.85373451e-02) (-2.11448798e-04,5.23268923e-04)
-3.13627255e+00 (-2.74765670e-02,4.35213654e-02) (2.98344432e-02,1.87790986e-02) (-2.22954321e-04,5.51755370e-04)
-3.11623246e+00 (-2.76338010e-02,4.37617925e-02) (3.02195165e-02,1.90222322e-02) (-2.35063490e-04,5.81737652e-04)
-3.09619238e+00 (-2.77926705e-02,4.40042990e-02) (3.06067205e-02,1.92667604e-02) (-2.47807241e-04,6.13292543e-04)
-3.07615230e+00 (-2.79531609e-02,4.42488345e-02) (3.09960733e-02,1.95126977e-02) (-2.61218066e-04,6.46500692e-04)
-3.05611222e+00 (-2.81152564e-02,4.44953452e-02) (3.13875927e-02,1.97600581e-02) (-2.75330091e-04,6.81446808e-04)
-3.03607214e+00 (-2.82789400e-02,4.47437740e-02) (3.17812958e-02,2.00088559e-02) (-2.90179153e-04,7.18219867e-04)
-3.01603206e+00 (-2.84441934e-02,4.49940597e-02) (3.21771992e-02,2.02591049e-02) (-3.05802885e-04,7.56913315e-04)
-2.99599198e+00 (-2.86109965e-02,4.52461375e-02) (3.25753192e-02,2.05108189e-02) (-3.22240807e-04,7.97625295e-04)
-2.97595190e+00 (-2.87793280e-02,4.54999383e-02) (3.29756712e-02,2.07640116e-02) (-3.39534413e-04,8.40458873e-04)
-2.95591182e+00 (-2.89491650e-02,4.57553888e-02) (3.33782700e-02,2.10186962e-02) (-3.57727272e-04,8.85522284e-04)
-2.93587174e+00 (-2.91204826e-02,4.60124109e-02) (3.37831300e-02,2.12748860e-02) (-3.76865128e-04,9.32929183e-04)
-2.91583166e+00 (-2.92932544e-02,4.62709219e-02) (3.41902646e-02,2.15325939e-02) (-3.96996002e-04,9.82798911e-04)
-2.89579158e+00 (-2.94674521e-02,4.65308340e-02) (3.45996866e-02,2.17918327e-02) (-4.18170309e-04,1.03525677e-03)
-2.87575150e+00 (-2.96430453e-02,4.67920542e-02) (3.50114079e-02,2.20526147e-02) (-4.40440970e-04,1.09043433e-03)
-2.85571142e+00 (-2.98200015e-02,4.70544836e-02) (3.54254397e-02,2.23149523e-02) (-4.63863533e-04,1.14846971e-03)
-2.83567134e+00 (-2.99982862e-02,4.73180179e-02) (3.58417923e-02,2.25788571e-02) (-4.88496302e-04,1.20950790e-03)
-2.81563126e+00 (-3.01778623e-02,4.75825463e-02) (3.62604747e-02,2.28443408e-02) (-5.14400468e-04,1.27370113e-03)
-2.79559118e+00 (-3.03586907e-02,4.78479515e-02) (3.66814955e-02,2.31114147e-02) (-5.41640248e-04,1.34120917e-03)
-2.77555110e+00 (-3.05407293e-02,4.81141098e-02) (3.71048616e-02,2.33800896e-02) (-5.70283030e-04,1.41219972e-03)
-2.75551102e+00 (-3.07239336e-02,4.83808899e-02) (3.75305793e-02,2.36503760e-02) (-6.00399525e-04,1.48684880e-03)
-2.73547094e+00 (-3.09082563e-02,4.86481535e-02) (3.79586535e-02,2.39222839e-02) (-6.32063927e-04,1.56534114e-03)
-2.71543086e+00 (-3.10936471e-02,4.89157539e-02) (3.83890876e-02,2.41958231e-02) (-6.65354073e-04,1.64787060e-03)
-2.69539078e+00 (-3.12800525e-02,4.91835366e-02) (3.88218842e-02,2.44710027e-02) (-7.00351623e-04,1.73464061e-03)
-2.67535070e+00 (-3.14674159e-02,4.94513383e-02) (3.92570440e-02,2.47478314e-02) (-7.37142235e-04,1.82586461e-03)
-2.65531062e+00 (-3.16556773e-02,4.97189867e-02) (3.96945665e-02,2.50263174e-02) (-7.75815756e-04,1.92176656e-03)
-2.63527054e+00 (-3.18447730e-02,4.99862999e-02) (4.01344496e-02,2.53064684e-02) (-8.16466419e-04,2.02258141e-03)
-2.61523046e+00 (-3.20346356e-02,5.02530860e-02) (4.05766895e-02,2.55882915e-02) (-8.59193047e-04,2.12855565e-03)
-2.59519038e+00 (-3.22251938e-02,5.05191428e-02) (4.10212806e-02,2.58717931e-02) (-9.04099268e-04,2.23994781e-03)
-2.57515030e+00 (-3.24163723e-02,5.07842571e-02) (4.14682157e-02,2.61569790e-02) (-9.51293737e-04,2.35702910e-03)
-2.55511022e+00 (-3.26080913e-02,5.10482043e-02) (4.19174854e-02,2.64438544e-02) (-1.00089037e-03,2.48008392e-03)
-2.53507014e+00 (-3.28002665e-02,5.13107475e-02) (4.23690784e-02,2.67324236e-02) (-1.05300859e-03,2.60941054e-03)
-2.51503006e+00 (-3.29928090e-02,5.15716376e-02) (4.28229812e-02,2.70226903e-02) (-1.10777357e-03,2.74532173e-03)
-2.49498998e+00 (-3.31856249e-02,5.18306122e-02) (4.32791782e-02,2.73146574e-02) (-1.16531649e-03,2.88814543e-03)
-2.47494990e+00 (-3.33786151e-02,5.20873950e-02) (4.37376513e-02,2.76083268e-02) (-1.22577486e-03,3.03822545e-03)
-2.45490982e+00 (-3.35716750e-02,5.23416954e-02) (4.41983798e-02,2.79036997e-02) (-1.28929273e-03,3.19592222e-03)
-2.43486974e+00 (-3.37646945e-02,5.25932078e-02) (4.46613406e-02,2.82007761e-02) (-1.35602105e-03,3.36161352e-03)
-2.41482966e+00 (-3.39575575e-02,5.28416105e-02) (4.51265077e-02,2.84995552e-02) (-1.42611791e-03,3.53569532e-03)
-2.39478958e+00 (-3.41501417e-02,5.30865656e-02) (4.55938521e-02,2.88000351e-02) (-1.49974896e-03,3.71858257e-03)
-2.37474950e+00 (-3.43423184e-02,5.33277180e-02) (4.60633419e-02,2.91022128e-02) (-1.57708764e-03,3.91071008e-03)
-2.35470942e+00 (-3.45339520e-02,5.35646943e-02) (4.65349420e-02,2.94060841e-02) (-1.65831558e-03,4.11253340e-03)
-2.33466934e+00 (-3.47249001e-02,5.37971026e-02) (4.70086139e-02,2.97116436e-02) (-1.74362295e-03,4.32452978e-03)
-2.31462926e+00 (-3.49150127e-02,5.40245310e-02) (4.74843154e-02,3.00188846e-02) (-1.83320882e-03,4.54719912e-03)
-2.29458918e+00 (-3.51041323e-02,5.42465475e-02) (4.79620007e-02,3.03277991e-02) (-1.92728155e-03,4.78106498e-03)
-2.27454910e+00 (-3.52920934e-02,5.44626983e-02) (4.84416202e-02,3.06383776e-02) (-2.02605920e-03,5.02667561e-03)
-2.25450902e+00 (-3.54787221e-02,5.46725074e-02) (4.89231200e-02,3.09506091e-02) (-2.12976991e-03,5.28460505e-03)
-2.23446894e+00 (-3.56638358e-02,5.48754757e-02) (4.94064420e-02,3.12644811e-02) (-2.23865235e-03,5.55545428e-03)
-2.21442886e+00 (-3.58472430e-02,5.50710795e-02) (4.98915237e-02,3.15799793e-02) (-2.35295617e-03,5.83985232e-03)
-2.19438878e+00 (-3.60287427e-02,5.52587701e-02) (5.03782976e-02,3.18970879e-02) (-2.47294240e-03,6.13845751e-03)
-2.17434870e+00 (-3.62081242e-02,5.54379722e-02) (5.08666915e-02,3.22157891e-02) (-2.59888398e-03,6.45195871e-03)
-2.15430862e+00 (-3.63851666e-02,5.56080832e-02) (5.13566278e-02,3.25360634e-02) (-2.73106620e-03,6.78107662e-03)
-2.13426854e+00 (-3.65596385e-02,5.57684719e-02) (5.18480237e-02,3.28578889e-02) (-2.86978721e-03,7.12656511e-03)
-2.11422846e+00 (-3.67312975e-02,5.59184775e-02) (5.23407905e-02,3.31812421e-02) (-3.01535852e-03,7.48921261e-03)
-2.09418838e+00 (-3.68998898e-02,5.60574082e-02) (5.28348335e-02,3.35060969e-02) (-3.16810555e-03,7.86984353e-03)
-2.07414830e+00 (-3.70651500e-02,5.61845401e-02) (5.33300521e-02,3.38324253e-02) (-3.32836811e-03,8.26931974e-03)
-2.05410822e+00 (-3.72268002e-02,5.62991162e-02) (5.38263387e-02,3.41601965e-02) (-3.49650100e-03,8.68854208e-03)
-2.03406814e+00 (-3.73845502e-02,5.64003446e-02) (5.43235791e-02,3.44893776e-02) (-3.67287454e-03,9.12845193e-03)
-2.01402806e+00 (-3.75380966e-02,5.64873976e-02) (5.48216522e-02,3.48199327e-02) (-3.85787517e-03,9.59003282e-03)
-1.99398798e+00 (-3.76871223e-02,5.65594106e-02) (5.53204289e-02,3.51518234e-02) (-4.05190598e-03,1.00743121e-02)
-1.97394790e+00 (-3.78312966e-02,5.66154801e-02) (5.58197727e-02,3.54850085e-02) (-4.25538737e-03,1.05823626e-02)
-1.95390782e+00 (-3.79702740e-02,5.66546628e-02) (5.63195389e-02,3.58194435e-02) (-4.46875760e-03,1.11153044e-02)
-1.93386774e+00 (-3.81036945e-02,5.66759741e-02) (5.68195743e-02,3.61550811e-02) (-4.69247340e-03,1.16743067e-02)
-1.91382766e+00 (-3.82311827e-02,5.66783868e-02) (5.73197166e-02,3.64918706e-02) (-4.92701063e-03,1.22605894e-02)
-1.89378758e+00 (-3.83523475e-02,5.66608295e-02) (5.78197944e-02,3.68297580e-02) (-5.17286484e-03,1.28754253e-02)
-1.87374749e+00 (-3.84667815e-02,5.66221853e-02) (5.83196269e-02,3.71686858e-02) (-5.43055193e-03,1.35201417e-02)
-1.85370741e+00 (-3.85740610e-02,5.65612903e-02) (5.88190228e-02,3.75085926e-02) (-5.70060877e-03,1.41961224e-02)
-1.83366733e+00 (-3.86737451e-02,5.64769324e-02) (5.93177807e-02,3.78494136e-02) (-5.98359380e-03,1.49048102e-02)
-1.81362725e+00 (-3.87653757e-02,5.63678495e-02) (5.98156879e-02,3.81910796e-02) (-6.28008767e-03,1.56477079e-02)
-1.79358717e+00 (-3.88484767e-02,5.62327284e-02) (6.03125207e-02,3.85335176e-02) (-6.59069382e-03,1.64263813e-02)
-1.77354709e+00 (-3.89225542e-02,5.60702032e-02) (6.08080434e-02,3.88766501e-02) (-6.91603913e-03,1.72424607e-02)
-1.75350701e+00 (-3.89870956e-02,5.58788542e-02) (6.13020081e-02,3.92203954e-02) (-7.25677444e-03,1.80976433e-02)
-1.73346693e+00 (-3.90415697e-02,5.56572061e-02) (6.17941540e-02,3.95646669e-02) (-7.61357517e-03,1.89936950e-02)
-1.71342685e+00 (-3.90854264e-02,5.54037273e-02) (6.22842072e-02,3.99093735e-02) (-7.98714185e-03,1.99324527e-02)
-1.69338677e+00 (-3.91180962e-02,5.51168280e-02) (6.27718799e-02,4.02544189e-02) (-8.37820063e-03,2.09158267e-02)
-1.67334669e+00 (-3.91389903e-02,5.47948596e-02) (6.32568701e-02,4.05997020e-02) (-8.78750377e-03,2.19458021e-02)
-1.65330661e+00 (-3.91475002e-02,5.44361133e-02) (6.37388609e-02,4.09451162e-02) (-9.21583010e-03,2.30244419e-02)
-1.63326653e+00 (-3.91429982e-02,5.40388188e-02) (6.42175202e-02,4.12905495e-02) (-9.66398542e-03,2.41538881e-02)
-1.61322645e+00 (-3.91248366e-02,5.36011438e-02) (6.46924999e-02,4.16358842e-02) (-1.01328029e-02,2.53363647e-02)
-1.59318637e+00 (-3.90923486e-02,5.31211931e-02) (6.51634354e-02,4.19809970e-02) (-1.06231432e-02,2.65741792e-02)
-1.57314629e+00 (-3.90448476e-02,5.25970074e-02) (6.56299452e-02,4.23257584e-02) (-1.11358950e-02,2.78697250e-02)
-1.55310621e+00 (-3.89816283e-02,5.20265633e-02) (6.60916303e-02,4.26700329e-02) (-1.16719749e-02,2.92254833e-02)
-1.53306613e+00 (-3.89019665e-02,5.14077725e-02) (6.65480733e-02,4.30136787e-02) (-1.22323277e-02,3.06440251e-02)
-1.51302605e+00 (-3.88051197e-02,5.07384816e-02) (6.69988384e-02,4.33565474e-02) (-1.28179262e-02,3.21280132e-02)
-1.49298597e+00 (-3.86903277e-02,5.00164720e-02) (6.74434703e-02,4.36984841e-02) (-1.34297712e-02,3.36802041e-02)
-1.47294589e+00 (-3.85568134e-02,4.92394601e-02) (6.78814938e-02,4.40393270e-02) (-1.40688911e-02,3.53034498e-02)
-1.45290581e+00 (-3.84037836e-02,4.84050975e-02) (6.83124135e-02,4.43789075e-02) (-1.47363420e-02,3.70006997e-02)
-1.43286573e+00 (-3.82304298e-02,4.75109715e-02) (6.87357128e-02,4.47170499e-02) (-1.54332065e-02,3.87750021e-02)
-1.41282565e+00 (-3.80359300e-02,4.65546060e-02) (6.91508536e-02,4.50535712e-02) (-1.61605936e-02,4.06295062e-02)
-1.39278557e+00 (-3.78194495e-02,4.55334629e-02) (6.95572757e-02,4.53882812e-02) (-1.69196378e-02,4.25674633e-02)
-1.37274549e+00 (-3.75801426e-02,4.44449428e-02) (6.99543961e-02,4.57209822e-02) (-1.77114978e-02,4.45922286e-02)
-1.35270541e+00 (-3.73171547e-02,4.32863874e-02) (7.03416087e-02,4.60514690e-02) (-1.85373555e-02,4.67072626e-02)
-1.33266533e+00 (-3.70296241e-02,4.20550810e-02) (7.07182837e-02,4.63795290e-02) (-1.93984147e-02,4.89161324e-02)
-1.31262525e+00 (-3.67166844e-02,4.07482532e-02) (7.10837671e-02,4.67049417e-02) (-2.02958991e-02,5.12225131e-02)
-1.29258517e+00 (-3.63774671e-02,3.93630817e-02) (7.14373801e-02,4.70274791e-02) (-2.12310505e-02,5.36301890e-02)
-1.27254509e+00 (-3.60111043e-02,3.78966954e-02) (7.17784190e-02,4.73469056e-02) (-2.22051268e-02,5.61430551e-02)
-1.25250501e+00 (-3.56167322e-02,3.63461777e-02) (7.21061543e-02,4.76629777e-02) (-2.32193990e-02,5.87651184e-02)
-1.23246493e+00 (-3.51934943e-02,3.47085710e-02) (7.24198307e-02,4.79754445e-02) (-2.42751487e-02,6.15004986e-02)
-1.21242485e+00 (-3.47405455e-02,3.29808807e-02) (7.27186666e-02,4.82840477e-02) (-2.53736647e-02,6.43534306e-02)
-1.19238477e+00 (-3.42570564e-02,3.11600803e-02) (7.30018540e-02,4.85885212e-02) (-2.65162393e-02,6.73282648e-02)
-1.17234469e+00 (-3.37422176e-02,2.92431166e-02) (7.32685578e-02,4.88885920e-02) (-2.77041643e-02,7.04294697e-02)
-1.15230461e+00 (-3.31952454e-02,2.72269154e-02) (7.35179159e-02,4.91839800e-02) (-2.89387263e-02,7.36616335e-02)
-1.13226453e+00 (-3.26153869e-02,2.51083878e-02) (7.37490392e-02,4.94743983e-02) (-3.02212016e-02,7.70294663e-02)
-1.11222445e+00 (-3.20019262e-02,2.28844369e-02) (7.39610110e-02,4.97595534e-02) (-3.15528506e-02,8.05378029e-02)
-1.09218437e+00 (-3.13541911e-02,2.05519645e-02) (7.41528876e-02,5.00391457e-02) (-3.29349114e-02,8.41916062e-02)
-1.07214429e+00 (-3.06715601e-02,1.81078790e-02) (7.43236976e-02,5.03128700e-02) (-3.43685927e-02,8.79959709e-02)
-1.05210421e+00 (-2.99534702e-02,1.55491027e-02) (7.44724426e-02,5.05804158e-02) (-3.58550658e-02,9.19561286e-02)
-1.03206413e+00 (-2.91994252e-02,1.28725802e-02) (7.45980972e-02,5.08414677e-02) (-3.73954564e-02,9.60774535e-02)
-1.01202405e+00 (-2.84090047e-02,1.00752864e-02) (7.46996088e-02,5.10957066e-02) (-3.89908343e-02,1.00365470e-01)
-9.91983968e-01 (-2.75818740e-02,7.15423523e-03) (7.47758987e-02,5.13428098e-02) (-4.06422029e-02,1.04825860e-01)
-9.71943888e-01 (-2.67177948e-02,4.10648831e-03) (7.48258617e-02,5.15824521e-02) (-4.23504870e-02,1.09464478e-01)
-9.51903808e-01 (-2.58166360e-02,9.29163273e-04) (7.48483671e-02,5.18143066e-02) (-4.41165195e-02,1.14287356e-01)
-9.31863727e-01 (-2.48783866e-02,-2.38055764e-03) (7.48422590e-02,5.20380459e-02) (-4.59410258e-02,1.19300727e-01)
-9.11823647e-01 (-2.39031688e-02,-5.82541939e-03) (7.48063567e-02,5.22533428e-02) (-4.78246069e-02,1.24511039e-01)
-8.91783567e-01 (-2.28912524e-02,-9.40808643e-03) (7.47394561e-02,5.24598721e-02) (-4.97677201e-02,1.29924981e-01)
-8.71743487e-01 (-2.18430705e-02,-1.31311355e-02) (7.46403295e-02,5.26573115e-02) (-5.17706567e-02,1.35549505e-01)
-8.51703407e-01 (-2.07592364e-02,-1.69970491e-02) (7.45077271e-02,5.28453432e-02) (-5.38335173e-02,1.41391860e-01)
-8.31663327e-01 (-1.96405624e-02,-2.10082107e-02) (7.43403775e-02,5.30236559e-02) (-5.59561825e-02,1.47459632e-01)
-8.11623246e-01 (-1.84880802e-02,-2.51669002e-02) (7.41369890e-02,5.31919460e-02) (-5.81382801e-02,1.53760783e-01)
-7.91583166e-01 (-1.73030630e-02,-2.94752917e-02) (7.38962498e-02,5.33499205e-02) (-6.03791460e-02,1.60303710e-01)
-7.71543086e-01 (-1.60870506e-02,-3.39354531e-02) (7.36168298e-02,5.34972983e-02) (-6.26777794e-02,1.67097301e-01)
-7.51503006e-01 (-1.48418769e-02,-3.85493481e-02) (7.32973809e-02,5.36338134e-02) (-6.50327900e-02,1.74151011e-01)
-7.31462926e-01 (-1.35697005e-02,-4.33188404e-02) (7.29365381e-02,5.37592172e-02) (-6.74423351e-02,1.81474943e-01)
-7.11422846e-01 (-1.22730398e-02,-4.82457015e-02) (7.25329205e-02,5.38732819e-02) (-6.99040457e-02,1.89079952e-01)
-6.91382766e-01 (-1.09548122e-02,-5.33316222e-02) (7.20851320e-02,5.39758032e-02) (-7.24149373e-02,1.96977755e-01)
-6.71342685e-01 (-9.61837930e-03,-5.85782274e-02) (7.15917617e-02,5.40666047e-02) (-7.49713034e-02,2.05181068e-01)
-6.51302605e-01 (-8.26759864e-03,-6.39870966e-02) (7.10513848e-02,5.41455416e-02) (-7.75685863e-02,2.13703761e-01)
-6.31262525e-01 (-6.90688416e-03,-6.95597885e-02) (7.04625626e-02,5.42125054e-02) (-8.02012194e-02,2.22561039e-01)
-6.11222445e-01 (-5.54127666e-03,-7.52978721e-02) (6.98238427e-02,5.42674294e-02) (-8.28624362e-02,2.31769645e-01)
-5.91182365e-01 (-4.17652705e-03,-8.12029630e-02) (6.91337588e-02,5.43102940e-02) (-8.55440334e-02,2.41348109e-01)
-5.71142285e-01 (-2.81919526e-03,-8.72767665e-02) (6.83908301e-02,5.43411338e-02) (-8.82360798e-02,2.51317011e-01)
-5.51102204e-01 (-1.47676860e-03,-9.35211276e-02) (6.75935600e-02,5.43600451e-02) (-9.09265550e-02,2.61699304e-01)
-5.31062124e-01 (-1.57804469e-04,-9.99380867e-02) (6.67404352e-02,5.43671948e-02) (-9.36008982e-02,2.72520665e-01)
-5.11022044e-01 (1.12789652e-03,-1.06529941e-01) (6.58299232e-02,5.43628300e-02) (-9.62414439e-02,2.83809898e-01)
-4.90981964e-01 (2.36907927e-03,-1.13299311e-01) (6.48604699e-02,5.43472904e-02) (-9.88267131e-02,2.95599380e-01)
-4.70941884e-01 (3.55277498e-03,-1.20249205e-01) (6.38304968e-02,5.43210221e-02) (-1.01330517e-01,3.07925551e-01)
-4.50901804e-01 (4.66398150e-03,-1.27383087e-01) (6.27383968e-02,5.42845936e-02) (-1.03720825e-01,3.20829442e-01)
-4.30861723e-01 (5.68526769e-03,-1.34704923e-01) (6.15825300e-02,5.42387155e-02) (-1.05958322e-01,3.34357219e-01)
-4.10821643e-01 (6.59628205e-03,-1.42219216e-01) (6.03612193e-02,5.41842640e-02) (-1.07994576e-01,3.48560716e-01)
-3.90781563e-01 (7.37314131e-03,-1.49930986e-01) (5.90727456e-02,5.41223089e-02) (-1.09769697e-01,3.63497902e-01)
-3.70741483e-01 (7.98766914e-03,-1.57845690e-01) (5.77153431e-02,5.40541480e-02) (-1.11209349e-01,3.79233190e-01)
-3.50701403e-01 (8.40644963e-03,-1.65969019e-01) (5.62871962e-02,5.39813482e-02) (-1.12220937e-01,3.95837447e-01)
-3.30661323e-01 (8.58965539e-03,-1.74306514e-01) (5.47864389e-02,5.39057969e-02) (-1.12688765e-01,4.13387454e-01)
-3.10621242e-01 (8.48960863e-03,-1.82862902e-01) (5.32111578e-02,5.38297640e-02) (-1.12467907e-01,4.31964465e-01)
-2.90581162e-01 (8.04903962e-03,-1.91640997e-01) (5.15594034e-02,5.37559783e-02) (-1.11376556e-01,4.51651293e-01)
-2.70541082e-01 (7.19902983e-03,-2.00639960e-01) (4.98292127e-02,5.36877202e-02) (-1.09186633e-01,4.72527042e-01)
-2.50501002e-01 (5.85668134e-03,-2.09852602e-01) (4.80186509e-02,5.36289349e-02) (-1.05612621e-01,4.94658231e-01)
-2.30460922e-01 (3.92266771e-03,-2.19261307e-01) (4.61258820e-02,5.35843656e-02) (-1.00298967e-01,5.18084447e-01)
-2.10420842e-01 (1.27903578e-03,-2.28832024e-01) (4.41492820e-02,5.35597104e-02) (-9.28072091e-02,5.42796029e-01)
-1.90380762e-01 (-2.21199445e-03,-2.38505674e-01) (4.20876158e-02,5.35617941e-02) (-8.26055103e-02,5.68700626e-01)
-1.70340681e-01 (-6.70687228e-03,-2.48186363e-01) (3.99403021e-02,5.35987461e-02) (-6.90658621e-02,5.95575273e-01)
-1.50300601e-01 (-1.23749556e-02,-2.57726208e-01) (3.77077980e-02,5.36801523e-02) (-5.14782172e-02,6.23001860e-01)
-1.30260521e-01 (-1.93848508e-02,-2.66907721e-01) (3.53921318e-02,5.38171306e-02) (-2.90959262e-02,6.50288119e-01)
-1.10220441e-01 (-2.78788447e-02,-2.75427105e-01) (3.29975988e-02,5.40222425e-02) (-1.23124503e-03,6.76386136e-01)
-9.01803607e-02 (-3.79322560e-02,-2.82885711e-01) (3.05315886e-02,5.43091168e-02) (3.25818106e-02,6.99837663e-01)
-7.01402806e-02 (-4.94989162e-02,-2.88801439e-01) (2.80054313e-02,5.46916441e-02) (7.23566836e-02,7.18797502e-01)
-5.01002004e-02 (-6.23535566e-02,-2.92653668e-01) (2.54350245e-02,5.51826387e-02) (1.17396217e-01,7.31198997e-01)
-3.00601202e-02 (-7.60547631e-02,-2.93968434e-01) (2.28408858e-02,5.57920157e-02) (1.66108594e-01,7.35101052e-01)
-1.00200401e-02 (-8.99592905e-02,-2.92430924e-01) (2.02472769e-02,5.65247995e-02) (2.16039114e-01,7.29170229e-01)
1.00200401e-02 (-1.03306492e-01,-2.87986610e-01) (1.76802712e-02,5.73795538e-02) (2.64213656e-01,7.13129206e-01)
3.00601202e-02 (-1.15357178e-01,-2.80881627e-01) (1.51650924e-02,5.83478796e-02) (3.07732724e-01,6.87943450e-01)
5.01002004e-02 (-1.25535227e-01,-2.71615615e-01) (1.27234704e-02,5.94152959e-02) (3.44382127e-01,6.55617873e-01)
7.01402806e-02 (-1.33514521e-01,-2.60826161e-01) (1.03718116e-02,6.05632368e-02) (3.72996539e-01,6.18691297e-01)
9.01803607e-02 (-1.39225896e-01,-2.49157242e-01) (8.12059426e-03,6.17714660e-02) (3.93465556e-01,5.79671618e-01)
1.10220441e-01 (-1.42801154e-01,-2.37160601e-01) (5.97486037e-03,6.30201972e-02) (4.06470120e-01,5.40630894e-01)
1.30260521e-01 (-1.44492356e-01,-2.25249779e-01) (3.93535127e-03,6.42915201e-02) (4.13127159e-01,5.03037932e-01)
1.50300601e-01 (-1.44598771e-01,-2.13698697e-01) (1.99981116e-03,6.55700963e-02) (4.14683844e-01,4.67780541e-01)
1.70340681e-01 (-1.43416404e-01,-2.02665211e-01) (1.64147408e-04,6.68432972e-02) (4.12318842e-01,4.35285161e-01)
1.90380762e-01 (-1.41210589e-01,-1.92222317e-01) (-1.57668152e-03,6.81010079e-02) (4.07044767e-01,4.05658267e-01)
2.10420842e-01 (-1.38205529e-01,-1.82386850e-01) (-3.22805644e-03,6.93352820e-02) (3.99680582e-01,3.78808843e-01)
2.30460922e-01 (-1.34583931e-01,-1.73141773e-01) (-4.79531599e-03,7.05399615e-02) (3.90862599e-01,3.54538863e-01)
2.50501002e-01 (-1.30491490e-01,-1.64451775e-01) (-6.28354032e-03,7.17103243e-02) (3.81071855e-01,3.32603416e-01)
2.70541082e-01 (-1.26043026e-01,-1.56273398e-01) (-7.69744491e-03,7.28427833e-02) (3.70665081e-01,3.12747382e-01)
2.90581162e-01 (-1.21328600e-01,-1.48561198e-01) (-9.04134301e-03,7.39346427e-02) (3.59903122e-01,2.94725924e-01)
3.10621242e-01 (-1.16418872e-01,-1.41271231e-01) (-1.03191481e-02,7.49839049e-02) (3.48974627e-01,2.78314641e-01)
3.30661323e-01 (-1.11369505e-01,-1.34362854e-01) (-1.15343980e-02,7.59891208e-02) (3.38014723e-01,2.63313486e-01)
3.50701403e-01 (-1.06224651e-01,-1.27799481e-01) (-1.26902890e-02,7.69492753e-02) (3.27119281e-01,2.49547189e-01)
3.70741483e-01 (-1.01019636e-01,-1.21548747e-01) (-1.37897131e-02,7.78636985e-02) (3.16355586e-01,2.36863833e-01)
3.90781563e-01 (-9.57830151e-02,-1.15582342e-01) (-1.48352955e-02,7.87319986e-02) (3.05770211e-01,2.25132603e-01)
4.10821643e-01 (-9.05381236e-02,-1.09875677e-01) (-1.58294288e-02,7.95540096e-02) (2.95394784e-01,2.14241272e-01)
4.30861723e-01 (-8.53042416e-02,-1.04407495e-01) (-1.67743040e-02,8.03297515e-02) (2.85250187e-01,2.04093721e-01)
4.50901804e-01 (-8.00974747e-02,-9.91594578e-02) (-1.76719386e-02,8.10593987e-02) (2.75349604e-01,1.94607647e-01)
4.70941884e-01 (-7.49314133e-02,-9.41157630e-02) (-1.85242001e-02,8.17432553e-02) (2.65700724e-01,1.85712531e-01)
4.90981964e-01 (-6.98176307e-02,-8.92627850e-02) (-1.93328272e-02,8.23817354e-02) (2.56307339e-01,1.77347852e-01)
5.11022044e-01 (-6.47660585e-02,-8.45887590e-02) (-2.00994468e-02,8.29753476e-02) (2.47170489e-01,1.69461568e-01)
5.31062124e-01 (-5.97852728e-02,-8.00835016e-02) (-2.08255899e-02,8.35246811e-02) (2.38289290e-01,1.62008813e-01)
5.51102204e-01 (-5.48827112e-02,-7.57381685e-02) (-2.15127040e-02,8.40303959e-02) (2.29661522e-01,1.54950796e-01)
5.71142285e-01 (-5.00648407e-02,-7.15450456e-02) (-2.21621637e-02,8.44932125e-02) (2.21284059e-01,1.48253874e-01)
5.91182365e-01 (-4.53372875e-02,-6.74973698e-02) (-2.27752805e-02,8.49139049e-02) (2.13153160e-01,1.41888766e-01)
6.11222445e-01 (-4.07049382e-02,-6.35891760e-02) (-2.33533097e-02,8.52932930e-02) (2.05264687e-01,1.35829894e-01)
6.31262525e-01 (-3.61720210e-02,-5.98151664e-02) (-2.38974574e-02,8.56322369e-02) (1.97614251e-01,1.30054832e-01)
6.51302605e-01 (-3.17421701e-02,-5.61706004e-02) (-2.44088855e-02,8.59316313e-02) (1.90197310e-01,1.24543834e-01)
6.71342685e-01 (-2.74184797e-02,-5.26512005e-02) (-2.48887165e-02,8.61924003e-02) (1.83009242e-01,1.19279439e-01)
6.91382766e-01 (-2.32035482e-02,-4.92530728e-02) (-2.53380368e-02,8.64154933e-02) (1.76045387e-01,1.14246142e-01)
7.11422846e-01 (-1.90995163e-02,-4.59726408e-02) (-2.57579000e-02,8.66018802e-02) (1.69301078e-01,1.09430109e-01)
7.31462926e-01 (-1.51081002e-02,-4.28065884e-02) (-2.61493295e-02,8.67525481e-02) (1.62771660e-01,1.04818941e-01)
7.51503006e-01 (-1.12306216e-02,-3.97518137e-02) (-2.65133205e-02,8.68684973e-02) (1.56452495e-01,1.00401470e-01)
7.71543086e-01 (-7.46803403e-03,-3.68053888e-02) (-2.68508415e-02,8.69507382e-02) (1.50338975e-01,9.61675877e-02)
7.91583166e-01 (-3.82094801e-03,-3.39645281e-02) (-2.71628360e-02,8.70002879e-02) (1.44426515e-01,9.21081030e-02)
8.11623246e-01 (-2.89654174e-04,-3.12265604e-02) (-2.74502235e-02,8.70181676e-02) (1.38710561e-01,8.82146151e-02)
8.31663327e-01 (3.12585477e-03,-2.85889077e-02) (-2.77139003e-02,8.70053995e-02) (1.33186586e-01,8.44794097e-02)
8.51703407e-01 (6.42586308e-03,-2.60490664e-02) (-2.79547404e-02,8.69630047e-02) (1.27850088e-01,8.08953692e-02)
8.71743487e-01 (9.61091188e-03,-2.36045932e-02) (-2.81735959e-02,8.68920004e-02) (1.22696590e-01,7.74558964e-02)
8.91783567e-01 (1.26817798e-02,-2.12530937e-02) (-2.83712976e-02,8.67933981e-02) (1.17721642e-01,7.41548490e-02)
9.11823647e-01 (1.56394641e-02,-1.89922130e-02) (-2.85486555e-02,8.66682013e-02) (1.12920817e-01,7.09864846e-02)
9.31863727e-01 (1.84851629e-02,-1.68196292e-02) (-2.87064588e-02,8.65174038e-02) (1.08289714e-01,6.79454130e-02)
9.51903808e-01 (2.12202576e-02,-1.47330480e-02) (-2.88454764e-02,8.63419882e-02) (1.03823957e-01,6.50265559e-02)
9.71943888e-01 (2.38462961e-02,-1.27301991e-02) (-2.89664572e-02,8.61429237e-02) (9.95191991e-02,6.22251123e-02)
9.91983968e-01 (2.63649762e-02,-1.08088338e-02) (-2.90701300e-02,8.59211656e-02) (9.53711245e-02,5.95365289e-02)
1.01202405e+00 (2.87781307e-02,-8.96672359e-03) (-2.91572039e-02,8.56776532e-02) (9.13754487e-02,5.69564751e-02)
1.03206413e+00 (3.10877122e-02,-7.20165961e-03) (-2.92283684e-02,8.54133094e-02) (8.75279232e-02,5.44808213e-02)
1.05210421e+00 (3.32957785e-02,-5.51145248e-03) (-2.92842937e-02,8.51290392e-02) (8.38243379e-02,5.21056206e-02)
1.07214429e+00 (3.54044795e-02,-3.89393302e-03) (-2.93256306e-02,8.48257290e-02) (8.02605251e-02,4.98270928e-02)
1.09218437e+00 (3.74160441e-02,-2.34695313e-03) (-2.93530111e-02,8.45042459e-02) (7.68323618e-02,4.76416113e-02)
1.11222445e+00 (3.93327680e-02,-8.68387038e-04) (-2.93670480e-02,8.41654370e-02) (7.35357744e-02,4.55456910e-02)
1.13226453e+00 (4.11570019e-02,5.43867250e-04) (-2.93683358e-02,8.38101290e-02) (7.03667411e-02,4.35359788e-02)
1.15230461e+00 (4.28911413e-02,1.89188638e-03) (-2.93574502e-02,8.34391273e-02) (6.73212959e-02,4.16092447e-02)
1.17234469e+00 (4.45376157e-02,3.17771999e-03) (-2.93349491e-02,8.30532164e-02) (6.43955316e-02,3.97623745e-02)
1.19238477e+00 (4.60988794e-02,4.40338902e-03) (-2.93013721e-02,8.26531589e-02) (6.15856030e-02,3.79923635e-02)
1.21242485e+00 (4.75774027e-02,5.57088408e-03) (-2.92572412e-02,8.22396959e-02) (5.88877297e-02,3.62963107e-02)
1.23246493e+00 (4.89756637e-02,6.68216380e-03) (-2.92030610e-02,8.18135464e-02) (5.62981991e-02,3.46714141e-02)
1.25250501e+00 (5.02961406e-02,7.73915330e-03) (-2.91393191e-02,8.13754079e-02) (5.38133686e-02,3.31149662e-02)
1.27254509e+00 (5.15413050e-02,8.74374274e-03) (-2.90664859e-02,8.09259556e-02) (5.14296682e-02,3.16243502e-02)
1.29258517e+00 (5.27136155e-02,9.69778601e-03) (-2.89850157e-02,8.04658433e-02) (4.91436022e-02,3.01970370e-02)
1.31262525e+00 (5.38155120e-02,1.06030995e-02) (-2.88953462e-02,7.99957029e-02) (4.69517512e-02,2.88305814e-02)
1.33266533e+00 (5.48494103e-02,1.14614610e-02) (-2.87978996e-02,7.95161451e-02) (4.48507735e-02,2.75226202e-02)
1.35270541e+00 (5.58176974e-02,1.22746088e-02) (-2.86930824e-02,7.90277592e-02) (4.28374065e-02,2.62708687e-02)
1.37274549e+00 (5.67227277e-02,1.30442409e-02) (-2.85812860e-02,7.85311138e-02) (4.09084674e-02,2.50731191e-02)
1.39278557e+00 (5.75668188e-02,1.37720142e-02) (-2.84628869e-02,7.80267565e-02) (3.90608546e-02,2.39272379e-02)
1.41282565e+00 (5.83522485e-02,1.44595441e-02) (-2.83382472e-02,7.75152151e-02) (3.72915474e-02,2.28311641e-02)
1.43286573e+00 (5.90812517e-02,1.51084041e-02) (-2.82077150e-02,7.69969972e-02) (3.55976070e-02,2.17829068e-02)
1.45290581e+00 (5.97560182e-02,1.57201254e-02) (-2.80716248e-02,7.64725909e-02) (3.39761763e-02,2.07805437e-02)
1.47294589e+00 (6.03786904e-02,1.62961970e-02) (-2.79302974e-02,7.59424652e-02) (3.24244799e-02,1.98222192e-02)
1.49298597e+00 (6.09513617e-02,1.68380652e-02) (-2.77840410e-02,7.54070704e-02) (3.09398235e-02,1.89061424e-02)
1.51302605e+00 (6.14760747e-02,1.73471342e-02) (-2.76331511e-02,7.48668385e-02) (2.95195941e-02,1.80305859e-02)
1.53306613e+00 (6.19548205e-02,1.78247659e-02) (-2.74779110e-02,7.43221840e-02) (2.81612586e-02,1.71938834e-02)
1.55310621e+00 (6.23895376e-02,1.82722803e-02) (-2.73185922e-02,7.37735036e-02) (2.68623636e-02,1.63944286e-02)
1.57314629e+00 (6.27821112e-02,1.86909558e-02) (-2.71554547e-02,7.32211774e-02) (2.56205342e-02,1.56306736e-02)
1.59318637e+00 (6.31343726e-02,1.90820297e-02) (-2.69887474e-02,7.26655692e-02) (2.44334728e-02,1.49011267e-02)
1.61322645e+00 (6.34480998e-02,1.94466987e-02) (-2.68187085e-02,7.21070265e-02) (2.32989583e-02,1.42043518e-02)
1.63326653e+00 (6.37250164e-02,1.97861194e-02) (-2.66455657e-02,7.15458818e-02) (2.22148448e-02,1.35389657e-02)
1.65330661e+00 (6.39667927e-02,2.01014088e-02) (-2.64695370e-02,7.09824524e-02) (2.11790600e-02,1.29036377e-02)
1.67334669e+00 (6.41750452e-02,2.03936455e-02) (-2.62908303e-02,7.04170410e-02) (2.01896038e-02,1.22970872e-02)
1.69338677e+00 (6.43513377e-02,2.06638697e-02) (-2.61096443e-02,6.98499365e-02) (1.92445471e-02,1.17180826e-02)
1.71342685e+00 (6.44971817e-02,2.09130846e-02) (-2.59261689e-02,6.92814140e-02) (1.83420298e-02,1.11654399e-02)
1.73346693e+00 (6.46140368e-02,2.11422566e-02) (-2.57405850e-02,6.87117357e-02) (1.74802598e-02,1.06380210e-02)
1.75350701e+00 (6.47033116e-02,2.13523169e-02) (-2.55530652e-02,6.81411511e-02) (1.66575108e-02,1.01347325e-02)
1.77354709e+00 (6.47663649e-02,2.15441614e-02) (-2.53637743e-02,6.75698973e-02) (1.58721207e-02,9.65452397e-03)
1.79358717e+00 (6.48045062e-02,2.17186525e-02) (-2.51728691e-02,6.69981999e-02) (1.51224904e-02,9.19638688e-03)
1.81362725e+00 (6.48189967e-02,2.18766194e-02) (-2.49804989e-02,6.64262731e-02) (1.44070815e-02,8.75935306e-03)
1.83366733e+00 (6.48110508e-02,2.20188589e-02) (-2.47868059e-02,6.58543200e-02) (1.37244149e-02,8.34249340e-03)
1.85370741e+00 (6.47818367e-02,2.21461370e-02) (-2.45919256e-02,6.52825334e-02) (1.30730691e-02,7.94491652e-03)
1.87374749e+00 (6.47324775e-02,2.22591890e-02) (-2.43959865e-02,6.47110958e-02) (1.24516781e-02,7.56576749e-03)
1.89378758e+00 (6.46640530e-02,2.23587210e-02) (-2.41991111e-02,6.41401803e-02) (1.18589303e-02,7.20422652e-03)
1.91382766e+00 (6.45776000e-02,2.24454103e-02) (-2.40014156e-02,6.35699503e-02) (1.12935663e-02,6.85950779e-03)
1.93386774e+00 (6.44741140e-02,2.25199067e-02) (-2.38030103e-02,6.30005604e-02) (1.07543775e-02,6.53085817e-03)
1.95390782e+00 (6.43545504e-02,2.25828333e-02) (-2.36040002e-02,6.24321566e-02) (1.02402043e-02,6.21755609e-03)
1.97394790e+00 (6.42198255e-02,2.26347873e-02) (-2.34044844e-02,6.18648766e-02) (9.74993439e-03,5.91891035e-03)
1.99398798e+00 (6.40708178e-02,2.26763407e-02) (-2.32045574e-02,6.12988504e-02) (9.28250138e-03,5.63425900e-03)
2.01402806e+00 (6.39083691e-02,2.27080416e-02) (-2.30043084e-02,6.07342001e-02) (8.83688302e-03,5.36296829e-03)
2.03406814e+00 (6.37332857e-02,2.27304147e-02) (-2.28038219e-02,6.01710406e-02) (8.41209966e-03,5.10443153e-03)
2.05410822e+00 (6.35463400e-02,2.27439621e-02) (-2.26031780e-02,5.96094800e-02) (8.00721279e-03,4.85806813e-03)
2.07414830e+00 (6.33482708e-02,2.27491644e-02) (-2.24024525e-02,5.90496196e-02) (7.62132352e-03,4.62332252e-03)
2.09418838e+00 (6.31397851e-02,2.27464813e-02) (-2.22017168e-02,5.84915544e-02) (7.25357107e-03,4.39966325e-03)
2.11422846e+00 (6.29215593e-02,2.27363522e-02) (-2.20010386e-02,5.79353732e-02) (6.90313145e-03,4.18658199e-03)
2.13426854e+00 (6.26942397e-02,2.27191974e-02) (-2.18004817e-02,5.73811591e-02) (6.56921598e-03,3.98359264e-03)
2.15430862e+00 (6.24584442e-02,2.26954183e-02) (-2.16001063e-02,5.68289895e-02) (6.25106999e-03,3.79023042e-03)
2.17434870e+00 (6.22147628e-02,2.26653987e-02) (-2.13999690e-02,5.62789365e-02) (5.94797150e-03,3.60605104e-03)
2.19438878e+00 (6.19637593e-02,2.26295050e-02) (-2.12001233e-02,5.57310672e-02) (5.65922994e-03,3.43062986e-03)
2.21442886e+00 (6.17059717e-02,2.25880871e-02) (-2.10006195e-02,5.51854438e-02) (5.38418490e-03,3.26356106e-03)
2.23446894e+00 (6.14419135e-02,2.25414790e-02) (-2.08015047e-02,5.46421238e-02) (5.12220499e-03,3.10445690e-03)
2.25450902e+00 (6.11720745e-02,2.24899996e-02) (-2.06028233e-02,5.41011603e-02) (4.87268659e-03,2.95294697e-03)
2.27454910e+00 (6.08969220e-02,2.24339530e-02) (-2.04046170e-02,5.35626022e-02) (4.63505281e-03,2.80867745e-03)
2.29458918e+00 (6.06169013e-02,2.23736295e-02) (-2.02069248e-02,5.30264943e-02) (4.40875234e-03,2.67131041e-03)
2.31462926e+00 (6.03324369e-02,2.23093057e-02) (-2.00097830e-02,5.24928778e-02) (4.19325846e-03,2.54052316e-03)
2.33466934e+00 (6.00439333e-02,2.22412455e-02) (-1.98132259e-02,5.19617901e-02) (3.98806795e-03,2.41600762e-03)
2.35470942e+00 (5.97517757e-02,2.21697005e-02) (-1.96172852e-02,5.14332649e-02) (3.79270019e-03,2.29746965e-03)
2.37474950e+00 (5.94563309e-02,2.20949101e-02) (-1.94219906e-02,5.09073329e-02) (3.60669616e-03,2.18462847e-03)
2.39478958e+00 (5.91579480e-02,2.20171029e-02) (-1.92273698e-02,5.03840215e-02) (3.42961755e-03,2.07721611e-03)
2.41482966e+00 (5.88569592e-02,2.19364963e-02) (-1.90334483e-02,4.98633551e-02) (3.26104588e-03,1.97497683e-03)
2.43486974e+00 (5.85536804e-02,2.18532974e-02) (-1.88402500e-02,4.93453554e-02) (3.10058166e-03,1.87766661e-03)
2.45490982e+00 (5.82484122e-02,2.17677035e-02) (-1.86477968e-02,4.88300411e-02) (2.94784358e-03,1.78505260e-03)
2.47494990e+00 (5.79414403e-02,2.16799023e-02) (-1.84561089e-02,4.83174285e-02) (2.80246771e-03,1.69691268e-03)
2.49498998e+00 (5.76330360e-02,2.15900724e-02) (-1.82652051e-02,4.78075314e-02) (2.66410675e-03,1.61303495e-03)
2.51503006e+00 (5.73234573e-02,2.14983838e-02) (-1.80751025e-02,4.73003613e-02) (2.53242934e-03,1.53321730e-03)
2.53507014e+00 (5.70129490e-02,2.14049981e-02) (-1.78858168e-02,4.67959275e-02) (2.40711932e-03,1.45726697e-03)
2.55511022e+00 (5.67017436e-02,2.13100690e-02) (-1.76973622e-02,4.62942370e-02) (2.28787508e-03,1.38500013e-03)
2.57515030e+00 (5.63900619e-02,2.12137429e-02) (-1.75097518e-02,4.57952951e-02) (2.17440895e-03,1.31624149e-03)
2.59519038e+00 (5.60781130e-02,2.11161585e-02) (-1.73229971e-02,4.52991050e-02) (2.06644652e-03,1.25082391e-03)
2.61523046e+00 (5.57660956e-02,2.10174479e-02) (-1.71371087e-02,4.48056681e-02) (1.96372613e-03,1.18858804e-03)
2.63527054e+00 (5.54541977e-02,2.09177365e-02) (-1.69520960e-02,4.43149843e-02) (1.86599823e-03,1.12938195e-03)
2.65531062e+00 (5.51425977e-02,2.08171436e-02) (-1.67679672e-02,4.38270516e-02) (1.77302488e-03,1.07306084e-03)
2.67535070e+00 (5.48314645e-02,2.07157822e-02) (-1.65847297e-02,4.33418666e-02) (1.68457923e-03,1.01948668e-03)
2.69539078e+00 (5.45209581e-02,2.06137598e-02) (-1.64023897e-02,4.28594246e-02) (1.60044499e-03,9.68527887e-04)
2.71543086e+00 (5.42112298e-02,2.05111782e-02) (-1.62209526e-02,4.23797192e-02) (1.52041601e-03,9.20059089e-04)
2.73547094e+00 (5.39024229e-02,2.04081343e-02) (-1.60404229e-02,4.19027430e-02) (1.44429576e-03,8.73960791e-04)
2.75551102e+00 (5.35946729e-02,2.03047198e-02) (-1.58608043e-02,4.14284873e-02) (1.37189693e-03,8.30119128e-04)
2.77555110e+00 (5.32881078e-02,2.02010217e-02) (-1.56820995e-02,4.09569420e-02) (1.30304100e-03,7.88425602e-04)
2.79559118e+00 (5.29828485e-02,2.00971225e-02) (-1.55043109e-02,4.04880963e-02) (1.23755785e-03,7.48776836e-04)
2.81563126e+00 (5.26790093e-02,1.99931004e-02) (-1.53274397e-02,4.00219381e-02) (1.17528537e-03,7.11074340e-04)
2.83567134e+00 (5.23766980e-02,1.98890296e-02) (-1.51514867e-02,3.95584543e-02) (1.11606907e-03,6.75224282e-04)
2.85571142e+00 (5.20760164e-02,1.97849802e-02) (-1.49764521e-02,3.90976311e-02) (1.05976179e-03,6.41137278e-04)
2.87575150e+00 (5.17770603e-02,1.96810186e-02) (-1.48023354e-02,3.86394535e-02) (1.00622328e-03,6.08728180e-04)
2.89579158e+00 (5.14799202e-02,1.95772079e-02) (-1.46291354e-02,3.81839060e-02) (9.55319960e-04,5.77915885e-04)
2.91583166e+00 (5.11846811e-02,1.94736074e-02) (-1.44568506e-02,3.77309722e-02) (9.06924568e-04,5.48623143e-04)
2.93587174e+00 (5.08914232e-02,1.93702737e-02) (-1.42854789e-02,3.72806349e-02) (8.60915877e-04,5.20776379e-04)
2.95591182e+00 (5.06002218e-02,1.92672598e-02) (-1.41150177e-02,3.68328763e-02) (8.17178417e-04,4.94305524e-04)
2.97595190e+00 (5.03111478e-02,1.91646163e-02) (-1.39454639e-02,3.63876779e-02) (7.75602208e-04,4.69143848e-04)
2.99599198e+00 (5.00242676e-02,1.90623906e-02) (-1.37768141e-02,3.59450206e-02) (7.36082502e-04,4.45227805e-04)
3.01603206e+00 (4.97396436e-02,1.89606277e-02) (-1.36090643e-02,3.55048849e-02) (6.98519544e-04,4.22496885e-04)
3.03607214e+00 (4.94573343e-02,1.88593701e-02) (-1.34422103e-02,3.50672505e-02) (6.62818334e-04,4.00893470e-04)
3.05611222e+00 (4.91773947e-02,1.87586577e-02) (-1.32762474e-02,3.46320967e-02) (6.28888406e-04,3.80362701e-04)
3.07615230e+00 (4.88998760e-02,1.86585285e-02) (-1.31111707e-02,3.41994025e-02) (5.96643619e-04,3.60852344e-04)
3.09619238e+00 (4.86248261e-02,1.85590179e-02) (-1.29469749e-02,3.37691462e-02) (5.66001950e-04,3.42312669e-04)
3.11623246e+00 (4.83522900e-02,1.84601597e-02) (-1.27836543e-02,3.33413059e-02) (5.36885305e-04,3.24696334e-04)
3.13627255e+00 (4.80823093e-02,1.83619853e-02) (-1.26212030e-02,3.29158591e-02) (5.09219327e-04,3.07958268e-04)
3.15631263e+00 (4.78149232e-02,1.82645246e-02) (-1.24596149e-02,3.24927832e-02) (4.82933231e-04,2.92055566e-04)
3.17635271e+00 (4.75501678e-02,1.81678056e-02) (-1.22988835e-02,3.20720551e-02) (4.57959625e-04,2.76947388e-04)
3.19639279e+00 (4.72880769e-02,1.80718547e-02) (-1.21390023e-02,3.16536514e-02) (4.34234358e-04,2.62594858e-04)
3.21643287e+00 (4.70286817e-02,1.79766965e-02) (-1.19799642e-02,3.12375485e-02) (4.11696361e-04,2.48960972e-04)
3.23647295e+00 (4.67720113e-02,1.78823544e-02) (-1.18217622e-02,3.08237224e-02) (3.90287504e-04,2.36010513e-04)
3.25651303e+00 (4.65180923e-02,1.77888502e-02) (-1.16643890e-02,3.04121490e-02) (3.69952460e-04,2.23709960e-04)
3.27655311e+00 (4.62669496e-02,1.76962043e-02) (-1.15078371e-02,3.00028039e-02) (3.50638563e-04,2.12027411e-04)
3.29659319e+00 (4.60186059e-02,1.76044360e-02) (-1.13520989e-02,2.95956625e-02) (3.32295693e-04,2.00932506e-04)
3.31663327e+00 (4.57730822e-02,1.75135631e-02) (-1.11971665e-02,2.91907000e-02) (3.14876147e-04,1.90396351e-04)
3.33667335e+00 (4.55303976e-02,1.74236025e-02) (-1.10430319e-02,2.87878914e-02) (2.98334527e-04,1.80391453e-04)
3.35671343e+00 (4.52905697e-02,1.73345698e-02) (-1.08896870e-02,2.83872117e-02) (2.82627631e-04,1.70891648e-04)
3.37675351e+00 (4.50536145e-02,1.72464798e-02) (-1.07371236e-02,2.79886354e-02) (2.67714346e-04,1.61872040e-04)
3.39679359e+00 (4.48195464e-02,1.71593461e-02) (-1.05853333e-02,2.75921373e-02) (2.53555550e-04,1.53308941e-04)
3.41683367e+00 (4.45883786e-02,1.70731815e-02) (-1.04343076e-02,2.71976917e-02) (2.40114020e-04,1.45179811e-04)
3.43687375e+00 (4.43601228e-02,1.69879977e-02) (-1.02840379e-02,2.68052730e-02) (2.27354334e-04,1.37463205e-04)
3.45691383e+00 (4.41347897e-02,1.69038059e-02) (-1.01345154e-02,2.64148555e-02) (2.15242791e-04,1.30138721e-04)
3.47695391e+00 (4.39123885e-02,1.68206162e-02) (-9.98573141e-03,2.60264134e-02) (2.03747328e-04,1.23186948e-04)
3.49699399e+00 (4.36929277e-02,1.67384381e-02) (-9.83767703e-03,2.56399207e-02) (1.92837438e-04,1.16589420e-04)
3.51703407e+00 (4.34764144e-02,1.66572804e-02) (-9.69034327e-03,2.52553514e-02) (1.82484100e-04,1.10328569e-04)
3.53707415e+00 (4.32628549e-02,1.65771512e-02) (-9.54372109e-03,2.48726796e-02) (1.72659705e-04,1.04387685e-04)
3.55711423e+00 (4.30522546e-02,1.64980579e-02) (-9.39780140e-03,2.44918791e-02) (1.63337989e-04,9.87508702e-05)
3.57715431e+00 (4.28446181e-02,1.64200075e-02) (-9.25257500e-03,2.41129238e-02) (1.54493966e-04,9.34030044e-05)
3.59719439e+00 (4.26399489e-02,1.63430061e-02) (-9.10803269e-03,2.37357875e-02) (1.46103873e-04,8.83297051e-05)
3.61723447e+00 (4.24382501e-02,1.62670597e-02) (-8.96416516e-03,2.33604440e-02) (1.38145103e-04,8.35172925e-05)
3.63727455e+00 (4.22395239e-02,1.61921733e-02) (-8.82096309e-03,2.29868672e-02) (1.30596157e-04,7.89527555e-05)
3.65731463e+00 (4.20437720e-02,1.61183519e-02) (-8.67841711e-03,2.26150307e-02) (1.23436584e-04,7.46237198e-05)
3.67735471e+00 (4.18509951e-02,1.60455998e-02) (-8.53651779e-03,2.22449083e-02) (1.16646936e-04,7.05184170e-05)
3.69739479e+00 (4.16611939e-02,1.59739209e-02) (-8.39525568e-03,2.18764739e-02) (1.10208716e-04,6.66256551e-05)
3.71743487e+00 (4.14743680e-02,1.59033187e-02) (-8.25462130e-03,2.15097010e-02) (1.04104332e-04,6.29347911e-05)
3.73747495e+00 (4.12905169e-02,1.58337965e-02) (-8.11460513e-03,2.11445635e-02) (9.83170569e-05,5.94357041e-05)
3.75751503e+00 (4.11096395e-02,1.57653569e-02) (-7.97519763e-03,2.07810351e-02) (9.28309837e-05,5.61187702e-05)
3.77755511e+00 (4.09317341e-02,1.56980025e-02) (-7.83638923e-03,2.04190895e-02) (8.76309860e-05,5.29748384e-05)
3.79759519e+00 (4.07567990e-02,1.56317355e-02) (-7.69817036e-03,2.00587007e-02) (8.27026812e-05,4.99952076e-05)
3.81763527e+00 (4.05848317e-02,1.55665577e-02) (-7.56053139e-03,1.96998423e-02) (7.80323938e-05,4.71716052e-05)
3.83767535e+00 (4.04158296e-02,1.55024707e-02) (-7.42346273e-03,1.93424882e-02) (7.36071217e-05,4.44961655e-05)
3.85771543e+00 (4.02497899e-02,1.54394760e-02) (-7.28695472e-03,1.89866123e-02) (6.94145030e-05,4.19614111e-05)
3.87775551e+00 (4.00867091e-02,1.53775747e-02) (-7.15099774e-03,1.86321883e-02) (6.54427855e-05,3.95602328e-05)
3.89779559e+00 (3.99265840e-02,1.53167676e-02) (-7.01558213e-03,1.82791903e-02) (6.16807964e-05,3.72858728e-05)
3.91783567e+00 (3.97694106e-02,1.52570555e-02) (-6.88069823e-03,1.79275921e-02) (5.81179149e-05,3.51319070e-05)
3.93787575e+00 (3.96151851e-02,1.51984389e-02) (-6.74633638e-03,1.75773678e-02) (5.47440450e-05,3.30922287e-05)
3.95791583e+00 (3.94639034e-02,1.51409181e-02) (-6.61248691e-03,1.72284913e-02) (5.15495899e-05,3.11610336e-05)
3.97795591e+00 (3.93155612e-02,1.50844933e-02) (-6.47914014e-03,1.68809367e-02) (4.85254279e-05,2.93328048e-05)
3.99799599e+00 (3.91701539e-02,1.50291646e-02) (-6.34628641e-03,1.65346780e-02) (4.56628891e-05,2.76022988e-05)
4.01803607e+00 (3.90276771e-02,1.49749318e-02) (-6.21391604e-03,1.61896894e-02) (4.29537338e-05,2.59645321e-05)
4.03807615e+00 (3.88881260e-02,1.49217946e-02) (-6.08201938e-03,1.58459451e-02) (4.03901307e-05,2.44147689e-05)
4.05811623e+00 (3.87514958e-02,1.48697527e-02) (-5.95058674e-03,1.55034192e-02) (3.79646379e-05,2.29485085e-05)
4.07815631e+00 (3.86177816e-02,1.48188057e-02) (-5.81960847e-03,1.51620860e-02) (3.56701833e-05,2.15614739e-05)
4.09819639e+00 (3.84869786e-02,1.47689530e-02) (-5.68907491e-03,1.48219198e-02) (3.35000468e-05,2.02496014e-05)
4.11823647e+00 (3.83590816e-02,1.47201939e-02) (-5.55897640e-03,1.44828950e-02) (3.14478428e-05,1.90090295e-05)
4.13827655e+00 (3.82340857e-02,1.46725277e-02) (-5.42930331e-03,1.41449858e-02) (2.95075042e-05,1.78360893e-05)
4.15831663e+00 (3.81119857e-02,1.46259535e-02) (-5.30004599e-03,1.38081668e-02) (2.76732667e-05,1.67272950e-05)
4.17835671e+00 (3.79927767e-02,1.45804706e-02) (-5.17119480e-03,1.34724124e-02) (2.59396539e-05,1.56793352e-05)
4.19839679e+00 (3.78764534e-02,1.45360779e-02) (-5.04274013e-03,1.31376971e-02) (2.43014630e-05,1.46890638e-05)
4.21843687e+00 (3.77630109e-02,1.44927745e-02) (-4.91467235e-03,1.28039954e-02) (2.27537520e-05,1.37534925e-05)
4.23847695e+00 (3.76524441e-02,1.44505594e-02) (-4.78698186e-03,1.24712821e-02) (2.12918260e-05,1.28697826e-05)
4.25851703e+00 (3.75447479e-02,1.44094315e-02) (-4.65965907e-03,1.21395317e-02) (1.99112261e-05,1.20352379e-05)
4.27855711e+00 (3.74399173e-02,1.43693897e-02) (-4.53269438e-03,1.18087189e-02) (1.86077168e-05,1.12472974e-05)
4.29859719e+00 (3.73379474e-02,1.43304329e-02) (-4.40607822e-03,1.14788184e-02) (1.73772757e-05,1.05035291e-05)
4.31863727e+00 (3.72388334e-02,1.42925599e-02) (-4.27980101e-03,1.11498051e-02) (1.62160829e-05,9.80162330e-06)
4.33867735e+00 (3.71425703e-02,1.42557697e-02) (-4.15385320e-03,1.08216538e-02) (1.51205107e-05,9.13938668e-06)
4.35871743e+00 (3.70491534e-02,1.42200610e-02) (-4.02822525e-03,1.04943392e-02) (1.40871144e-05,8.51473655e-06)
4.37875752e+00 (3.69585781e-02,1.41854326e-02) (-3.90290760e-03,1.01678364e-02) (1.31126233e-05,7.92569543e-06)
4.39879760e+00 (3.68708397e-02,1.41518835e-02) (-3.77789074e-03,9.84212031e-03) (1.21939320e-05,7.37038578e-06)
4.41883768e+00 (3.67859337e-02,1.41194124e-02) (-3.65316514e-03,9.51716586e-03) (1.13280923e-05,6.84702515e-06)
4.43887776e+00 (3.67038557e-02,1.40880182e-02) (-3.52872131e-03,9.19294810e-03) (1.05123054e-05,6.35392142e-06)
4.45891784e+00 (3.66246015e-02,1.40576998e-02) (-3.40454973e-03,8.86944211e-03) (9.74391441e-06,5.88946834e-06)
4.47895792e+00 (3.65481668e-02,1.40284560e-02) (-3.28064094e-03,8.54662297e-03) (9.02039754e-06,5.45214130e-06)
4.49899800e+00 (3.64745475e-02,1.40002856e-02) (-3.15698544e-03,8.22446584e-03) (8.33936125e-06,5.04049326e-06)
4.51903808e+00 (3.64037397e-02,1.39731877e-02) (-3.03357377e-03,7.90294589e-03) (7.69853394e-06,4.65315089e-06)
4.53907816e+00 (3.63357395e-02,1.39471611e-02) (-2.91039648e-03,7.58203832e-03) (7.09575988e-06,4.28881096e-06)
4.55911824e+00 (3.62705433e-02,1.39222047e-02) (-2.78744411e-03,7.26171839e-03) (6.52899347e-06,3.94623681e-06)
4.57915832e+00 (3.62081475e-02,1.38983177e-02) (-2.66470723e-03,6.94196136e-03) (5.99629378e-06,3.62425507e-06)
4.59919840e+00 (3.61485485e-02,1.38754990e-02) (-2.54217641e-03,6.62274254e-03) (5.49581929e-06,3.32175249e-06)
4.61923848e+00 (3.60917432e-02,1.38537477e-02) (-2.41984221e-03,6.30403728e-03) (5.02582299e-06,3.03767294e-06)
4.63927856e+00 (3.60377284e-02,1.38330628e-02) (-2.29769524e-03,5.98582092e-03) (4.58464767e-06,2.77101459e-06)
4.65931864e+00 (3.59865010e-02,1.38134435e-02) (-2.17572608e-03,5.66806887e-03) (4.17072138e-06,2.52082718e-06)
4.67935872e+00 (3.59380583e-02,1.37948890e-02) (-2.05392533e-03,5.35075653e-03) (3.78255324e-06,2.28620947e-06)
4.69939880e+00 (3.58923974e-02,1.37773985e-02) (-1.93228361e-03,5.03385937e-03) (3.41872936e-06,2.06630672e-06)
4.71943888e+00 (3.58495159e-02,1.37609713e-02) (-1.81079152e-03,4.71735282e-03) (3.07790899e-06,1.86030846e-06)
4.73947896e+00 (3.58094115e-02,1.37456067e-02) (-1.68943969e-03,4.40121240e-03) (2.75882086e-06,1.66744620e-06)
4.75951904e+00 (3.57720818e-02,1.37313040e-02) (-1.56821875e-03,4.08541359e-03) (2.46025968e-06,1.48699135e-06)
4.77955912e+00 (3.57375248e-02,1.37180627e-02) (-1.44711933e-03,3.76993193e-03) (2.18108284e-06,1.31825322e-06)
4.79959920e+00 (3.57057386e-02,1.37058823e-02) (-1.32613206e-03,3.45474296e-03) (1.92020730e-06,1.16057711e-06)
4.81963928e+00 (3.56767216e-02,1.36947622e-02) (-1.20524758e-03,3.13982224e-03) (1.67660651e-06,1.01334250e-06)
4.83967936e+00 (3.56504722e-02,1.36847021e-02) (-1.08445655e-03,2.82514535e-03) (1.44930764e-06,8.75961338e-07)
4.85971944e+00 (3.56269890e-02,1.36757016e-02) (-9.63749614e-04,2.51068786e-03) (1.23738885e-06,7.47876382e-07)
4.87975952e+00 (3.56062708e-02,1.36677604e-02) (-8.43117418e-04,2.19642538e-03) (1.03997669e-06,6.28559668e-07)
4.89979960e+00 (3.55883167e-02,1.36608782e-02) (-7.22550620e-04,1.88233351e-03) (8.56243715e-07,5.17511019e-07)
4.91983968e+00 (3.55731257e-02,1.36550549e-02) (-6.02039876e-04,1.56838787e-03) (6.85406089e-07,4.14256642e-07)
4.93987976e+00 (3.55606973e-02,1.36502903e-02) (-4.81575844e-04,1.25456408e-03) (5.26721425e-07,3.18347791e-07)
4.95991984e+00 (3.55510310e-02,1.36465844e-02) (-3.61149182e-04,9.40837767e-04) (3.79486666e-07,2.29359498e-07)
4.97995992e+00 (3.55441265e-02,1.36439372e-02) (-2.40750549e-04,6.27184562e-04) (2.43036092e-07,1.46889363e-07)
5.00000000e+00 (3.55386029e-02,1.36418194e-02) (-1.20370602e-04,3.13580096e-04) (1.16643788e-07,7.04986129e-08)
