0.4403 	 500
Z	 ux	 uz 	 rho
-5.00000000e+00 (3.53578501e-02,1.81116618e-03) (1.59810921e-05,-3.11985198e-04) (1.38478337e-07,1.09594676e-08)
-4.97995992e+00 (3.53633440e-02,1.81144889e-03) (3.19634310e-05,-6.23994635e-04) (2.60435395e-07,-2.27108066e-08)
-4.95991984e+00 (3.53702116e-02,1.81180241e-03) (4.79482644e-05,-9.36052548e-04) (4.08972474e-07,-4.63752240e-08)
-4.93987976e+00 (3.53798263e-02,1.81229763e-03) (6.39368418e-05,-1.24818318e-03) (5.69294115e-07,-6.64322134e-08)
-4.91983968e+00 (3.53921885e-02,1.81293474e-03) (7.99304145e-05,-1.56041077e-03) (7.40956873e-07,-8.71685624e-08)
-4.89979960e+00 (3.54072986e-02,1.81371391e-03) (9.59302352e-05,-1.87275956e-03) (9.25404779e-07,-1.09595427e-07)
-4.87975952e+00 (3.54251572e-02,1.81463531e-03) (1.11937558e-04,-2.18525380e-03) (1.12373338e-06,-1.33804120e-07)
-4.85971944e+00 (3.54457650e-02,1.81569910e-03) (1.27953639e-04,-2.49791774e-03) (1.33684321e-06,-1.59848539e-07)
-4.83967936e+00 (3.54691229e-02,1.81690546e-03) (1.43979735e-04,-2.81077565e-03) (1.56561224e-06,-1.87808764e-07)
-4.81963928e+00 (3.54952321e-02,1.81825457e-03) (1.60017105e-04,-3.12385180e-03) (1.81099183e-06,-2.17806917e-07)
-4.79959920e+00 (3.55240939e-02,1.81974663e-03) (1.76067009e-04,-3.43717047e-03) (2.07395990e-06,-2.49958488e-07)
-4.77955912e+00 (3.55557096e-02,1.82138185e-03) (1.92130710e-04,-3.75075595e-03) (2.35558249e-06,-2.84398038e-07)
-4.75951904e+00 (3.55900811e-02,1.82316047e-03) (2.08209471e-04,-4.06463255e-03) (2.65694970e-06,-3.21258187e-07)
-4.73947896e+00 (3.56272099e-02,1.82508273e-03) (2.24304560e-04,-4.37882460e-03) (2.97925419e-06,-3.60682461e-07)
-4.71943888e+00 (3.56670982e-02,1.82714890e-03) (2.40417244e-04,-4.69335642e-03) (3.32370398e-06,-4.02830909e-07)
-4.69939880e+00 (3.57097480e-02,1.82935927e-03) (2.56548795e-04,-5.00825239e-03) (3.69162272e-06,-4.47849078e-07)
-4.67935872e+00 (3.57551616e-02,1.83171414e-03) (2.72700486e-04,-5.32353686e-03) (4.08436298e-06,-4.95922053e-07)
-4.65931864e+00 (3.58033415e-02,1.83421385e-03) (2.88873594e-04,-5.63923426e-03) (4.50338798e-06,-5.47201348e-07)
-4.63927856e+00 (3.58542901e-02,1.83685872e-03) (3.05069398e-04,-5.95536898e-03) (4.95021356e-06,-6.01906711e-07)
-4.61923848e+00 (3.59080103e-02,1.83964914e-03) (3.21289181e-04,-6.27196548e-03) (5.42645194e-06,-6.60206234e-07)
-4.59919840e+00 (3.59645050e-02,1.84258548e-03) (3.37534228e-04,-6.58904821e-03) (5.93380552e-06,-7.22337630e-07)
-4.57915832e+00 (3.60237771e-02,1.84566814e-03) (3.53805830e-04,-6.90664169e-03) (6.47404678e-06,-7.88490203e-07)
-4.55911824e+00 (3.60858297e-02,1.84889757e-03) (3.70105278e-04,-7.22477042e-03) (7.04908895e-06,-8.58921035e-07)
-4.53907816e+00 (3.61506663e-02,1.85227420e-03) (3.86433870e-04,-7.54345896e-03) (7.66088631e-06,-9.33858193e-07)
-4.51903808e+00 (3.62182901e-02,1.85579852e-03) (4.02792906e-04,-7.86273188e-03) (8.31156718e-06,-1.01356314e-06)
-4.49899800e+00 (3.62887048e-02,1.85947101e-03) (4.19183693e-04,-8.18261379e-03) (9.00330883e-06,-1.09831446e-06)
-4.47895792e+00 (3.63619140e-02,1.86329220e-03) (4.35607539e-04,-8.50312934e-03) (9.73846510e-06,-1.18838149e-06)
-4.45891784e+00 (3.64379215e-02,1.86726264e-03) (4.52065759e-04,-8.82430320e-03) (1.05194693e-05,-1.28409004e-06)
-4.43887776e+00 (3.65167311e-02,1.87138289e-03) (4.68559673e-04,-9.14616008e-03) (1.13489101e-05,-1.38572791e-06)
-4.41883768e+00 (3.65983468e-02,1.87565355e-03) (4.85090604e-04,-9.46872471e-03) (1.22295195e-05,-1.49365849e-06)
-4.39879760e+00 (3.66827728e-02,1.88007525e-03) (5.01659884e-04,-9.79202188e-03) (1.31641468e-05,-1.60821040e-06)
-4.37875752e+00 (3.67700131e-02,1.88464864e-03) (5.18268846e-04,-1.01160764e-02) (1.41558358e-05,-1.72976920e-06)
-4.35871743e+00 (3.68600721e-02,1.88937440e-03) (5.34918833e-04,-1.04409131e-02) (1.52077447e-05,-1.85872353e-06)
-4.33867735e+00 (3.69529541e-02,1.89425325e-03) (5.51611193e-04,-1.07665570e-02) (1.63232484e-05,-1.99547625e-06)
-4.31863727e+00 (3.70486635e-02,1.89928593e-03) (5.68347278e-04,-1.10930328e-02) (1.75058592e-05,-2.14048048e-06)
-4.29859719e+00 (3.71472047e-02,1.90447322e-03) (5.85128451e-04,-1.14203656e-02) (1.87593013e-05,-2.29416833e-06)
-4.27855711e+00 (3.72485824e-02,1.90981591e-03) (6.01956078e-04,-1.17485805e-02) (2.00874995e-05,-2.45704302e-06)
-4.25851703e+00 (3.73528010e-02,1.91531487e-03) (6.18831535e-04,-1.20777023e-02) (2.14945603e-05,-2.62959927e-06)
-4.23847695e+00 (3.74598653e-02,1.92097097e-03) (6.35756204e-04,-1.24077564e-02) (2.29848441e-05,-2.81237146e-06)
-4.21843687e+00 (3.75697798e-02,1.92678512e-03) (6.52731476e-04,-1.27387676e-02) (2.45629079e-05,-3.00592998e-06)
-4.19839679e+00 (3.76825492e-02,1.93275828e-03) (6.69758749e-04,-1.30707613e-02) (2.62335718e-05,-3.21085400e-06)
-4.17835671e+00 (3.77981782e-02,1.93889145e-03) (6.86839430e-04,-1.34037627e-02) (2.80019070e-05,-3.42777740e-06)
-4.15831663e+00 (3.79166714e-02,1.94518566e-03) (7.03974937e-04,-1.37377969e-02) (2.98732399e-05,-3.65735129e-06)
-4.13827655e+00 (3.80380336e-02,1.95164199e-03) (7.21166695e-04,-1.40728893e-02) (3.18531948e-05,-3.90026531e-06)
-4.11823647e+00 (3.81622693e-02,1.95826157e-03) (7.38416138e-04,-1.44090653e-02) (3.39476774e-05,-4.15725194e-06)
-4.09819639e+00 (3.82893831e-02,1.96504557e-03) (7.55724714e-04,-1.47463501e-02) (3.61629089e-05,-4.42907012e-06)
-4.07815631e+00 (3.84193797e-02,1.97199521e-03) (7.73093876e-04,-1.50847693e-02) (3.85054455e-05,-4.71652549e-06)
-4.05811623e+00 (3.85522634e-02,1.97911176e-03) (7.90525094e-04,-1.54243483e-02) (4.09821784e-05,-5.02047137e-06)
-4.03807615e+00 (3.86880387e-02,1.98639654e-03) (8.08019845e-04,-1.57651125e-02) (4.36003559e-05,-5.34179889e-06)
-4.01803607e+00 (3.88267099e-02,1.99385093e-03) (8.25579619e-04,-1.61070875e-02) (4.63676187e-05,-5.68144094e-06)
-3.99799599e+00 (3.89682812e-02,2.00147638e-03) (8.43205919e-04,-1.64502989e-02) (4.92919992e-05,-6.04039682e-06)
-3.97795591e+00 (3.91127565e-02,2.00927436e-03) (8.60900262e-04,-1.67947722e-02) (5.23819429e-05,-6.41969707e-06)
-3.95791583e+00 (3.92601400e-02,2.01724644e-03) (8.78664176e-04,-1.71405332e-02) (5.56463598e-05,-6.82043316e-06)
-3.93787575e+00 (3.94104352e-02,2.02539424e-03) (8.96499204e-04,-1.74876075e-02) (5.90946024e-05,-7.24377635e-06)
-3.91783567e+00 (3.95636458e-02,2.03371945e-03) (9.14406905e-04,-1.78360208e-02) (6.27365032e-05,-7.69091695e-06)
-3.89779559e+00 (3.97197752e-02,2.04222382e-03) (9.32388850e-04,-1.81857988e-02) (6.65824530e-05,-8.16313456e-06)
-3.87775551e+00 (3.98788263e-02,2.05090919e-03) (9.50446630e-04,-1.85369673e-02) (7.06433235e-05,-8.66179586e-06)
-3.85771543e+00 (4.00408022e-02,2.05977747e-03) (9.68581849e-04,-1.88895522e-02) (7.49305777e-05,-9.18827062e-06)
-3.83767535e+00 (4.02057054e-02,2.06883065e-03) (9.86796130e-04,-1.92435792e-02) (7.94563125e-05,-9.74406930e-06)
-3.81763527e+00 (4.03735382e-02,2.07807081e-03) (1.00509111e-03,-1.95990741e-02) (8.42331753e-05,-1.03307672e-05)
-3.79759519e+00 (4.05443026e-02,2.08750009e-03) (1.02346846e-03,-1.99560629e-02) (8.92745223e-05,-1.09499697e-05)
-3.77755511e+00 (4.07180001e-02,2.09712075e-03) (1.04192984e-03,-2.03145714e-02) (9.45944130e-05,-1.16034352e-05)
-3.75751503e+00 (4.08946319e-02,2.10693515e-03) (1.06047697e-03,-2.06746254e-02) (1.00207581e-04,-1.22929870e-05)
-3.73747495e+00 (4.10741989e-02,2.11694573e-03) (1.07911155e-03,-2.10362510e-02) (1.06129554e-04,-1.30205144e-05)
-3.71743487e+00 (4.12567014e-02,2.12715503e-03) (1.09783533e-03,-2.13994739e-02) (1.12376687e-04,-1.37880350e-05)
-3.69739479e+00 (4.14421392e-02,2.13756573e-03) (1.11665008e-03,-2.17643201e-02) (1.18966138e-04,-1.45976860e-05)
-3.67735471e+00 (4.16305115e-02,2.14818059e-03) (1.13555758e-03,-2.21308155e-02) (1.25915954e-04,-1.54516775e-05)
-3.65731463e+00 (4.18218173e-02,2.15900252e-03) (1.15455965e-03,-2.24989860e-02) (1.33245142e-04,-1.63523384e-05)
-3.63727455e+00 (4.20160545e-02,2.17003453e-03) (1.17365814e-03,-2.28688575e-02) (1.40973680e-04,-1.73021532e-05)
-3.61723447e+00 (4.22132206e-02,2.18127978e-03) (1.19285489e-03,-2.32404557e-02) (1.49122543e-04,-1.83037135e-05)
-3.59719439e+00 (4.24133126e-02,2.19274155e-03) (1.21215182e-03,-2.36138066e-02) (1.57713809e-04,-1.93597199e-05)
-3.57715431e+00 (4.26163263e-02,2.20442328e-03) (1.23155085e-03,-2.39889360e-02) (1.66770713e-04,-2.04730440e-05)
-3.55711423e+00 (4.28222571e-02,2.21632855e-03) (1.25105393e-03,-2.43658695e-02) (1.76317647e-04,-2.16467125e-05)
-3.53707415e+00 (4.30310993e-02,2.22846111e-03) (1.27066305e-03,-2.47446329e-02) (1.86380258e-04,-2.28838786e-05)
-3.51703407e+00 (4.32428464e-02,2.24082485e-03) (1.29038024e-03,-2.51252520e-02) (1.96985533e-04,-2.41878658e-05)
-3.49699399e+00 (4.34574911e-02,2.25342386e-03) (1.31020755e-03,-2.55077522e-02) (2.08161830e-04,-2.55621814e-05)
-3.47695391e+00 (4.36750248e-02,2.26626240e-03) (1.33014707e-03,-2.58921591e-02) (2.19938958e-04,-2.70105122e-05)
-3.45691383e+00 (4.38954379e-02,2.27934493e-03) (1.35020095e-03,-2.62784982e-02) (2.32348239e-04,-2.85367281e-05)
-3.43687375e+00 (4.41187197e-02,2.29267608e-03) (1.37037135e-03,-2.66667948e-02) (2.45422612e-04,-3.01448824e-05)
-3.41683367e+00 (4.43448584e-02,2.30626072e-03) (1.39066048e-03,-2.70570743e-02) (2.59196713e-04,-3.18392600e-05)
-3.39679359e+00 (4.45738406e-02,2.32010393e-03) (1.41107061e-03,-2.74493616e-02) (2.73706919e-04,-3.36243670e-05)
-3.37675351e+00 (4.48056519e-02,2.33421102e-03) (1.43160404e-03,-2.78436820e-02) (2.88991468e-04,-3.55049235e-05)
-3.35671343e+00 (4.50402760e-02,2.34858753e-03) (1.45226312e-03,-2.82400602e-02) (3.05090561e-04,-3.74858972e-05)
-3.33667335e+00 (4.52776954e-02,2.36323926e-03) (1.47305025e-03,-2.86385210e-02) (3.22046435e-04,-3.95725153e-05)
-3.31663327e+00 (4.55178910e-02,2.37817228e-03) (1.49396790e-03,-2.90390890e-02) (3.39903484e-04,-4.17702638e-05)
-3.29659319e+00 (4.57608416e-02,2.39339293e-03) (1.51501856e-03,-2.94417886e-02) (3.58708364e-04,-4.40849209e-05)
-3.27655311e+00 (4.60065247e-02,2.40890784e-03) (1.53620481e-03,-2.98466440e-02) (3.78510083e-04,-4.65225619e-05)
-3.25651303e+00 (4.62549153e-02,2.42472394e-03) (1.55752927e-03,-3.02536793e-02) (3.99360148e-04,-4.90895442e-05)
-3.23647295e+00 (4.65059869e-02,2.44084850e-03) (1.57899462e-03,-3.06629182e-02) (4.21312702e-04,-5.17925782e-05)
-3.21643287e+00 (4.67597104e-02,2.45728910e-03) (1.60060364e-03,-3.10743841e-02) (4.44424603e-04,-5.46387227e-05)
-3.19639279e+00 (4.70160548e-02,2.47405369e-03) (1.62235913e-03,-3.14881005e-02) (4.68755586e-04,-5.76353733e-05)
-3.17635271e+00 (4.72749864e-02,2.49115058e-03) (1.64426399e-03,-3.19040903e-02) (4.94368432e-04,-6.07903012e-05)
-3.15631263e+00 (4.75364691e-02,2.50858848e-03) (1.66632120e-03,-3.23223762e-02) (5.21329100e-04,-6.41116890e-05)
-3.13627255e+00 (4.78004642e-02,2.52637647e-03) (1.68853379e-03,-3.27429804e-02) (5.49706867e-04,-6.76081507e-05)
-3.11623246e+00 (4.80669301e-02,2.54452411e-03) (1.71090491e-03,-3.31659250e-02) (5.79574483e-04,-7.12887156e-05)
-3.09619238e+00 (4.83358221e-02,2.56304135e-03) (1.73343776e-03,-3.35912317e-02) (6.11008395e-04,-7.51628435e-05)
-3.07615230e+00 (4.86070926e-02,2.58193865e-03) (1.75613565e-03,-3.40189215e-02) (6.44088937e-04,-7.92405033e-05)
-3.05611222e+00 (4.88806907e-02,2.60122695e-03) (1.77900199e-03,-3.44490154e-02) (6.78900459e-04,-8.35322061e-05)
-3.03607214e+00 (4.91565617e-02,2.62091769e-03) (1.80204027e-03,-3.48815335e-02) (7.15531521e-04,-8.80489745e-05)
-3.01603206e+00 (4.94346477e-02,2.64102286e-03) (1.82525410e-03,-3.53164957e-02) (7.54075149e-04,-9.28023548e-05)
-2.99599198e+00 (4.97148866e-02,2.66155504e-03) (1.84864718e-03,-3.57539213e-02) (7.94629073e-04,-9.78044997e-05)
-2.97595190e+00 (4.99972124e-02,2.68252736e-03) (1.87222334e-03,-3.61938289e-02) (8.37295897e-04,-1.03068197e-04)
-2.95591182e+00 (5.02815547e-02,2.70395362e-03) (1.89598653e-03,-3.66362368e-02) (8.82183360e-04,-1.08606859e-04)
-2.93587174e+00 (5.05678389e-02,2.72584824e-03) (1.91994081e-03,-3.70811623e-02) (9.29404613e-04,-1.14434576e-04)
-2.91583166e+00 (5.08559853e-02,2.74822635e-03) (1.94409038e-03,-3.75286223e-02) (9.79078459e-04,-1.20566167e-04)
-2.89579158e+00 (5.11459096e-02,2.77110378e-03) (1.96843957e-03,-3.79786329e-02) (1.03132962e-03,-1.27017199e-04)
-2.87575150e+00 (5.14375219e-02,2.79449713e-03) (1.99299286e-03,-3.84312093e-02) (1.08628905e-03,-1.33804006e-04)
-2.85571142e+00 (5.17307272e-02,2.81842379e-03) (2.01775488e-03,-3.88863660e-02) (1.14409422e-03,-1.40943751e-04)
-2.83567134e+00 (5.20254244e-02,2.84290198e-03) (2.04273042e-03,-3.93441167e-02) (1.20488947e-03,-1.48454484e-04)
-2.81563126e+00 (5.23215066e-02,2.86795079e-03) (2.06792441e-03,-3.98044740e-02) (1.26882628e-03,-1.56355152e-04)
-2.79559118e+00 (5.26188603e-02,2.89359023e-03) (2.09334199e-03,-4.02674497e-02) (1.33606366e-03,-1.64665646e-04)
-2.77555110e+00 (5.29173656e-02,2.91984127e-03) (2.11898845e-03,-4.07330545e-02) (1.40676850e-03,-1.73406864e-04)
-2.75551102e+00 (5.32168953e-02,2.94672587e-03) (2.14486929e-03,-4.12012980e-02) (1.48111597e-03,-1.82600755e-04)
-2.73547094e+00 (5.35173149e-02,2.97426707e-03) (2.17099019e-03,-4.16721887e-02) (1.55928988e-03,-1.92270375e-04)
-2.71543086e+00 (5.38184823e-02,3.00248900e-03) (2.19735706e-03,-4.21457339e-02) (1.64148314e-03,-2.02439940e-04)
-2.69539078e+00 (5.41202472e-02,3.03141696e-03) (2.22397600e-03,-4.26219394e-02) (1.72789813e-03,-2.13134872e-04)
-2.67535070e+00 (5.44224508e-02,3.06107745e-03) (2.25085336e-03,-4.31008098e-02) (1.81874723e-03,-2.24381870e-04)
-2.65531062e+00 (5.47249252e-02,3.09149826e-03) (2.27799573e-03,-4.35823484e-02) (1.91425323e-03,-2.36208967e-04)
-2.63527054e+00 (5.50274935e-02,3.12270853e-03) (2.30540994e-03,-4.40665567e-02) (2.01464987e-03,-2.48645606e-04)
-2.61523046e+00 (5.53299687e-02,3.15473877e-03) (2.33310309e-03,-4.45534348e-02) (2.12018234e-03,-2.61722702e-04)
-2.59519038e+00 (5.56321535e-02,3.18762099e-03) (2.36108255e-03,-4.50429809e-02) (2.23110780e-03,-2.75472706e-04)
-2.57515030e+00 (5.59338400e-02,3.22138872e-03) (2.38935598e-03,-4.55351918e-02) (2.34769598e-03,-2.89929693e-04)
-2.55511022e+00 (5.62348088e-02,3.25607712e-03) (2.41793134e-03,-4.60300619e-02) (2.47022974e-03,-3.05129441e-04)
-2.53507014e+00 (5.65348289e-02,3.29172305e-03) (2.44681693e-03,-4.65275840e-02) (2.59900570e-03,-3.21109511e-04)
-2.51503006e+00 (5.68336568e-02,3.32836511e-03) (2.47602135e-03,-4.70277487e-02) (2.73433486e-03,-3.37909321e-04)
-2.49498998e+00 (5.71310358e-02,3.36604381e-03) (2.50555357e-03,-4.75305443e-02) (2.87654330e-03,-3.55570250e-04)
-2.47494990e+00 (5.74266961e-02,3.40480156e-03) (2.53542292e-03,-4.80359569e-02) (3.02597286e-03,-3.74135750e-04)
-2.45490982e+00 (5.77203533e-02,3.44468285e-03) (2.56563911e-03,-4.85439701e-02) (3.18298183e-03,-3.93651418e-04)
-2.43486974e+00 (5.80117083e-02,3.48573428e-03) (2.59621225e-03,-4.90545650e-02) (3.34794576e-03,-4.14165105e-04)
-2.41482966e+00 (5.83004464e-02,3.52800472e-03) (2.62715289e-03,-4.95677198e-02) (3.52125823e-03,-4.35727041e-04)
-2.39478958e+00 (5.85862368e-02,3.57154537e-03) (2.65847199e-03,-5.00834101e-02) (3.70333161e-03,-4.58389934e-04)
-2.37474950e+00 (5.88687315e-02,3.61640989e-03) (2.69018100e-03,-5.06016084e-02) (3.89459802e-03,-4.82209089e-04)
-2.35470942e+00 (5.91475650e-02,3.66265452e-03) (2.72229184e-03,-5.11222840e-02) (4.09551013e-03,-5.07242550e-04)
-2.33466934e+00 (5.94223532e-02,3.71033819e-03) (2.75481694e-03,-5.16454029e-02) (4.30654208e-03,-5.33551224e-04)
-2.31462926e+00 (5.96926925e-02,3.75952265e-03) (2.78776927e-03,-5.21709277e-02) (4.52819049e-03,-5.61199008e-04)
-2.29458918e+00 (5.99581593e-02,3.81027263e-03) (2.82116235e-03,-5.26988174e-02) (4.76097540e-03,-5.90252937e-04)
-2.27454910e+00 (6.02183090e-02,3.86265593e-03) (2.85501027e-03,-5.32290270e-02) (5.00544132e-03,-6.20783343e-04)
-2.25450902e+00 (6.04726747e-02,3.91674358e-03) (2.88932777e-03,-5.37615077e-02) (5.26215830e-03,-6.52864002e-04)
-2.23446894e+00 (6.07207669e-02,3.97261002e-03) (2.92413020e-03,-5.42962061e-02) (5.53172304e-03,-6.86572305e-04)
-2.21442886e+00 (6.09620723e-02,4.03033323e-03) (2.95943359e-03,-5.48330649e-02) (5.81476001e-03,-7.21989425e-04)
-2.19438878e+00 (6.11960523e-02,4.08999489e-03) (2.99525468e-03,-5.53720218e-02) (6.11192267e-03,-7.59200497e-04)
-2.17434870e+00 (6.14221429e-02,4.15168055e-03) (3.03161094e-03,-5.59130097e-02) (6.42389467e-03,-7.98294806e-04)
-2.15430862e+00 (6.16397529e-02,4.21547985e-03) (3.06852061e-03,-5.64559564e-02) (6.75139114e-03,-8.39365988e-04)
-2.13426854e+00 (6.18482631e-02,4.28148663e-03) (3.10600275e-03,-5.70007846e-02) (7.09515999e-03,-8.82512224e-04)
-2.11422846e+00 (6.20470252e-02,4.34979918e-03) (3.14407727e-03,-5.75474110e-02) (7.45598326e-03,-9.27836467e-04)
-2.09418838e+00 (6.22353605e-02,4.42052044e-03) (3.18276494e-03,-5.80957467e-02) (7.83467853e-03,-9.75446648e-04)
-2.07414830e+00 (6.24125590e-02,4.49375817e-03) (3.22208749e-03,-5.86456967e-02) (8.23210037e-03,-1.02545593e-03)
-2.05410822e+00 (6.25778779e-02,4.56962520e-03) (3.26206761e-03,-5.91971595e-02) (8.64914176e-03,-1.07798294e-03)
-2.03406814e+00 (6.27305405e-02,4.64823963e-03) (3.30272901e-03,-5.97500269e-02) (9.08673570e-03,-1.13315202e-03)
-2.01402806e+00 (6.28697350e-02,4.72972511e-03) (3.34409647e-03,-6.03041838e-02) (9.54585670e-03,-1.19109351e-03)
-1.99398798e+00 (6.29946134e-02,4.81421103e-03) (3.38619587e-03,-6.08595077e-02) (1.00275224e-02,-1.25194401e-03)
-1.97394790e+00 (6.31042896e-02,4.90183280e-03) (3.42905427e-03,-6.14158683e-02) (1.05327954e-02,-1.31584668e-03)
-1.95390782e+00 (6.31978387e-02,4.99273213e-03) (3.47269995e-03,-6.19731277e-02) (1.10627845e-02,-1.38295153e-03)
-1.93386774e+00 (6.32742955e-02,5.08705725e-03) (3.51716248e-03,-6.25311392e-02) (1.16186469e-02,-1.45341577e-03)
-1.91382766e+00 (6.33326532e-02,5.18496325e-03) (3.56247275e-03,-6.30897478e-02) (1.22015898e-02,-1.52740409e-03)
-1.89378758e+00 (6.33718616e-02,5.28661236e-03) (3.60866306e-03,-6.36487892e-02) (1.28128721e-02,-1.60508906e-03)
-1.87374749e+00 (6.33908265e-02,5.39217422e-03) (3.65576716e-03,-6.42080897e-02) (1.34538062e-02,-1.68665146e-03)
-1.85370741e+00 (6.33884079e-02,5.50182625e-03) (3.70382034e-03,-6.47674658e-02) (1.41257602e-02,-1.77228066e-03)
-1.83366733e+00 (6.33634187e-02,5.61575393e-03) (3.75285951e-03,-6.53267236e-02) (1.48301593e-02,-1.86217504e-03)
-1.81362725e+00 (6.33146233e-02,5.73415117e-03) (3.80292321e-03,-6.58856587e-02) (1.55684880e-02,-1.95654237e-03)
-1.79358717e+00 (6.32407366e-02,5.85722066e-03) (3.85405176e-03,-6.64440554e-02) (1.63422921e-02,-2.05560027e-03)
-1.77354709e+00 (6.31404222e-02,5.98517419e-03) (3.90628731e-03,-6.70016866e-02) (1.71531804e-02,-2.15957666e-03)
-1.75350701e+00 (6.30122917e-02,6.11823311e-03) (3.95967389e-03,-6.75583131e-02) (1.80028270e-02,-2.26871023e-03)
-1.73346693e+00 (6.28549032e-02,6.25662864e-03) (4.01425757e-03,-6.81136831e-02) (1.88929727e-02,-2.38325092e-03)
-1.71342685e+00 (6.26667599e-02,6.40060232e-03) (4.07008646e-03,-6.86675321e-02) (1.98254275e-02,-2.50346051e-03)
-1.69338677e+00 (6.24463093e-02,6.55040639e-03) (4.12721088e-03,-6.92195819e-02) (2.08020725e-02,-2.62961308e-03)
-1.67334669e+00 (6.21919424e-02,6.70630426e-03) (4.18568341e-03,-6.97695405e-02) (2.18248616e-02,-2.76199565e-03)
-1.65330661e+00 (6.19019918e-02,6.86857095e-03) (4.24555901e-03,-7.03171014e-02) (2.28958235e-02,-2.90090879e-03)
-1.63326653e+00 (6.15747320e-02,7.03749351e-03) (4.30689511e-03,-7.08619432e-02) (2.40170637e-02,-3.04666722e-03)
-1.61322645e+00 (6.12083778e-02,7.21337154e-03) (4.36975173e-03,-7.14037288e-02) (2.51907664e-02,-3.19960052e-03)
-1.59318637e+00 (6.08010838e-02,7.39651769e-03) (4.43419160e-03,-7.19421054e-02) (2.64191962e-02,-3.36005384e-03)
-1.57314629e+00 (6.03509442e-02,7.58725811e-03) (4.50028026e-03,-7.24767035e-02) (2.77046999e-02,-3.52838864e-03)
-1.55310621e+00 (5.98559922e-02,7.78593304e-03) (4.56808618e-03,-7.30071363e-02) (2.90497085e-02,-3.70498351e-03)
-1.53306613e+00 (5.93141998e-02,7.99289735e-03) (4.63768091e-03,-7.35329998e-02) (3.04567383e-02,-3.89023503e-03)
-1.51302605e+00 (5.87234777e-02,8.20852106e-03) (4.70913919e-03,-7.40538715e-02) (3.19283930e-02,-4.08455865e-03)
-1.49298597e+00 (5.80816759e-02,8.43318998e-03) (4.78253910e-03,-7.45693103e-02) (3.34673649e-02,-4.28838968e-03)
-1.47294589e+00 (5.73865835e-02,8.66730631e-03) (4.85796218e-03,-7.50788559e-02) (3.50764365e-02,-4.50218429e-03)
-1.45290581e+00 (5.66359300e-02,8.91128926e-03) (4.93549361e-03,-7.55820282e-02) (3.67584814e-02,-4.72642067e-03)
-1.43286573e+00 (5.58273856e-02,9.16557571e-03) (5.01522233e-03,-7.60783269e-02) (3.85164659e-02,-4.96160020e-03)
-1.41282565e+00 (5.49585629e-02,9.43062094e-03) (5.09724122e-03,-7.65672306e-02) (4.03534500e-02,-5.20824873e-03)
-1.39278557e+00 (5.40270184e-02,9.70689932e-03) (5.18164727e-03,-7.70481968e-02) (4.22725879e-02,-5.46691798e-03)
-1.37274549e+00 (5.30302538e-02,9.99490506e-03) (5.26854173e-03,-7.75206613e-02) (4.42771292e-02,-5.73818704e-03)
-1.35270541e+00 (5.19657190e-02,1.02951531e-02) (5.35803031e-03,-7.79840373e-02) (4.63704194e-02,-6.02266402e-03)
-1.33266533e+00 (5.08308140e-02,1.06081797e-02) (5.45022333e-03,-7.84377156e-02) (4.85559002e-02,-6.32098782e-03)
-1.31262525e+00 (4.96228923e-02,1.09345438e-02) (5.54523598e-03,-7.88810637e-02) (5.08371102e-02,-6.63383011e-03)
-1.29258517e+00 (4.83392643e-02,1.12748275e-02) (5.64318845e-03,-7.93134254e-02) (5.32176848e-02,-6.96189745e-03)
-1.27254509e+00 (4.69772007e-02,1.16296372e-02) (5.74420618e-03,-7.97341209e-02) (5.57013563e-02,-7.30593369e-03)
-1.25250501e+00 (4.55339376e-02,1.19996050e-02) (5.84842008e-03,-8.01424459e-02) (5.82919537e-02,-7.66672256e-03)
-1.23246493e+00 (4.40066805e-02,1.23853893e-02) (5.95596675e-03,-8.05376717e-02) (6.09934028e-02,-8.04509060e-03)
-1.21242485e+00 (4.23926104e-02,1.27876768e-02) (6.06698870e-03,-8.09190448e-02) (6.38097256e-02,-8.44191035e-03)
-1.19238477e+00 (4.06888888e-02,1.32071830e-02) (6.18163464e-03,-8.12857866e-02) (6.67450400e-02,-8.85810396e-03)
-1.17234469e+00 (3.88926648e-02,1.36446545e-02) (6.30005975e-03,-8.16370936e-02) (6.98035593e-02,-9.29464724e-03)
-1.15230461e+00 (3.70010816e-02,1.41008703e-02) (6.42242588e-03,-8.19721369e-02) (7.29895917e-02,-9.75257410e-03)
-1.13226453e+00 (3.50112840e-02,1.45766434e-02) (6.54890196e-03,-8.22900626e-02) (7.63075404e-02,-1.02329817e-02)
-1.11222445e+00 (3.29204266e-02,1.50728234e-02) (6.67966420e-03,-8.25899914e-02) (7.97619024e-02,-1.07370361e-02)
-1.09218437e+00 (3.07256820e-02,1.55902981e-02) (6.81489651e-03,-8.28710190e-02) (8.33572692e-02,-1.12659789e-02)
-1.07214429e+00 (2.84242502e-02,1.61299966e-02) (6.95479079e-03,-8.31322165e-02) (8.70983266e-02,-1.18211343e-02)
-1.05210421e+00 (2.60133678e-02,1.66928917e-02) (7.09954731e-03,-8.33726302e-02) (9.09898554e-02,-1.24039177e-02)
-1.03206413e+00 (2.34903182e-02,1.72800033e-02) (7.24937516e-03,-8.35912821e-02) (9.50367322e-02,-1.30158450e-02)
-1.01202405e+00 (2.08524423e-02,1.78924020e-02) (7.40449262e-03,-8.37871707e-02) (9.92439313e-02,-1.36585436e-02)
-9.91983968e-01 (1.80971491e-02,1.85312133e-02) (7.56512765e-03,-8.39592713e-02) (1.03616527e-01,-1.43337649e-02)
-9.71943888e-01 (1.52219268e-02,1.91976225e-02) (7.73151840e-03,-8.41065364e-02) (1.08159698e-01,-1.50433980e-02)
-9.51903808e-01 (1.22243549e-02,1.98928797e-02) (7.90391375e-03,-8.42278971e-02) (1.12878731e-01,-1.57894870e-02)
-9.31863727e-01 (9.10211560e-03,2.06183064e-02) (8.08257391e-03,-8.43222632e-02) (1.17779027e-01,-1.65742488e-02)
-9.11823647e-01 (5.85300582e-03,2.13753027e-02) (8.26777108e-03,-8.43885248e-02) (1.22866110e-01,-1.74000956e-02)
-8.91783567e-01 (2.47494958e-03,2.21653550e-02) (8.45979017e-03,-8.44255530e-02) (1.28145637e-01,-1.82696597e-02)
-8.71743487e-01 (-1.03399004e-03,2.29900453e-02) (8.65892963e-03,-8.44322010e-02) (1.33623411e-01,-1.91858228e-02)
-8.51703407e-01 (-4.67559897e-03,2.38510619e-02) (8.86550228e-03,-8.44073058e-02) (1.39305395e-01,-2.01517498e-02)
-8.31663327e-01 (-8.45150055e-03,2.47502102e-02) (9.07983634e-03,-8.43496893e-02) (1.45197732e-01,-2.11709283e-02)
-8.11623246e-01 (-1.23631450e-02,2.56894256e-02) (9.30227653e-03,-8.42581597e-02) (1.51306769e-01,-2.22472149e-02)
-7.91583166e-01 (-1.64118003e-02,2.66707876e-02) (9.53318521e-03,-8.41315133e-02) (1.57639081e-01,-2.33848886e-02)
-7.71543086e-01 (-2.05985453e-02,2.76965357e-02) (9.77294377e-03,-8.39685358e-02) (1.64201505e-01,-2.45887150e-02)
-7.51503006e-01 (-2.49242668e-02,2.87690867e-02) (1.00219541e-02,-8.37680047e-02) (1.71001180e-01,-2.58640203e-02)
-7.31462926e-01 (-2.93896611e-02,2.98910562e-02) (1.02806403e-02,-8.35286900e-02) (1.78045585e-01,-2.72167795e-02)
-7.11422846e-01 (-3.39952438e-02,3.10652847e-02) (1.05494504e-02,-8.32493567e-02) (1.85342596e-01,-2.86537209e-02)
-6.91382766e-01 (-3.87413668e-02,3.22948716e-02) (1.08288586e-02,-8.29287659e-02) (1.92900539e-01,-3.01824495e-02)
-6.71342685e-01 (-4.36282483e-02,3.35832219e-02) (1.11193675e-02,-8.25656763e-02) (2.00728258e-01,-3.18115937e-02)
-6.51302605e-01 (-4.86560128e-02,3.49341104e-02) (1.14215116e-02,-8.21588453e-02) (2.08835188e-01,-3.35509806e-02)
-6.31262525e-01 (-5.38247442e-02,3.63517739e-02) (1.17358601e-02,-8.17070293e-02) (2.17231434e-01,-3.54118436e-02)
-6.11222445e-01 (-5.91345472e-02,3.78410394e-02) (1.20630220e-02,-8.12089842e-02) (2.25927859e-01,-3.74070709e-02)
-5.91182365e-01 (-6.45856114e-02,3.94075015e-02) (1.24036520e-02,-8.06634646e-02) (2.34936177e-01,-3.95515014e-02)
-5.71142285e-01 (-7.01782655e-02,4.10577617e-02) (1.27584578e-02,-8.00692229e-02) (2.44269057e-01,-4.18622783e-02)
-5.51102204e-01 (-7.59130041e-02,4.27997429e-02) (1.31282104e-02,-7.94250080e-02) (2.53940214e-01,-4.43592708e-02)
-5.31062124e-01 (-8.17904611e-02,4.46430856e-02) (1.35137575e-02,-7.87295638e-02) (2.63964524e-01,-4.70655801e-02)
-5.11022044e-01 (-8.78112939e-02,4.65996338e-02) (1.39160401e-02,-7.79816277e-02) (2.74358115e-01,-5.00081469e-02)
-4.90981964e-01 (-9.39759395e-02,4.86839993e-02) (1.43361149e-02,-7.71799320e-02) (2.85138469e-01,-5.32184841e-02)
-4.70941884e-01 (-1.00284191e-01,5.09141870e-02) (1.47751810e-02,-7.63232066e-02) (2.96324506e-01,-5.67335700e-02)
-4.50901804e-01 (-1.06734549e-01,5.33122420e-02) (1.52346126e-02,-7.54101873e-02) (3.07936652e-01,-6.05969452e-02)
-4.30861723e-01 (-1.13323300e-01,5.59048566e-02) (1.57159978e-02,-7.44396306e-02) (3.19996886e-01,-6.48600829e-02)
-4.10821643e-01 (-1.20043286e-01,5.87238553e-02) (1.62211821e-02,-7.34103377e-02) (3.32528727e-01,-6.95841332e-02)
-3.90781563e-01 (-1.26882358e-01,6.18064492e-02) (1.67523150e-02,-7.23211913e-02) (3.45557136e-01,-7.48421965e-02)
-3.70741483e-01 (-1.33821528e-01,6.51951368e-02) (1.73118987e-02,-7.11712073e-02) (3.59108188e-01,-8.07223582e-02)
-3.50701403e-01 (-1.40832874e-01,6.89371129e-02) (1.79028328e-02,-6.99596034e-02) (3.73208285e-01,-8.73318104e-02)
-3.30661323e-01 (-1.47877323e-01,7.30830531e-02) (1.85284522e-02,-6.86858881e-02) (3.87882362e-01,-9.48024535e-02)
-3.10621242e-01 (-1.54902454e-01,7.76851572e-02) (1.91925510e-02,-6.73499687e-02) (4.03150147e-01,-1.03298326e-01)
-2.90581162e-01 (-1.61840562e-01,8.27943725e-02) (1.98993851e-02,-6.59522788e-02) (4.19018914e-01,-1.13024888e-01)
-2.70541082e-01 (-1.68607226e-01,8.84567790e-02) (2.06536476e-02,-6.44939206e-02) (4.35470564e-01,-1.24239366e-01)
-2.50501002e-01 (-1.75100705e-01,9.47091991e-02) (2.14604079e-02,-6.29768174e-02) (4.52440549e-01,-1.37259904e-01)
-2.30460922e-01 (-1.81202455e-01,1.01574195e-01) (2.23250088e-02,-6.14038669e-02) (4.69786698e-01,-1.52469166e-01)
-2.10420842e-01 (-1.86779067e-01,1.09054734e-01) (2.32529177e-02,-5.97790843e-02) (4.87248016e-01,-1.70305791e-01)
-1.90380762e-01 (-1.91685854e-01,1.17128927e-01) (2.42495298e-02,-5.81077217e-02) (5.04397434e-01,-1.91235682e-01)
-1.70340681e-01 (-1.95772185e-01,1.25745346e-01) (2.53199263e-02,-5.63963476e-02) (5.20597920e-01,-2.15695996e-01)
-1.50300601e-01 (-1.98888549e-01,1.34819527e-01) (2.64685950e-02,-5.46528723e-02) (5.34977016e-01,-2.44009234e-01)
-1.30260521e-01 (-2.00895045e-01,1.44232283e-01) (2.76991263e-02,-5.28865028e-02) (5.46438106e-01,-2.76273393e-01)
-1.10220441e-01 (-2.01670827e-01,1.53830406e-01) (2.90139046e-02,-5.11076182e-02) (5.53724787e-01,-3.12245460e-01)
-9.01803607e-02 (-2.01123738e-01,1.63430182e-01) (3.04138167e-02,-4.93275583e-02) (5.55545504e-01,-3.51246028e-01)
-7.01402806e-02 (-1.99199200e-01,1.72823891e-01) (3.18980051e-02,-4.75583284e-02) (5.50749744e-01,-3.92117718e-01)
-5.01002004e-02 (-1.95887329e-01,1.81789117e-01) (3.34636909e-02,-4.58122314e-02) (5.38528321e-01,-4.33265182e-01)
-3.00601202e-02 (-1.91227292e-01,1.90100275e-01) (3.51060912e-02,-4.41014470e-02) (5.18595276e-01,-4.72788241e-01)
-1.00200401e-02 (-1.85308156e-01,1.97541428e-01) (3.68184464e-02,-4.24375870e-02) (4.91304461e-01,-5.08695539e-01)
1.00200401e-02 (-1.78265836e-01,2.03919151e-01) (3.85921630e-02,-4.08312594e-02) (4.57664084e-01,-5.39161210e-01)
3.00601202e-02 (-1.70276263e-01,2.09074116e-01) (4.04170677e-02,-3.92916773e-02) (4.19236063e-01,-5.62770739e-01)
5.01002004e-02 (-1.61545346e-01,2.12890183e-01) (4.22817555e-02,-3.78263440e-02) (3.77936944e-01,-5.78701250e-01)
7.01402806e-02 (-1.52296764e-01,2.15300057e-01) (4.41740035e-02,-3.64408390e-02) (3.35783300e-01,-5.86797377e-01)
9.01803607e-02 (-1.42758868e-01,2.16287050e-01) (4.60812190e-02,-3.51387181e-02) (2.94637759e-01,-5.87531421e-01)
1.10220441e-01 (-1.33152009e-01,2.15882974e-01) (4.79908848e-02,-3.39215312e-02) (2.56007913e-01,-5.81866235e-01)
1.30260521e-01 (-1.23677499e-01,2.14162664e-01) (4.98909695e-02,-3.27889454e-02) (2.20931804e-01,-5.71061056e-01)
1.50300601e-01 (-1.14509048e-01,2.11235976e-01) (5.17702764e-02,-3.17389579e-02) (1.89957905e-01,-5.56468246e-01)
1.70340681e-01 (-1.05787174e-01,2.07238304e-01) (5.36187130e-02,-3.07681705e-02) (1.63203903e-01,-5.39362071e-01)
1.90380762e-01 (-9.76166573e-02,2.02320637e-01) (5.54274718e-02,-2.98721005e-02) (1.40463931e-01,-5.20824098e-01)
2.10420842e-01 (-9.00667770e-02,1.96640105e-01) (5.71891248e-02,-2.90455006e-02) (1.21330866e-01,-5.01690654e-01)
2.30460922e-01 (-8.31738265e-02,1.90351678e-01) (5.88976376e-02,-2.82826655e-02) (1.05306748e-01,-4.82552460e-01)
2.50501002e-01 (-7.69452930e-02,1.83601501e-01) (6.05483170e-02,-2.75777076e-02) (9.18857582e-02,-4.63788464e-01)
2.70541082e-01 (-7.13650419e-02,1.76522036e-01) (6.21377074e-02,-2.69247893e-02) (8.06056173e-02,-4.45615044e-01)
2.90581162e-01 (-6.63989090e-02,1.69229018e-01) (6.36634534e-02,-2.63183077e-02) (7.10714860e-02,-4.28135866e-01)
3.10621242e-01 (-6.20001997e-02,1.61820052e-01) (6.51241418e-02,-2.57530282e-02) (6.29603995e-02,-4.11383730e-01)
3.30661323e-01 (-5.81147185e-02,1.54374592e-01) (6.65191395e-02,-2.52241719e-02) (5.60146017e-02,-3.95351232e-01)
3.50701403e-01 (-5.46850778e-02,1.46954980e-01) (6.78484357e-02,-2.47274606e-02) (5.00303570e-02,-3.80010832e-01)
3.70741483e-01 (-5.16541541e-02,1.39608221e-01) (6.91124973e-02,-2.42591282e-02) (4.48463782e-02,-3.65326693e-01)
3.90781563e-01 (-4.89676588e-02,1.32368193e-01) (7.03121431e-02,-2.38159046e-02) (4.03338742e-02,-3.51260967e-01)
4.10821643e-01 (-4.65758696e-02,1.25258014e-01) (7.14484378e-02,-2.33949815e-02) (3.63887859e-02,-3.37776794e-01)
4.30861723e-01 (-4.44346198e-02,1.18292383e-01) (7.25226081e-02,-2.29939665e-02) (3.29260353e-02,-3.24839520e-01)
4.50901804e-01 (-4.25056799e-02,1.11479713e-01) (7.35359783e-02,-2.26108307e-02) (2.98753457e-02,-3.12417086e-01)
4.70941884e-01 (-4.07566740e-02,1.04823981e-01) (7.44899235e-02,-2.22438562e-02) (2.71781902e-02,-3.00480044e-01)
4.90981964e-01 (-3.91606735e-02,9.83262459e-02) (7.53858380e-02,-2.18915856e-02) (2.47855188e-02,-2.89001439e-01)
5.11022044e-01 (-3.76955930e-02,9.19858222e-02) (7.62251157e-02,-2.15527763e-02) (2.26560223e-02,-2.77956641e-01)
5.31062124e-01 (-3.63434952e-02,8.58011362e-02) (7.70091389e-02,-2.12263604e-02) (2.07547726e-02,-2.67323171e-01)
5.51102204e-01 (-3.50898829e-02,7.97703097e-02) (7.77392736e-02,-2.09114119e-02) (1.90521382e-02,-2.57080519e-01)
5.71142285e-01 (-3.39230353e-02,7.38915179e-02) (7.84168691e-02,-2.06071189e-02) (1.75229039e-02,-2.47209972e-01)
5.91182365e-01 (-3.28334214e-02,6.81631779e-02) (7.90432590e-02,-2.03127621e-02) (1.61455512e-02,-2.37694447e-01)
6.11222445e-01 (-3.18132061e-02,6.25840144e-02) (7.96197647e-02,-2.00276978e-02) (1.49016632e-02,-2.28518329e-01)
6.31262525e-01 (-3.08558527e-02,5.71530481e-02) (8.01476976e-02,-1.97513451e-02) (1.37754324e-02,-2.19667321e-01)
6.51302605e-01 (-2.99558125e-02,5.18695378e-02) (8.06283614e-02,-1.94831755e-02) (1.27532497e-02,-2.11128299e-01)
6.71342685e-01 (-2.91082926e-02,4.67329021e-02) (8.10630546e-02,-1.92227060e-02) (1.18233636e-02,-2.02889180e-01)
6.91382766e-01 (-2.83090854e-02,4.17426392e-02) (8.14530707e-02,-1.89694929e-02) (1.09755937e-02,-1.94938797e-01)
7.11422846e-01 (-2.75544465e-02,3.68982518e-02) (8.17996992e-02,-1.87231273e-02) (1.02010935e-02,-1.87266791e-01)
7.31462926e-01 (-2.68410094e-02,3.21991869e-02) (8.21042250e-02,-1.84832315e-02) (9.49215043e-03,-1.79863511e-01)
7.51503006e-01 (-2.61657245e-02,2.76447876e-02) (8.23679278e-02,-1.82494561e-02) (8.84201940e-03,-1.72719917e-01)
7.71543086e-01 (-2.55258163e-02,2.32342606e-02) (8.25920807e-02,-1.80214772e-02) (8.24478319e-03,-1.65827509e-01)
7.91583166e-01 (-2.49187506e-02,1.89666542e-02) (8.27779496e-02,-1.77989945e-02) (7.69523507e-03,-1.59178253e-01)
8.11623246e-01 (-2.43422101e-02,1.48408473e-02) (8.29267909e-02,-1.75817287e-02) (7.18878005e-03,-1.52764519e-01)
8.31663327e-01 (-2.37940729e-02,1.08555451e-02) (8.30398504e-02,-1.73694203e-02) (6.72135162e-03,-1.46579033e-01)
8.51703407e-01 (-2.32723950e-02,7.00928038e-03) (8.31183619e-02,-1.71618277e-02) (6.28934116e-03,-1.40614829e-01)
8.71743487e-01 (-2.27753936e-02,3.30041873e-03) (8.31635452e-02,-1.69587255e-02) (5.88953811e-03,-1.34865211e-01)
8.91783567e-01 (-2.23014326e-02,-2.72833641e-04) (8.31766053e-02,-1.67599036e-02) (5.51907888e-03,-1.29323720e-01)
9.11823647e-01 (-2.18490085e-02,-3.71242067e-03) (8.31587305e-02,-1.65651656e-02) (5.17540326e-03,-1.23984110e-01)
9.31863727e-01 (-2.14167384e-02,-7.02042615e-03) (8.31110912e-02,-1.63743277e-02) (4.85621695e-03,-1.18840322e-01)
9.51903808e-01 (-2.10033481e-02,-1.01990628e-02) (8.30348389e-02,-1.61872181e-02) (4.55945946e-03,-1.13886466e-01)
9.71943888e-01 (-2.06076622e-02,-1.32506611e-02) (8.29311053e-02,-1.60036754e-02) (4.28327623e-03,-1.09116808e-01)
9.91983968e-01 (-2.02285947e-02,-1.61776582e-02) (8.28010006e-02,-1.58235486e-02) (4.02599470e-03,-1.04525752e-01)
1.01202405e+00 (-1.98651406e-02,-1.89825864e-02) (8.26456134e-02,-1.56466955e-02) (3.78610340e-03,-1.00107837e-01)
1.03206413e+00 (-1.95163687e-02,-2.16680621e-02) (8.24660093e-02,-1.54729826e-02) (3.56223384e-03,-9.58577235e-02)
1.05210421e+00 (-1.91814150e-02,-2.42367748e-02) (8.22632307e-02,-1.53022844e-02) (3.35314471e-03,-9.17701878e-02)
1.07214429e+00 (-1.88594769e-02,-2.66914766e-02) (8.20382958e-02,-1.51344825e-02) (3.15770804e-03,-8.78401195e-02)
1.09218437e+00 (-1.85498078e-02,-2.90349714e-02) (8.17921984e-02,-1.49694656e-02) (2.97489713e-03,-8.40625159e-02)
1.11222445e+00 (-1.82517126e-02,-3.12701052e-02) (8.15259071e-02,-1.48071286e-02) (2.80377589e-03,-8.04324800e-02)
1.13226453e+00 (-1.79645436e-02,-3.33997561e-02) (8.12403656e-02,-1.46473723e-02) (2.64348950e-03,-7.69452181e-02)
1.15230461e+00 (-1.76876966e-02,-3.54268255e-02) (8.09364918e-02,-1.44901030e-02) (2.49325617e-03,-7.35960384e-02)
1.17234469e+00 (-1.74206074e-02,-3.73542287e-02) (8.06151780e-02,-1.43352323e-02) (2.35235986e-03,-7.03803506e-02)
1.19238477e+00 (-1.71627490e-02,-3.91848873e-02) (8.02772907e-02,-1.41826764e-02) (2.22014381e-03,-6.72936648e-02)
1.21242485e+00 (-1.69136284e-02,-4.09217211e-02) (7.99236707e-02,-1.40323562e-02) (2.09600481e-03,-6.43315917e-02)
1.23246493e+00 (-1.66727845e-02,-4.25676409e-02) (7.95551330e-02,-1.38841966e-02) (1.97938815e-03,-6.14898421e-02)
1.25250501e+00 (-1.64397855e-02,-4.41255418e-02) (7.91724670e-02,-1.37381266e-02) (1.86978303e-03,-5.87642273e-02)
1.27254509e+00 (-1.62142269e-02,-4.55982970e-02) (7.87764366e-02,-1.35940789e-02) (1.76671858e-03,-5.61506586e-02)
1.29258517e+00 (-1.59957294e-02,-4.69887523e-02) (7.83677804e-02,-1.34519894e-02) (1.66976018e-03,-5.36451478e-02)
1.31262525e+00 (-1.57839371e-02,-4.82997206e-02) (7.79472123e-02,-1.33117975e-02) (1.57850625e-03,-5.12438073e-02)
1.33266533e+00 (-1.55785164e-02,-4.95339777e-02) (7.75154211e-02,-1.31734456e-02) (1.49258535e-03,-4.89428495e-02)
1.35270541e+00 (-1.53791535e-02,-5.06942577e-02) (7.70730716e-02,-1.30368789e-02) (1.41165355e-03,-4.67385868e-02)
1.37274549e+00 (-1.51855540e-02,-5.17832492e-02) (7.66208046e-02,-1.29020452e-02) (1.33539209e-03,-4.46274319e-02)
1.39278557e+00 (-1.49974409e-02,-5.28035924e-02) (7.61592373e-02,-1.27688949e-02) (1.26350526e-03,-4.26058966e-02)
1.41282565e+00 (-1.48145538e-02,-5.37578761e-02) (7.56889640e-02,-1.26373809e-02) (1.19571847e-03,-4.06705917e-02)
1.43286573e+00 (-1.46366478e-02,-5.46486349e-02) (7.52105562e-02,-1.25074581e-02) (1.13177652e-03,-3.88182264e-02)
1.45290581e+00 (-1.44634923e-02,-5.54783473e-02) (7.47245634e-02,-1.23790837e-02) (1.07144206e-03,-3.70456072e-02)
1.47294589e+00 (-1.42948701e-02,-5.62494342e-02) (7.42315135e-02,-1.22522166e-02) (1.01449414e-03,-3.53496372e-02)
1.49298597e+00 (-1.41305766e-02,-5.69642569e-02) (7.37319131e-02,-1.21268179e-02) (9.60726905e-04,-3.37273153e-02)
1.51302605e+00 (-1.39704190e-02,-5.76251164e-02) (7.32262485e-02,-1.20028502e-02) (9.09948444e-04,-3.21757345e-02)
1.53306613e+00 (-1.38142155e-02,-5.82342524e-02) (7.27149857e-02,-1.18802778e-02) (8.61979712e-04,-3.06920808e-02)
1.55310621e+00 (-1.36617946e-02,-5.87938425e-02) (7.21985715e-02,-1.17590666e-02) (8.16653544e-04,-2.92736321e-02)
1.57314629e+00 (-1.35129946e-02,-5.93060024e-02) (7.16774334e-02,-1.16391841e-02) (7.73813771e-04,-2.79177566e-02)
1.59318637e+00 (-1.33676626e-02,-5.97727852e-02) (7.11519810e-02,-1.15205988e-02) (7.33314398e-04,-2.66219108e-02)
1.61322645e+00 (-1.32256546e-02,-6.01961817e-02) (7.06226055e-02,-1.14032810e-02) (6.95018860e-04,-2.53836384e-02)
1.63326653e+00 (-1.30868340e-02,-6.05781207e-02) (7.00896812e-02,-1.12872018e-02) (6.58799335e-04,-2.42005683e-02)
1.65330661e+00 (-1.29510723e-02,-6.09204693e-02) (6.95535656e-02,-1.11723338e-02) (6.24536121e-04,-2.30704130e-02)
1.67334669e+00 (-1.28182476e-02,-6.12250335e-02) (6.90145997e-02,-1.10586504e-02) (5.92117050e-04,-2.19909663e-02)
1.69338677e+00 (-1.26882448e-02,-6.14935591e-02) (6.84731094e-02,-1.09461264e-02) (5.61436965e-04,-2.09601019e-02)
1.71342685e+00 (-1.25609549e-02,-6.17277320e-02) (6.79294048e-02,-1.08347372e-02) (5.32397229e-04,-1.99757713e-02)
1.73346693e+00 (-1.24362748e-02,-6.19291798e-02) (6.73837819e-02,-1.07244595e-02) (5.04905276e-04,-1.90360019e-02)
1.75350701e+00 (-1.23141069e-02,-6.20994722e-02) (6.68365223e-02,-1.06152706e-02) (4.78874193e-04,-1.81388947e-02)
1.77354709e+00 (-1.21943588e-02,-6.22401223e-02) (6.62878942e-02,-1.05071488e-02) (4.54222341e-04,-1.72826227e-02)
1.79358717e+00 (-1.20769427e-02,-6.23525881e-02) (6.57381525e-02,-1.04000732e-02) (4.30873000e-04,-1.64654289e-02)
1.81362725e+00 (-1.19617756e-02,-6.24382729e-02) (6.51875397e-02,-1.02940235e-02) (4.08754040e-04,-1.56856238e-02)
1.83366733e+00 (-1.18487788e-02,-6.24985276e-02) (6.46362859e-02,-1.01889802e-02) (3.87797622e-04,-1.49415839e-02)
1.85370741e+00 (-1.17378776e-02,-6.25346510e-02) (6.40846098e-02,-1.00849246e-02) (3.67939914e-04,-1.42317496e-02)
1.87374749e+00 (-1.16290011e-02,-6.25478917e-02) (6.35327185e-02,-9.98183843e-03) (3.49120833e-04,-1.35546231e-02)
1.89378758e+00 (-1.15220819e-02,-6.25394494e-02) (6.29808087e-02,-9.87970418e-03) (3.31283802e-04,-1.29087665e-02)
1.91382766e+00 (-1.14170563e-02,-6.25104761e-02) (6.24290664e-02,-9.77850486e-03) (3.14375531e-04,-1.22927997e-02)
1.93386774e+00 (-1.13138634e-02,-6.24620774e-02) (6.18776679e-02,-9.67822402e-03) (2.98345804e-04,-1.17053988e-02)
1.95390782e+00 (-1.12124456e-02,-6.23953143e-02) (6.13267798e-02,-9.57884578e-03) (2.83147286e-04,-1.11452941e-02)
1.97394790e+00 (-1.11127481e-02,-6.23112040e-02) (6.07765594e-02,-9.48035469e-03) (2.68735348e-04,-1.06112681e-02)
1.99398798e+00 (-1.10147188e-02,-6.22107218e-02) (6.02271556e-02,-9.38273584e-03) (2.55067893e-04,-1.01021537e-02)
2.01402806e+00 (-1.09183079e-02,-6.20948019e-02) (5.96787085e-02,-9.28597471e-03) (2.42105206e-04,-9.61683249e-03)
2.03406814e+00 (-1.08234682e-02,-6.19643395e-02) (5.91313503e-02,-9.19005724e-03) (2.29809805e-04,-9.15423316e-03)
2.05410822e+00 (-1.07301549e-02,-6.18201912e-02) (5.85852055e-02,-9.09496977e-03) (2.18146307e-04,-8.71332949e-03)
2.07414830e+00 (-1.06383251e-02,-6.16631771e-02) (5.80403912e-02,-9.00069904e-03) (2.07081300e-04,-8.29313885e-03)
2.09418838e+00 (-1.05479380e-02,-6.14940818e-02) (5.74970173e-02,-8.90723212e-03) (1.96583227e-04,-7.89272053e-03)
2.11422846e+00 (-1.04589546e-02,-6.13136555e-02) (5.69551870e-02,-8.81455647e-03) (1.86622274e-04,-7.51117417e-03)
2.13426854e+00 (-1.03713380e-02,-6.11226155e-02) (5.64149972e-02,-8.72265986e-03) (1.77170266e-04,-7.14763823e-03)
2.15430862e+00 (-1.02850527e-02,-6.09216472e-02) (5.58765382e-02,-8.63153041e-03) (1.68200575e-04,-6.80128846e-03)
2.17434870e+00 (-1.02000651e-02,-6.07114055e-02) (5.53398949e-02,-8.54115651e-03) (1.59688023e-04,-6.47133648e-03)
2.19438878e+00 (-1.01163428e-02,-6.04925159e-02) (5.48051462e-02,-8.45152686e-03) (1.51608804e-04,-6.15702832e-03)
2.21442886e+00 (-1.00338551e-02,-6.02655755e-02) (5.42723657e-02,-8.36263043e-03) (1.43940400e-04,-5.85764311e-03)
2.23446894e+00 (-9.95257261e-03,-6.00311541e-02) (5.37416218e-02,-8.27445646e-03) (1.36661508e-04,-5.57249171e-03)
2.25450902e+00 (-9.87246724e-03,-5.97897955e-02) (5.32129782e-02,-8.18699445e-03) (1.29751973e-04,-5.30091547e-03)
2.27454910e+00 (-9.79351211e-03,-5.95420184e-02) (5.26864937e-02,-8.10023412e-03) (1.23192720e-04,-5.04228494e-03)
2.29458918e+00 (-9.71568154e-03,-5.92883174e-02) (5.21622227e-02,-8.01416545e-03) (1.16965692e-04,-4.79599869e-03)
2.31462926e+00 (-9.63895093e-03,-5.90291637e-02) (5.16402153e-02,-7.92877863e-03) (1.11053795e-04,-4.56148218e-03)
2.33466934e+00 (-9.56329676e-03,-5.87650067e-02) (5.11205176e-02,-7.84406405e-03) (1.05440844e-04,-4.33818661e-03)
2.35470942e+00 (-9.48869649e-03,-5.84962744e-02) (5.06031719e-02,-7.76001231e-03) (1.00111510e-04,-4.12558786e-03)
2.37474950e+00 (-9.41512852e-03,-5.82233744e-02) (5.00882166e-02,-7.67661422e-03) (9.50512734e-05,-3.92318544e-03)
2.39478958e+00 (-9.34257216e-03,-5.79466946e-02) (4.95756868e-02,-7.59386077e-03) (9.02463793e-05,-3.73050149e-03)
2.41482966e+00 (-9.27100758e-03,-5.76666046e-02) (4.90656142e-02,-7.51174310e-03) (8.56837955e-05,-3.54707982e-03)
2.43486974e+00 (-9.20041575e-03,-5.73834557e-02) (4.85580273e-02,-7.43025256e-03) (8.13511726e-05,-3.37248499e-03)
2.45490982e+00 (-9.13077840e-03,-5.70975823e-02) (4.80529515e-02,-7.34938065e-03) (7.72368064e-05,-3.20630141e-03)
2.47494990e+00 (-9.06207801e-03,-5.68093024e-02) (4.75504094e-02,-7.26911903e-03) (7.33296029e-05,-3.04813248e-03)
2.49498998e+00 (-8.99429775e-03,-5.65189182e-02) (4.70504210e-02,-7.18945949e-03) (6.96190450e-05,-2.89759975e-03)
2.51503006e+00 (-8.92742144e-03,-5.62267170e-02) (4.65530034e-02,-7.11039401e-03) (6.60951617e-05,-2.75434218e-03)
2.53507014e+00 (-8.86143354e-03,-5.59329716e-02) (4.60581716e-02,-7.03191466e-03) (6.27484981e-05,-2.61801531e-03)
2.55511022e+00 (-8.79631912e-03,-5.56379415e-02) (4.55659378e-02,-6.95401368e-03) (5.95700879e-05,-2.48829058e-03)
2.57515030e+00 (-8.73206379e-03,-5.53418726e-02) (4.50763124e-02,-6.87668342e-03) (5.65514274e-05,-2.36485459e-03)
2.59519038e+00 (-8.66865372e-03,-5.50449986e-02) (4.45893035e-02,-6.79991638e-03) (5.36844504e-05,-2.24740849e-03)
2.61523046e+00 (-8.60607559e-03,-5.47475412e-02) (4.41049171e-02,-6.72370514e-03) (5.09615051e-05,-2.13566724e-03)
2.63527054e+00 (-8.54431659e-03,-5.44497108e-02) (4.36231575e-02,-6.64804242e-03) (4.83753325e-05,-2.02935909e-03)
2.65531062e+00 (-8.48336435e-03,-5.41517066e-02) (4.31440270e-02,-6.57292107e-03) (4.59190446e-05,-1.92822491e-03)
2.67535070e+00 (-8.42320697e-03,-5.38537178e-02) (4.26675264e-02,-6.49833399e-03) (4.35861061e-05,-1.83201766e-03)
2.69539078e+00 (-8.36383295e-03,-5.35559235e-02) (4.21936546e-02,-6.42427425e-03) (4.13703147e-05,-1.74050185e-03)
2.71543086e+00 (-8.30523123e-03,-5.32584933e-02) (4.17224092e-02,-6.35073497e-03) (3.92657844e-05,-1.65345300e-03)
2.73547094e+00 (-8.24739112e-03,-5.29615880e-02) (4.12537863e-02,-6.27770939e-03) (3.72669285e-05,-1.57065714e-03)
2.75551102e+00 (-8.19030228e-03,-5.26653594e-02) (4.07877805e-02,-6.20519083e-03) (3.53684441e-05,-1.49191034e-03)
2.77555110e+00 (-8.13395476e-03,-5.23699516e-02) (4.03243852e-02,-6.13317271e-03) (3.35652975e-05,-1.41701827e-03)
2.79559118e+00 (-8.07833893e-03,-5.20755007e-02) (3.98635925e-02,-6.06164853e-03) (3.18527099e-05,-1.34579573e-03)
2.81563126e+00 (-8.02344547e-03,-5.17821351e-02) (3.94053935e-02,-5.99061188e-03) (3.02261443e-05,-1.27806624e-03)
2.83567134e+00 (-7.96926538e-03,-5.14899766e-02) (3.89497779e-02,-5.92005643e-03) (2.86812931e-05,-1.21366167e-03)
2.85571142e+00 (-7.91578996e-03,-5.11991398e-02) (3.84967347e-02,-5.84997591e-03) (2.72140662e-05,-1.15242181e-03)
2.87575150e+00 (-7.86301078e-03,-5.09097333e-02) (3.80462516e-02,-5.78036415e-03) (2.58205795e-05,-1.09419405e-03)
2.89579158e+00 (-7.81091969e-03,-5.06218591e-02) (3.75983156e-02,-5.71121504e-03) (2.44971450e-05,-1.03883298e-03)
2.91583166e+00 (-7.75950878e-03,-5.03356138e-02) (3.71529127e-02,-5.64252255e-03) (2.32402598e-05,-9.86200101e-04)
2.93587174e+00 (-7.70877041e-03,-5.00510883e-02) (3.67100282e-02,-5.57428071e-03) (2.20465975e-05,-9.36163494e-04)
2.95591182e+00 (-7.65869715e-03,-4.97683682e-02) (3.62696464e-02,-5.50648361e-03) (2.09129986e-05,-8.88597496e-04)
2.97595190e+00 (-7.60928182e-03,-4.94875341e-02) (3.58317512e-02,-5.43912542e-03) (1.98364622e-05,-8.43382428e-04)
2.99599198e+00 (-7.56051745e-03,-4.92086619e-02) (3.53963254e-02,-5.37220037e-03) (1.88141379e-05,-8.00404309e-04)
3.01603206e+00 (-7.51239726e-03,-4.89318228e-02) (3.49633514e-02,-5.30570274e-03) (1.78433180e-05,-7.59554589e-04)
3.03607214e+00 (-7.46491470e-03,-4.86570840e-02) (3.45328111e-02,-5.23962688e-03) (1.69214307e-05,-7.20729903e-04)
3.05611222e+00 (-7.41806339e-03,-4.83845083e-02) (3.41046855e-02,-5.17396719e-03) (1.60460325e-05,-6.83831817e-04)
3.07615230e+00 (-7.37183714e-03,-4.81141547e-02) (3.36789554e-02,-5.10871813e-03) (1.52148022e-05,-6.48766608e-04)
3.09619238e+00 (-7.32622993e-03,-4.78460786e-02) (3.32556008e-02,-5.04387421e-03) (1.44255346e-05,-6.15445034e-04)
3.11623246e+00 (-7.28123593e-03,-4.75803318e-02) (3.28346015e-02,-4.97942999e-03) (1.36761347e-05,-5.83782131e-04)
3.13627255e+00 (-7.23684944e-03,-4.73169628e-02) (3.24159367e-02,-4.91538010e-03) (1.29646120e-05,-5.53697005e-04)
3.15631263e+00 (-7.19306494e-03,-4.70560170e-02) (3.19995852e-02,-4.85171918e-03) (1.22890753e-05,-5.25112645e-04)
3.17635271e+00 (-7.14987707e-03,-4.67975366e-02) (3.15855253e-02,-4.78844196e-03) (1.16477276e-05,-4.97955738e-04)
3.19639279e+00 (-7.10728058e-03,-4.65415612e-02) (3.11737352e-02,-4.72554319e-03) (1.10388616e-05,-4.72156495e-04)
3.21643287e+00 (-7.06527040e-03,-4.62881275e-02) (3.07641927e-02,-4.66301769e-03) (1.04608549e-05,-4.47648483e-04)
3.23647295e+00 (-7.02384157e-03,-4.60372698e-02) (3.03568750e-02,-4.60086029e-03) (9.91216614e-06,-4.24368469e-04)
3.25651303e+00 (-6.98298925e-03,-4.57890199e-02) (2.99517594e-02,-4.53906589e-03) (9.39133044e-06,-4.02256266e-04)
3.27655311e+00 (-6.94270877e-03,-4.55434073e-02) (2.95488227e-02,-4.47762942e-03) (8.89695592e-06,-3.81254587e-04)
3.29659319e+00 (-6.90299553e-03,-4.53004593e-02) (2.91480415e-02,-4.41654586e-03) (8.42771996e-06,-3.61308913e-04)
3.31663327e+00 (-6.86384508e-03,-4.50602013e-02) (2.87493922e-02,-4.35581022e-03) (7.98236567e-06,-3.42367356e-04)
3.33667335e+00 (-6.82525306e-03,-4.48226564e-02) (2.83528508e-02,-4.29541756e-03) (7.55969869e-06,-3.24380536e-04)
3.35671343e+00 (-6.78721524e-03,-4.45878463e-02) (2.79583935e-02,-4.23536297e-03) (7.15858403e-06,-3.07301462e-04)
3.37675351e+00 (-6.74972748e-03,-4.43557906e-02) (2.75659960e-02,-4.17564158e-03) (6.77794312e-06,-2.91085416e-04)
3.39679359e+00 (-6.71278575e-03,-4.41265075e-02) (2.71756338e-02,-4.11624854e-03) (6.41675097e-06,-2.75689849e-04)
3.41683367e+00 (-6.67638611e-03,-4.39000134e-02) (2.67872825e-02,-4.05717907e-03) (6.07403355e-06,-2.61074272e-04)
3.43687375e+00 (-6.64052474e-03,-4.36763234e-02) (2.64009174e-02,-3.99842839e-03) (5.74886521e-06,-2.47200161e-04)
3.45691383e+00 (-6.60519787e-03,-4.34554513e-02) (2.60165136e-02,-3.93999177e-03) (5.44036628e-06,-2.34030863e-04)
3.47695391e+00 (-6.57040186e-03,-4.32374092e-02) (2.56340462e-02,-3.88186452e-03) (5.14770081e-06,-2.21531505e-04)
3.49699399e+00 (-6.53613314e-03,-4.30222084e-02) (2.52534903e-02,-3.82404195e-03) (4.87007437e-06,-2.09668909e-04)
3.51703407e+00 (-6.50238821e-03,-4.28098589e-02) (2.48748206e-02,-3.76651945e-03) (4.60673199e-06,-1.98411513e-04)
3.53707415e+00 (-6.46916369e-03,-4.26003694e-02) (2.44980121e-02,-3.70929239e-03) (4.35695623e-06,-1.87729289e-04)
3.55711423e+00 (-6.43645624e-03,-4.23937477e-02) (2.41230394e-02,-3.65235621e-03) (4.12006526e-06,-1.77593674e-04)
3.57715431e+00 (-6.40426262e-03,-4.21900009e-02) (2.37498771e-02,-3.59570635e-03) (3.89541115e-06,-1.67977497e-04)
3.59719439e+00 (-6.37257966e-03,-4.19891347e-02) (2.33785000e-02,-3.53933830e-03) (3.68237817e-06,-1.58854914e-04)
3.61723447e+00 (-6.34140427e-03,-4.17911543e-02) (2.30088825e-02,-3.48324756e-03) (3.48038118e-06,-1.50201340e-04)
3.63727455e+00 (-6.31073342e-03,-4.15960639e-02) (2.26409992e-02,-3.42742967e-03) (3.28886413e-06,-1.41993393e-04)
3.65731463e+00 (-6.28056414e-03,-4.14038671e-02) (2.22748245e-02,-3.37188019e-03) (3.10729861e-06,-1.34208836e-04)
3.67735471e+00 (-6.25089357e-03,-4.12145667e-02) (2.19103329e-02,-3.31659471e-03) (2.93518248e-06,-1.26826518e-04)
3.69739479e+00 (-6.22171886e-03,-4.10281648e-02) (2.15474989e-02,-3.26156883e-03) (2.77203859e-06,-1.19826324e-04)
3.71743487e+00 (-6.19303728e-03,-4.08446630e-02) (2.11862968e-02,-3.20679820e-03) (2.61741351e-06,-1.13189124e-04)
3.73747495e+00 (-6.16484612e-03,-4.06640622e-02) (2.08267011e-02,-3.15227848e-03) (2.47087637e-06,-1.06896729e-04)
3.75751503e+00 (-6.13714275e-03,-4.04863629e-02) (2.04686861e-02,-3.09800535e-03) (2.33201777e-06,-1.00931840e-04)
3.77755511e+00 (-6.10992459e-03,-4.03115650e-02) (2.01122263e-02,-3.04397451e-03) (2.20044866e-06,-9.52780087e-05)
3.79759519e+00 (-6.08318915e-03,-4.01396679e-02) (1.97572961e-02,-2.99018171e-03) (2.07579940e-06,-8.99195948e-05)
3.81763527e+00 (-6.05693396e-03,-3.99706708e-02) (1.94038698e-02,-2.93662268e-03) (1.95771875e-06,-8.48417277e-05)
3.83767535e+00 (-6.03115661e-03,-3.98045721e-02) (1.90519219e-02,-2.88329321e-03) (1.84587296e-06,-8.00302688e-05)
3.85771543e+00 (-6.00585478e-03,-3.96413703e-02) (1.87014268e-02,-2.83018908e-03) (1.73994496e-06,-7.54717759e-05)
3.87775551e+00 (-5.98102617e-03,-3.94810632e-02) (1.83523589e-02,-2.77730612e-03) (1.63963345e-06,-7.11534696e-05)
3.89779559e+00 (-5.95666855e-03,-3.93236484e-02) (1.80046928e-02,-2.72464015e-03) (1.54465222e-06,-6.70632011e-05)
3.91783567e+00 (-5.93277972e-03,-3.91691232e-02) (1.76584029e-02,-2.67218704e-03) (1.45472929e-06,-6.31894215e-05)
3.93787575e+00 (-5.90935756e-03,-3.90174849e-02) (1.73134638e-02,-2.61994264e-03) (1.36960632e-06,-5.95211528e-05)
3.95791583e+00 (-5.88639999e-03,-3.88687300e-02) (1.69698499e-02,-2.56790286e-03) (1.28903785e-06,-5.60479597e-05)
3.97795591e+00 (-5.86390498e-03,-3.87228554e-02) (1.66275358e-02,-2.51606361e-03) (1.21279070e-06,-5.27599238e-05)
3.99799599e+00 (-5.84187053e-03,-3.85798574e-02) (1.62864962e-02,-2.46442080e-03) (1.14064335e-06,-4.96476179e-05)
4.01803607e+00 (-5.82029472e-03,-3.84397323e-02) (1.59467057e-02,-2.41297040e-03) (1.07238540e-06,-4.67020825e-05)
4.03807615e+00 (-5.79917566e-03,-3.83024761e-02) (1.56081390e-02,-2.36170835e-03) (1.00781694e-06,-4.39148026e-05)
4.05811623e+00 (-5.77851150e-03,-3.81680849e-02) (1.52707706e-02,-2.31063064e-03) (9.46748122e-07,-4.12776861e-05)
4.07815631e+00 (-5.75830044e-03,-3.80365546e-02) (1.49345755e-02,-2.25973325e-03) (8.88998601e-07,-3.87830435e-05)
4.09819639e+00 (-5.73854074e-03,-3.79078807e-02) (1.45995284e-02,-2.20901221e-03) (8.34397088e-07,-3.64235677e-05)
4.11823647e+00 (-5.71923069e-03,-3.77820591e-02) (1.42656040e-02,-2.15846353e-03) (7.82780893e-07,-3.41923158e-05)
4.13827655e+00 (-5.70036863e-03,-3.76590853e-02) (1.39327772e-02,-2.10808326e-03) (7.33995507e-07,-3.20826910e-05)
4.15831663e+00 (-5.68195293e-03,-3.75389549e-02) (1.36010230e-02,-2.05786745e-03) (6.87894190e-07,-3.00884255e-05)
4.17835671e+00 (-5.66398201e-03,-3.74216633e-02) (1.32703162e-02,-2.00781217e-03) (6.44337589e-07,-2.82035648e-05)
4.19839679e+00 (-5.64645435e-03,-3.73072061e-02) (1.29406319e-02,-1.95791349e-03) (6.03193371e-07,-2.64224521e-05)
4.21843687e+00 (-5.62936845e-03,-3.71955786e-02) (1.26119450e-02,-1.90816752e-03) (5.64335874e-07,-2.47397138e-05)
4.23847695e+00 (-5.61272286e-03,-3.70867764e-02) (1.22842306e-02,-1.85857037e-03) (5.27645780e-07,-2.31502454e-05)
4.25851703e+00 (-5.59651615e-03,-3.69807948e-02) (1.19574637e-02,-1.80911815e-03) (4.93009794e-07,-2.16491985e-05)
4.27855711e+00 (-5.58074698e-03,-3.68776295e-02) (1.16316196e-02,-1.75980700e-03) (4.60320349e-07,-2.02319682e-05)
4.29859719e+00 (-5.56541399e-03,-3.67772757e-02) (1.13066733e-02,-1.71063306e-03) (4.29475321e-07,-1.88941810e-05)
4.31863727e+00 (-5.55051591e-03,-3.66797291e-02) (1.09826002e-02,-1.66159250e-03) (4.00377757e-07,-1.76316834e-05)
4.33867735e+00 (-5.53605147e-03,-3.65849853e-02) (1.06593753e-02,-1.61268147e-03) (3.72935622e-07,-1.64405313e-05)
4.35871743e+00 (-5.52201946e-03,-3.64930398e-02) (1.03369741e-02,-1.56389617e-03) (3.47061549e-07,-1.53169793e-05)
4.37875752e+00 (-5.50841871e-03,-3.64038884e-02) (1.00153719e-02,-1.51523277e-03) (3.22672609e-07,-1.42574713e-05)
4.39879760e+00 (-5.49524808e-03,-3.63175268e-02) (9.69454400e-03,-1.46668748e-03) (2.99690092e-07,-1.32586310e-05)
4.41883768e+00 (-5.48250647e-03,-3.62339508e-02) (9.37446582e-03,-1.41825651e-03) (2.78039293e-07,-1.23172528e-05)
4.43887776e+00 (-5.47019282e-03,-3.61531564e-02) (9.05511280e-03,-1.36993607e-03) (2.57649317e-07,-1.14302937e-05)
4.45891784e+00 (-5.45830610e-03,-3.60751395e-02) (8.73646042e-03,-1.32172240e-03) (2.38452886e-07,-1.05948651e-05)
4.47895792e+00 (-5.44684532e-03,-3.59998962e-02) (8.41848418e-03,-1.27361174e-03) (2.20386158e-07,-9.80822501e-06)
4.49899800e+00 (-5.43580953e-03,-3.59274228e-02) (8.10115964e-03,-1.22560032e-03) (2.03388557e-07,-9.06777119e-06)
4.51903808e+00 (-5.42519781e-03,-3.58577155e-02) (7.78446237e-03,-1.17768441e-03) (1.87402611e-07,-8.37103379e-06)
4.53907816e+00 (-5.41500929e-03,-3.57907708e-02) (7.46836797e-03,-1.12986026e-03) (1.72373793e-07,-7.71566903e-06)
4.55911824e+00 (-5.40524313e-03,-3.57265851e-02) (7.15285209e-03,-1.08212414e-03) (1.58250379e-07,-7.09945284e-06)
4.57915832e+00 (-5.39589851e-03,-3.56651551e-02) (6.83789040e-03,-1.03447234e-03) (1.44983302e-07,-6.52027494e-06)
4.59919840e+00 (-5.38697465e-03,-3.56064776e-02) (6.52345859e-03,-9.86901130e-04) (1.32526024e-07,-5.97613318e-06)
4.61923848e+00 (-5.37847084e-03,-3.55505495e-02) (6.20953240e-03,-9.39406809e-04) (1.20834405e-07,-5.46512814e-06)
4.63927856e+00 (-5.37038635e-03,-3.54973679e-02) (5.89608757e-03,-8.91985671e-04) (1.09866585e-07,-4.98545803e-06)
4.65931864e+00 (-5.36272053e-03,-3.54469298e-02) (5.58309989e-03,-8.44634019e-04) (9.95828717e-08,-4.53541378e-06)
4.67935872e+00 (-5.35547274e-03,-3.53992327e-02) (5.27054516e-03,-7.97348162e-04) (8.99456261e-08,-4.11337447e-06)
4.69939880e+00 (-5.34864238e-03,-3.53542740e-02) (4.95839921e-03,-7.50124414e-04) (8.09191637e-08,-3.71780287e-06)
4.71943888e+00 (-5.34222889e-03,-3.53120512e-02) (4.64663787e-03,-7.02959094e-04) (7.24696546e-08,-3.34724128e-06)
4.73947896e+00 (-5.33623175e-03,-3.52725623e-02) (4.33523704e-03,-6.55848527e-04) (6.45650303e-08,-3.00030752e-06)
4.75951904e+00 (-5.33065045e-03,-3.52358050e-02) (4.02417258e-03,-6.08789041e-04) (5.71748961e-08,-2.67569119e-06)
4.77955912e+00 (-5.32548453e-03,-3.52017775e-02) (3.71342040e-03,-5.61776968e-04) (5.02704504e-08,-2.37215001e-06)
4.79959920e+00 (-5.32073358e-03,-3.51704780e-02) (3.40295644e-03,-5.14808646e-04) (4.38243982e-08,-2.08850644e-06)
4.81963928e+00 (-5.31639719e-03,-3.51419049e-02) (3.09275662e-03,-4.67880415e-04) (3.78108099e-08,-1.82364434e-06)
4.83967936e+00 (-5.31247501e-03,-3.51160567e-02) (2.78279689e-03,-4.20988619e-04) (3.22048186e-08,-1.57650603e-06)
4.85971944e+00 (-5.30896671e-03,-3.50929323e-02) (2.47305322e-03,-3.74129604e-04) (2.69824236e-08,-1.34609041e-06)
4.87975952e+00 (-5.30587201e-03,-3.50725304e-02) (2.16350158e-03,-3.27299719e-04) (2.21232460e-08,-1.13145288e-06)
4.89979960e+00 (-5.30319064e-03,-3.50548503e-02) (1.85411794e-03,-2.80495317e-04) (1.76254889e-08,-9.31700659e-07)
4.91983968e+00 (-5.30092236e-03,-3.50398911e-02) (1.54487831e-03,-2.33712752e-04) (1.35347374e-08,-7.45939810e-07)
4.93987976e+00 (-5.29906694e-03,-3.50276523e-02) (1.23575866e-03,-1.86948379e-04) (9.85830967e-09,-5.73067289e-07)
4.95991984e+00 (-5.29762417e-03,-3.50181336e-02) (9.26735009e-04,-1.40198557e-04) (5.74104359e-09,-4.11547794e-07)
4.97995992e+00 (-5.29659385e-03,-3.50113345e-02) (6.17783345e-04,-9.34596446e-05) (-3.13262112e-09,-2.61396956e-07)
5.00000000e+00 (-5.29576970e-03,-3.50058954e-02) (3.08879674e-04,-4.67280046e-05) (-2.45871471e-08,-1.36708604e-07)
