1.41 	 200
Z	 ux	 uz 	 rho
-2.00000000e+00 (1.12405033e-03,2.17088571e-02) (3.12924267e-04,-6.33858709e-06) (1.10171765e-10,-4.59418450e-10)
-1.97989950e+00 (6.09266062e-03,3.39116108e-02) (1.10111381e-03,-1.08605546e-04) (3.05376062e-10,-1.90047414e-09)
-1.95979899e+00 (1.13507697e-02,4.42288022e-02) (2.23515025e-03,-3.51691410e-04) (3.93496867e-10,-4.46525965e-09)
-1.93969849e+00 (1.68399468e-02,5.11681362e-02) (3.60815345e-03,-7.52005960e-04) (1.96428712e-10,-8.35236498e-09)
-1.91959799e+00 (2.19947817e-02,5.54887440e-02) (5.13553505e-03,-1.30623714e-03) (-4.59773415e-10,-1.37949531e-08)
-1.89949749e+00 (2.64845601e-02,5.78785979e-02) (6.75344507e-03,-1.99874534e-03) (-1.78021776e-09,-2.10790255e-08)
-1.87939698e+00 (3.01608794e-02,5.89287142e-02) (8.41629176e-03,-2.80747250e-03) (-3.97789576e-09,-3.05755803e-08)
-1.85929648e+00 (3.30071631e-02,5.91205753e-02) (1.00937260e-02,-3.70836705e-03) (-7.30562101e-09,-4.27561868e-08)
-1.83919598e+00 (3.50933102e-02,5.88250454e-02) (1.17674480e-02,-4.67843130e-03) (-1.20651618e-08,-5.82159247e-08)
-1.81909548e+00 (3.65376833e-02,5.83102058e-02) (1.34281305e-02,-5.69757579e-03) (-1.86224384e-08,-7.77192718e-08)
-1.79899497e+00 (3.74775295e-02,5.77551901e-02) (1.50726697e-02,-6.74951204e-03) (-2.74280474e-08,-1.02225932e-07)
-1.77889447e+00 (3.80479161e-02,5.72671712e-02) (1.67018921e-02,-7.82193023e-03) (-3.90498884e-08,-1.32963628e-07)
-1.75879397e+00 (3.83684474e-02,5.68990479e-02) (1.83187687e-02,-8.90619794e-03) (-5.41869151e-08,-1.71455575e-07)
-1.73869347e+00 (3.85364857e-02,5.66659594e-02) (1.99271245e-02,-9.99678494e-03) (-7.37781626e-08,-2.19627641e-07)
-1.71859296e+00 (3.86253300e-02,5.65594075e-02) (2.15307889e-02,-1.10905776e-02) (-9.89274663e-08,-2.79873247e-07)
-1.69849246e+00 (3.86857749e-02,5.65583819e-02) (2.31331050e-02,-1.21862006e-02) (-1.31080013e-07,-3.55177094e-07)
-1.67839196e+00 (3.87496324e-02,5.66373953e-02) (2.47367112e-02,-1.32834195e-02) (-1.72059825e-07,-4.49286150e-07)
-1.65829146e+00 (3.88340659e-02,5.67717040e-02) (2.63435061e-02,-1.43826622e-02) (-2.24145544e-07,-5.66836909e-07)
-1.63819095e+00 (3.89459053e-02,5.69402107e-02) (2.79547254e-02,-1.54846671e-02) (-2.90214305e-07,-7.13545404e-07)
-1.61809045e+00 (3.90854212e-02,5.71266366e-02) (2.95710718e-02,-1.65902492e-02) (-3.73852652e-07,-8.96663327e-07)
-1.59798995e+00 (3.92493056e-02,5.73195336e-02) (3.11928584e-02,-1.77001623e-02) (-4.79671180e-07,-1.12504260e-06)
-1.57788945e+00 (3.94328033e-02,5.75116300e-02) (3.28201389e-02,-1.88150340e-02) (-6.13243341e-07,-1.40984511e-06)
-1.55778894e+00 (3.96310753e-02,5.76988886e-02) (3.44528141e-02,-1.99353484e-02) (-7.81708875e-07,-1.76483796e-06)
-1.53768844e+00 (3.98399435e-02,5.78795367e-02) (3.60907090e-02,-2.10614587e-02) (-9.93974120e-07,-2.20720686e-06)
-1.51758794e+00 (4.00561894e-02,5.80532198e-02) (3.77336240e-02,-2.21936125e-02) (-1.26118014e-06,-2.75832038e-06)
-1.49748744e+00 (4.02775669e-02,5.82203475e-02) (3.93813639e-02,-2.33319804e-02) (-1.59727129e-06,-3.44478315e-06)
-1.47738693e+00 (4.05026609e-02,5.83816417e-02) (4.10337522e-02,-2.44766826e-02) (-2.01970771e-06,-4.29970108e-06)
-1.45728643e+00 (4.07306868e-02,5.85378593e-02) (4.26906348e-02,-2.56278096e-02) (-2.55033276e-06,-5.36429539e-06)
-1.43718593e+00 (4.09612901e-02,5.86896519e-02) (4.43518781e-02,-2.67854371e-02) (-3.21648970e-06,-6.68989624e-06)
-1.41708543e+00 (4.11943803e-02,5.88375164e-02) (4.60173649e-02,-2.79496355e-02) (-4.05239931e-06,-8.34043340e-06)
-1.39698492e+00 (4.14300071e-02,5.89818009e-02) (4.76869896e-02,-2.91204754e-02) (-5.10088760e-06,-1.03955438e-05)
-1.37688442e+00 (4.16682812e-02,5.91227367e-02) (4.93606549e-02,-3.02980299e-02) (-6.41555963e-06,-1.29544569e-05)
-1.35678392e+00 (4.19093285e-02,5.92604774e-02) (5.10382684e-02,-3.14823759e-02) (-8.06350057e-06,-1.61408341e-05)
-1.33668342e+00 (4.21532702e-02,5.93951353e-02) (5.27197412e-02,-3.26735938e-02) (-1.01287060e-05,-2.01088534e-05)
-1.31658291e+00 (4.24002180e-02,5.95268084e-02) (5.44049876e-02,-3.38717673e-02) (-1.27163133e-05,-2.50507193e-05)
-1.29648241e+00 (4.26502776e-02,5.96555992e-02) (5.60939241e-02,-3.50769831e-02) (-1.59579579e-05,-3.12061914e-05)
-1.27638191e+00 (4.29035553e-02,5.97816254e-02) (5.77864708e-02,-3.62893308e-02) (-2.00184844e-05,-3.88743852e-05)
-1.25628141e+00 (4.31601646e-02,5.99050243e-02) (5.94825510e-02,-3.75089032e-02) (-2.51043355e-05,-4.84285650e-05)
-1.23618090e+00 (4.34202317e-02,6.00259541e-02) (6.11820923e-02,-3.87357964e-02) (-3.14740952e-05,-6.03347056e-05)
-1.21608040e+00 (4.36838989e-02,6.01445919e-02) (6.28850271e-02,-3.99701103e-02) (-3.94517225e-05,-7.51746711e-05)
-1.19597990e+00 (4.39513263e-02,6.02611320e-02) (6.45912933e-02,-4.12119491e-02) (-4.94431413e-05,-9.36752665e-05)
-1.17587940e+00 (4.42226922e-02,6.03757825e-02) (6.63008340e-02,-4.24614217e-02) (-6.19570810e-05,-1.16744635e-04)
-1.15577889e+00 (4.44981925e-02,6.04887628e-02) (6.80135989e-02,-4.37186424e-02) (-7.76312368e-05,-1.45517872e-04)
-1.13567839e+00 (4.47780391e-02,6.06003002e-02) (6.97295438e-02,-4.49837313e-02) (-9.72651170e-05,-1.81414196e-04)
-1.11557789e+00 (4.50624576e-02,6.07106269e-02) (7.14486310e-02,-4.62568146e-02) (-1.21861301e-04,-2.26208636e-04)
-1.09547739e+00 (4.53516855e-02,6.08199759e-02) (7.31708296e-02,-4.75380254e-02) (-1.52677256e-04,-2.82121931e-04)
-1.07537688e+00 (4.56459677e-02,6.09285762e-02) (7.48961151e-02,-4.88275031e-02) (-1.91290421e-04,-3.51933296e-04)
-1.05527638e+00 (4.59455532e-02,6.10366468e-02) (7.66244695e-02,-5.01253948e-02) (-2.39679948e-04,-4.39121870e-04)
-1.03517588e+00 (4.62506895e-02,6.11443892e-02) (7.83558808e-02,-5.14318541e-02) (-3.00329353e-04,-5.48044137e-04)
-1.01507538e+00 (4.65616155e-02,6.12519769e-02) (8.00903424e-02,-5.27470419e-02) (-3.76355384e-04,-6.84156441e-04)
-9.94974874e-01 (4.68785529e-02,6.13595428e-02) (8.18278521e-02,-5.40711256e-02) (-4.71669722e-04,-8.54293981e-04)
-9.74874372e-01 (4.72016947e-02,6.14671626e-02) (8.35684109e-02,-5.54042785e-02) (-5.91181769e-04,-1.06702044e-03)
-9.54773869e-01 (4.75311912e-02,6.15748327e-02) (8.53120209e-02,-5.67466789e-02) (-7.41052738e-04,-1.33306583e-03)
-9.34673367e-01 (4.78671307e-02,6.16824437e-02) (8.70586829e-02,-5.80985088e-02) (-9.29013628e-04,-1.66587422e-03)
-9.14572864e-01 (4.82095163e-02,6.17897452e-02) (8.88083926e-02,-5.94599515e-02) (-1.16476254e-03,-2.08228808e-03)
-8.94472362e-01 (4.85582354e-02,6.18963021e-02) (9.05611368e-02,-6.08311889e-02) (-1.46046007e-03,-2.60340152e-03)
-8.74371859e-01 (4.89130197e-02,6.20014391e-02) (9.23168865e-02,-6.22123982e-02) (-1.83134546e-03,-3.25562176e-03)
-8.54271357e-01 (4.92733943e-02,6.21041717e-02) (9.40755902e-02,-6.36037460e-02) (-2.29650009e-03,-4.07198530e-03)
-8.34170854e-01 (4.96386097e-02,6.22031185e-02) (9.58371632e-02,-6.50053825e-02) (-2.87978960e-03,-5.09378318e-03)
-8.14070352e-01 (5.00075526e-02,6.22963903e-02) (9.76014755e-02,-6.64174320e-02) (-3.61101971e-03,-6.37255728e-03)
-7.93969849e-01 (5.03786270e-02,6.23814481e-02) (9.93683355e-02,-6.78399815e-02) (-4.52734376e-03,-7.97253526e-03)
-7.73869347e-01 (5.07495980e-02,6.24549188e-02) (1.01137469e-01,-6.92730648e-02) (-5.67496041e-03,-9.97357386e-03)
-7.53768844e-01 (5.11173867e-02,6.25123529e-02) (1.02908494e-01,-7.07166421e-02) (-7.11113568e-03,-1.24746745e-02)
-7.33668342e-01 (5.14778088e-02,6.25479018e-02) (1.04680883e-01,-7.21705729e-02) (-8.90657082e-03,-1.55981159e-02)
-7.13567839e-01 (5.18252486e-02,6.25538873e-02) (1.06453922e-01,-7.36345802e-02) (-1.11481119e-02,-1.94942088e-02)
-6.93467337e-01 (5.21522701e-02,6.25202250e-02) (1.08226651e-01,-7.51082051e-02) (-1.39417505e-02,-2.43465995e-02)
-6.73366834e-01 (5.24491767e-02,6.24336656e-02) (1.09997782e-01,-7.65907491e-02) (-1.74157872e-02,-3.03779257e-02)
-6.53266332e-01 (5.27035517e-02,6.22768117e-02) (1.11765605e-01,-7.80812037e-02) (-2.17239117e-02,-3.78554231e-02)
-6.33165829e-01 (5.28998326e-02,6.20268868e-02) (1.13527845e-01,-7.95781665e-02) (-2.70477729e-02,-4.70957801e-02)
-6.13065327e-01 (5.30190010e-02,6.16542537e-02) (1.15281500e-01,-8.10797469e-02) (-3.35983666e-02,-5.84681051e-02)
-5.92964824e-01 (5.30384976e-02,6.11207307e-02) (1.17022619e-01,-8.25834647e-02) (-4.16152444e-02,-7.23932955e-02)
-5.72864322e-01 (5.29324825e-02,6.03778208e-02) (1.18746032e-01,-8.40861502e-02) (-5.13621603e-02,-8.93373822e-02)
-5.52763819e-01 (5.26725663e-02,5.93650616e-02) (1.20445040e-01,-8.55838586e-02) (-6.31173725e-02,-1.09795653e-01)
-5.32663317e-01 (5.22290979e-02,5.80088030e-02) (1.22111047e-01,-8.70718113e-02) (-7.71565175e-02,-1.34263689e-01)
-5.12562814e-01 (5.15730310e-02,5.62218172e-02) (1.23733177e-01,-8.85443824e-02) (-9.37259669e-02,-1.63191262e-01)
-4.92462312e-01 (5.06782825e-02,5.39042050e-02) (1.25297892e-01,-8.99951469e-02) (-1.13005157e-01,-1.96915785e-01)
-4.72361809e-01 (4.95243659e-02,5.09460547e-02) (1.26788652e-01,-9.14170006e-02) (-1.35057902e-01,-2.35574529e-01)
-4.52261307e-01 (4.80989530e-02,4.72321989e-02) (1.28185688e-01,-9.28023572e-02) (-1.59775458e-01,-2.78999580e-01)
-4.32160804e-01 (4.63999258e-02,4.26491792e-02) (1.29465934e-01,-9.41434136e-02) (-1.86818138e-01,-3.26607000e-01)
-4.12060302e-01 (4.44364777e-02,3.70941695e-02) (1.30603189e-01,-9.54324635e-02) (-2.15566963e-01,-3.77300836e-01)
-3.91959799e-01 (4.22289272e-02,3.04851727e-02) (1.31568558e-01,-9.66622250e-02) (-2.45100831e-01,-4.29421134e-01)
-3.71859296e-01 (3.98071408e-02,2.27713676e-02) (1.32331193e-01,-9.78261434e-02) (-2.74215631e-01,-4.80768608e-01)
-3.51758794e-01 (3.72077650e-02,1.39421681e-02) (1.32859317e-01,-9.89186298e-02) (-3.01497347e-01,-5.28732011e-01)
-3.31658291e-01 (3.44707730e-02,4.03347355e-03) (1.33121483e-01,-9.99352067e-02) (-3.25450372e-01,-5.70524624e-01)
-3.11557789e-01 (3.16360386e-02,-6.87017506e-03) (1.33087948e-01,-1.00872551e-01) (-3.44666556e-01,-6.03505764e-01)
-2.91457286e-01 (2.87406628e-02,-1.86382649e-02) (1.32732058e-01,-1.01728445e-01) (-3.58005071e-01,-6.25531070e-01)
-2.71356784e-01 (2.58176002e-02,-3.11017611e-02) (1.32031468e-01,-1.02501670e-01) (-3.64744613e-01,-6.35255387e-01)
-2.51256281e-01 (2.28957888e-02,-4.40644668e-02) (1.30969104e-01,-1.03191875e-01) (-3.64672926e-01,-6.32315957e-01)
-2.31155779e-01 (2.00016153e-02,-5.73167553e-02) (1.29533743e-01,-1.03799482e-01) (-3.58094226e-01,-6.17353076e-01)
-2.11055276e-01 (1.71612566e-02,-7.06497854e-02) (1.27720194e-01,-1.04325635e-01) (-3.45757098e-01,-5.91870006e-01)
-1.90954774e-01 (1.44033092e-02,-8.38683464e-02) (1.25529072e-01,-1.04772240e-01) (-3.28725251e-01,-5.57975638e-01)
-1.70854271e-01 (1.17611645e-02,-9.68008505e-02) (1.22966250e-01,-1.05142064e-01) (-3.08224033e-01,-5.18076868e-01)
-1.50753769e-01 (9.27474234e-03,-1.09305571e-01) (1.20042069e-01,-1.05438903e-01) (-2.85494802e-01,-4.74587159e-01)
-1.30653266e-01 (6.99138335e-03,-1.21272860e-01) (1.16770436e-01,-1.05667788e-01) (-2.61679904e-01,-4.29698803e-01)
-1.10552764e-01 (4.96585150e-03,-1.32623651e-01) (1.13167909e-01,-1.05835199e-01) (-2.37748386e-01,-3.85239994e-01)
-9.04522613e-02 (3.25947213e-03,-1.43304920e-01) (1.09252875e-01,-1.05949269e-01) (-2.14461557e-01,-3.42614383e-01)
-7.03517588e-02 (1.93844814e-03,-1.53283066e-01) (1.05044896e-01,-1.06019957e-01) (-1.92370442e-01,-3.02806024e-01)
-5.02512563e-02 (1.07137763e-03,-1.62536176e-01) (1.00564267e-01,-1.06059147e-01) (-1.71834547e-01,-2.66427148e-01)
-3.01507538e-02 (7.25983872e-04,-1.71046172e-01) (9.58317905e-02,-1.06080686e-01) (-1.53051788e-01,-2.33787643e-01)
-1.00502513e-02 (9.65087271e-04,-1.78791678e-01) (9.08687852e-02,-1.06100299e-01) (-1.36091577e-01,-2.04970081e-01)
1.00502513e-02 (1.84190783e-03,-1.85742306e-01) (8.56972673e-02,-1.06135390e-01) (-1.20925580e-01,-1.79900001e-01)
3.01507538e-02 (3.39487937e-03,-1.91854912e-01) (8.03402765e-02,-1.06204704e-01) (-1.07452694e-01,-1.58406154e-01)
5.02512563e-02 (5.64226149e-03,-1.97072123e-01) (7.48222753e-02,-1.06327824e-01) (-9.55160643e-02,-1.40268976e-01)
7.03517588e-02 (8.57692619e-03,-2.01323309e-01) (6.91695552e-02,-1.06524527e-01) (-8.49101446e-02,-1.25257426e-01)
9.04522613e-02 (1.21617482e-02,-2.04527927e-01) (6.34105822e-02,-1.06813993e-01) (-7.53748368e-02,-1.13154238e-01)
1.10552764e-01 (1.63260231e-02,-2.06601023e-01) (5.75762134e-02,-1.07213896e-01) (-6.65713850e-02,-1.03766534e-01)
1.30653266e-01 (2.09632784e-02,-2.07460601e-01) (5.16997302e-02,-1.07739408e-01) (-5.80319914e-02,-9.69089484e-02)
1.50753769e-01 (2.59307637e-02,-2.07036528e-01) (4.58166377e-02,-1.08402167e-01) (-4.90794276e-02,-9.23211995e-02)
1.70854271e-01 (3.10509198e-02,-2.05280862e-01) (3.99641923e-02,-1.09209252e-01) (-3.87593238e-02,-8.94328801e-02)
1.90954774e-01 (3.61154971e-02,-2.02179714e-01) (3.41806169e-02,-1.10162239e-01) (-2.60126918e-02,-8.68792909e-02)
2.11055276e-01 (4.08940757e-02,-1.97766644e-01) (2.85039553e-02,-1.11256402e-01) (-1.06179227e-02,-8.20653130e-02)
2.31155779e-01 (4.51502046e-02,-1.92135647e-01) (2.29705278e-02,-1.12480255e-01) (5.15829444e-03,-7.21435775e-02)
2.51256281e-01 (4.86671185e-02,-1.85447192e-01) (1.76130503e-02,-1.13815670e-01) (1.68050406e-02,-5.70862257e-02)
2.71356784e-01 (5.12772464e-02,-1.77918535e-01) (1.24587472e-02,-1.15238873e-01) (2.15344783e-02,-4.07982184e-02)
2.91457286e-01 (5.28819352e-02,-1.69797887e-01) (7.52801977e-03,-1.16722240e-01) (2.07219010e-02,-2.73703963e-02)
3.11557789e-01 (5.34530823e-02,-1.61334489e-01) (2.83402275e-03,-1.18236402e-01) (1.74414701e-02,-1.80428711e-02)
3.31658291e-01 (5.30215921e-02,-1.52756677e-01) (-1.61697035e-03,-1.19752143e-01) (1.38038285e-02,-1.20444873e-02)
3.51758794e-01 (5.16621279e-02,-1.44260351e-01) (-5.82474768e-03,-1.21241847e-01) (1.06476996e-02,-8.24121566e-03)
3.71859296e-01 (4.94792407e-02,-1.36004350e-01) (-9.79413999e-03,-1.22680529e-01) (8.14086825e-03,-5.78910209e-03)
3.91959799e-01 (4.65957582e-02,-1.28109532e-01) (-1.35339390e-02,-1.24046500e-01) (6.21647740e-03,-4.16410122e-03)
4.12060302e-01 (4.31430491e-02,-1.20660014e-01) (-1.70558261e-02,-1.25321736e-01) (4.75670804e-03,-3.05579994e-03)
4.32160804e-01 (3.92528578e-02,-1.13705945e-01) (-2.03733609e-02,-1.26491995e-01) (3.65192999e-03,-2.27973595e-03)
4.52261307e-01 (3.50506453e-02,-1.07267489e-01) (-2.35010676e-02,-1.27546722e-01) (2.81421918e-03,-1.72380399e-03)
4.72361809e-01 (3.06504822e-02,-1.01339664e-01) (-2.64536487e-02,-1.28478785e-01) (2.17669477e-03,-1.31786494e-03)
4.92462312e-01 (2.61515256e-02,-9.58976731e-02) (-2.92453460e-02,-1.29284096e-01) (1.68946517e-03,-1.01669363e-03)
5.12562814e-01 (2.16360345e-02,-9.09023524e-02) (-3.18894565e-02,-1.29961143e-01) (1.31551089e-03,-7.90281504e-04)
5.32663317e-01 (1.71687871e-02,-8.63053560e-02) (-3.43980019e-02,-1.30510500e-01) (1.02733376e-03,-6.18191712e-04)
5.52763819e-01 (1.27976786e-02,-8.20537997e-02) (-3.67815390e-02,-1.30934329e-01) (8.04426577e-04,-4.86182580e-04)
5.72864322e-01 (8.55522653e-03,-7.80941484e-02) (-3.90490917e-02,-1.31235916e-01) (6.31416763e-04,-3.84129796e-04)
5.92964824e-01 (4.46068633e-03,-7.43752362e-02) (-4.12081822e-02,-1.31419268e-01) (4.96717706e-04,-3.04711735e-04)
6.13065327e-01 (5.22491890e-04,-7.08503994e-02) (-4.32649342e-02,-1.31488763e-01) (3.91549985e-04,-2.42555688e-04)
6.33165829e-01 (-3.25923186e-03,-6.74787761e-02) (-4.52242249e-02,-1.31448885e-01) (3.09227970e-04,-1.93669289e-04)
6.53266332e-01 (-6.89028522e-03,-6.42258834e-02) (-4.70898618e-02,-1.31304019e-01) (2.44637287e-04,-1.55053863e-04)
6.73366834e-01 (-1.03802816e-02,-6.10636164e-02) (-4.88647675e-02,-1.31058320e-01) (1.93849290e-04,-1.24436075e-04)
6.93467337e-01 (-1.37408915e-02,-5.79698236e-02) (-5.05511563e-02,-1.30715629e-01) (1.53834833e-04,-1.00078484e-04)
7.13567839e-01 (-1.69844752e-02,-5.49276103e-02) (-5.21506951e-02,-1.30279439e-01) (1.22250373e-04,-8.06437745e-05)
7.33668342e-01 (-2.01230944e-02,-5.19245018e-02) (-5.36646409e-02,-1.29752891e-01) (9.72771897e-05,-6.50961631e-05)
7.53768844e-01 (-2.31678653e-02,-4.89515724e-02) (-5.50939533e-02,-1.29138793e-01) (7.74998783e-05,-5.26289555e-05)
7.73869347e-01 (-2.61285959e-02,-4.60026192e-02) (-5.64393833e-02,-1.28439657e-01) (6.18140468e-05,-4.26107563e-05)
7.93969849e-01 (-2.90136433e-02,-4.30734304e-02) (-5.77015390e-02,-1.27657735e-01) (4.93559155e-05,-3.45452175e-05)
8.14070352e-01 (-3.18299298e-02,-4.01611751e-02) (-5.88809325e-02,-1.26795065e-01) (3.94483901e-05,-2.80405977e-05)
8.34170854e-01 (-3.45830607e-02,-3.72639207e-02) (-5.99780116e-02,-1.25853506e-01) (3.15596195e-05,-2.27866321e-05)
8.54271357e-01 (-3.72774971e-02,-3.43802732e-02) (-6.09931789e-02,-1.24834779e-01) (2.52710315e-05,-1.85368133e-05)
8.74371859e-01 (-3.99167499e-02,-3.15091229e-02) (-6.19268030e-02,-1.23740490e-01) (2.02526106e-05,-1.50947349e-05)
8.94472362e-01 (-4.25035692e-02,-2.86494787e-02) (-6.27792237e-02,-1.22572161e-01) (1.62437228e-05,-1.23035131e-05)
9.14572864e-01 (-4.50401148e-02,-2.58003685e-02) (-6.35507533e-02,-1.21331243e-01) (1.30382070e-05,-1.00375490e-05)
9.34673367e-01 (-4.75281003e-02,-2.29607893e-02) (-6.42416767e-02,-1.20019133e-01) (1.04727485e-05,-8.19607399e-06)
9.54773869e-01 (-4.99689079e-02,-2.01296885e-02) (-6.48522493e-02,-1.18637188e-01) (8.41778302e-06,-6.69808913e-06)
9.74874372e-01 (-5.23636778e-02,-1.73059651e-02) (-6.53826962e-02,-1.17186725e-01) (6.77038002e-06,-5.47838783e-06)
9.94974874e-01 (-5.47133733e-02,-1.44884805e-02) (-6.58332106e-02,-1.15669035e-01) (5.44868522e-06,-4.48440476e-06)
1.01507538e+00 (-5.70188292e-02,-1.16760722e-02) (-6.62039528e-02,-1.14085384e-01) (4.38753007e-06,-3.67368139e-06)
1.03517588e+00 (-5.92807867e-02,-8.86756475e-03) (-6.64950502e-02,-1.12437013e-01) (3.53497040e-06,-3.01189870e-06)
1.05527638e+00 (-6.14999192e-02,-6.06177607e-03) (-6.67065967e-02,-1.10725146e-01) (2.84955217e-06,-2.47127170e-06)
1.07537688e+00 (-6.36768536e-02,-3.25751513e-03) (-6.68386524e-02,-1.08950988e-01) (2.29815583e-06,-2.02929340e-06)
1.09547739e+00 (-6.58121875e-02,-4.53570261e-04) (-6.68912438e-02,-1.07115725e-01) (1.85429850e-06,-1.66769040e-06)
1.11557789e+00 (-6.79065040e-02,2.35131432e-03) (-6.68643623e-02,-1.05220528e-01) (1.49680336e-06,-1.37162358e-06)
1.13567839e+00 (-6.99603818e-02,5.15847527e-03) (-6.67579632e-02,-1.03266552e-01) (1.20871192e-06,-1.12904369e-06)
1.15577889e+00 (-7.19743995e-02,7.96938159e-03) (-6.65719623e-02,-1.01254935e-01) (9.76430481e-07,-9.30151968e-07)
1.17587940e+00 (-7.39491268e-02,1.07857018e-02) (-6.63062315e-02,-9.91867971e-02) (7.89052632e-07,-7.66958770e-07)
1.19597990e+00 (-7.58850981e-02,1.36093860e-02) (-6.59605919e-02,-9.70632454e-02) (6.37818287e-07,-6.32968852e-07)
1.21608040e+00 (-7.77827583e-02,1.64427609e-02) (-6.55348050e-02,-9.48853705e-02) (5.15694505e-07,-5.22866363e-07)
1.23618090e+00 (-7.96423727e-02,1.92886320e-02) (-6.50285600e-02,-9.26542528e-02) (4.17025066e-07,-4.32378908e-07)
1.25628141e+00 (-8.14638899e-02,2.21503830e-02) (-6.44414594e-02,-9.03709687e-02) (3.37378332e-07,-3.57925663e-07)
1.27638191e+00 (-8.32467498e-02,2.50320597e-02) (-6.37730006e-02,-8.80366012e-02) (2.72845067e-07,-2.96566803e-07)
1.29648241e+00 (-8.49896311e-02,2.79384181e-02) (-6.30225567e-02,-8.56522584e-02) (2.20736617e-07,-2.45999818e-07)
1.31658291e+00 (-8.66901364e-02,3.08749126e-02) (-6.21893556e-02,-8.32190985e-02) (1.78563556e-07,-2.04326328e-07)
1.33668342e+00 (-8.83444229e-02,3.38475967e-02) (-6.12724612e-02,-8.07383653e-02) (1.44415257e-07,-1.69941343e-07)
1.35678392e+00 (-8.99467955e-02,3.68629067e-02) (-6.02707582e-02,-7.82114347e-02) (1.16761569e-07,-1.41536422e-07)
1.37688442e+00 (-9.14892884e-02,3.99272988e-02) (-5.91829456e-02,-7.56398735e-02) (9.43634013e-08,-1.18058179e-07)
1.39698492e+00 (-9.29612789e-02,4.30467174e-02) (-5.80075424e-02,-7.30255092e-02) (7.62145735e-08,-9.86375092e-08)
1.41708543e+00 (-9.43491832e-02,4.62258817e-02) (-5.67429106e-02,-7.03705106e-02) (6.14989332e-08,-8.25563846e-08)
1.43718593e+00 (-9.56362967e-02,4.94673935e-02) (-5.53873015e-02,-6.76774751e-02) (4.95647027e-08,-6.92406459e-08)
1.45728643e+00 (-9.68028438e-02,5.27706896e-02) (-5.39389297e-02,-6.49495185e-02) (3.98779861e-08,-5.81971765e-08)
1.47738693e+00 (-9.78263005e-02,5.61308847e-02) (-5.23960785e-02,-6.21903591e-02) (3.20119528e-08,-4.90343026e-08)
1.49748744e+00 (-9.86820379e-02,5.95375768e-02) (-5.07572394e-02,-5.94043895e-02) (2.56168335e-08,-4.14271681e-08)
1.51758794e+00 (-9.93443170e-02,6.29737053e-02) (-4.90212852e-02,-5.65967240e-02) (2.04094483e-08,-3.51079829e-08)
1.53768844e+00 (-9.97876291e-02,6.64145713e-02) (-4.71876746e-02,-5.37732141e-02) (1.61590304e-08,-2.98562641e-08)
1.55778894e+00 (-9.99883370e-02,6.98271316e-02) (-4.52566804e-02,-5.09404202e-02) (1.26765685e-08,-2.54899280e-08)
1.57788945e+00 (-9.99265271e-02,7.31696693e-02) (-4.32296341e-02,-4.81055335e-02) (9.80602995e-09,-2.18579034e-08)
1.59798995e+00 (-9.95879329e-02,7.63919208e-02) (-4.11091735e-02,-4.52762432e-02) (7.41696233e-09,-1.88335600e-08)
1.61809045e+00 (-9.89657510e-02,7.94356965e-02) (-3.88994790e-02,-4.24605492e-02) (5.39817435e-09,-1.63083185e-08)
1.63819095e+00 (-9.80621346e-02,8.22359785e-02) (-3.66064868e-02,-3.96665263e-02) (3.65252636e-09,-1.41844130e-08)
1.65829146e+00 (-9.68891344e-02,8.47224151e-02) (-3.42380628e-02,-3.69020523e-02) (2.09383690e-09,-1.23651477e-08)
1.67839196e+00 (-9.54688495e-02,8.68210678e-02) (-3.18041308e-02,-3.41745191e-02) (6.49872318e-10,-1.07406160e-08)
1.69849246e+00 (-9.38325691e-02,8.84562074e-02) (-2.93167480e-02,-3.14905517e-02) (-7.17641803e-10,-9.17066707e-09)
1.71859296e+00 (-9.20187069e-02,8.95519229e-02) (-2.67901307e-02,-2.88557684e-02) (-1.95965753e-09,-7.48777254e-09)
1.73869347e+00 (-9.00693618e-02,9.00332951e-02) (-2.42406390e-02,-2.62746170e-02) (-2.87555328e-09,-5.58309406e-09)
1.75879397e+00 (-8.80253598e-02,8.98269263e-02) (-2.16867358e-02,-2.37503292e-02) (-3.18364498e-09,-3.58797477e-09)
1.77889447e+00 (-8.59196371e-02,8.88607052e-02) (-1.91489418e-02,-2.12850388e-02) (-2.82109294e-09,-1.89261600e-09)
1.79899497e+00 (-8.37688005e-02,8.70628387e-02) (-1.66498074e-02,-1.88801106e-02) (-2.09354202e-09,-7.95701710e-10)
1.81909548e+00 (-8.15626421e-02,8.43604156e-02) (-1.42139226e-02,-1.65367369e-02) (-1.37791628e-09,-2.51668256e-10)
1.83919598e+00 (-7.92512943e-02,8.06780911e-02) (-1.18679708e-02,-1.42568613e-02) (-8.46708152e-10,-3.85518357e-11)
1.85929648e+00 (-7.67296062e-02,7.59379277e-02) (-9.64081274e-03,-1.20445027e-02) (-5.00978541e-10,2.49319281e-11)
1.87939698e+00 (-7.38182447e-02,7.00620160e-02) (-7.56354959e-03,-9.90756506e-03) (-2.88618213e-10,3.31056418e-11)
1.89949749e+00 (-7.02410438e-02,6.29802869e-02) (-5.66945827e-03,-7.86023239e-03) (-1.61521021e-10,2.52752112e-11)
1.91959799e+00 (-6.55983675e-02,5.46469369e-02) (-3.99361171e-03,-5.92606267e-03) (-8.67157722e-11,1.55806482e-11)
1.93969849e+00 (-5.93369025e-02,4.50701772e-02) (-2.57188315e-03,-4.14189277e-03) (-4.35766481e-11,8.15921637e-12)
1.95979899e+00 (-5.07176215e-02,3.43615792e-02) (-1.43888006e-03,-2.56264428e-03) (-1.95587174e-11,3.54148765e-12)
1.97989950e+00 (-3.87860572e-02,2.28130470e-02) (-6.24151426e-04,-1.26704467e-03) (-7.06882616e-12,1.14773285e-12)
2.00000000e+00 (-2.49311070e-02,1.09458791e-02) (-1.45758604e-04,-3.64118022e-04) (-1.46020934e-12,1.95163010e-13)
