1.016 	 200
Z	 ux	 uz 	 rho
-2.00000000e+00 (-2.33333458e-02,1.22061757e-03) (1.02473375e-05,2.41659684e-04) (6.11428083e-10,5.78451490e-10)
-1.97989950e+00 (-3.85636160e-02,4.59426655e-03) (6.96234407e-05,8.73692982e-04) (2.64363220e-09,2.08143987e-09)
-1.95979899e+00 (-5.21449951e-02,8.26154947e-03) (1.97896576e-04,1.81676054e-03) (6.58899292e-09,4.23153813e-09)
-1.93969849e+00 (-6.26898367e-02,1.23560915e-02) (4.07059994e-04,3.00351469e-03) (1.29113830e-08,6.78830743e-09)
-1.91959799e+00 (-7.06927232e-02,1.65894476e-02) (7.02571511e-04,4.37727809e-03) (2.21028123e-08,9.52801536e-09)
-1.89949749e+00 (-7.65949808e-02,2.07356400e-02) (1.08464306e-03,5.89090391e-03) (3.47457251e-08,1.22424104e-08)
-1.87939698e+00 (-8.07886230e-02,2.46283491e-02) (1.54950258e-03,7.50574043e-03) (5.15573499e-08,1.47222816e-08)
-1.85929648e+00 (-8.36185372e-02,2.81556010e-02) (2.09056880e-03,9.19065229e-03) (7.34268634e-08,1.67327648e-08)
-1.83919598e+00 (-8.53839303e-02,3.12527303e-02) (2.69949617e-03,1.09210744e-02) (1.01435569e-07,1.80298127e-08)
-1.81909548e+00 (-8.63397641e-02,3.38943339e-02) (3.36706222e-03,1.26780924e-02) (1.37054439e-07,1.83098183e-08)
-1.79899497e+00 (-8.66986471e-02,3.60858596e-02) (4.08388384e-03,1.44475549e-02) (1.81911579e-07,1.71564512e-08)
-1.77889447e+00 (-8.66334148e-02,3.78553834e-02) (4.84096105e-03,1.62192311e-02) (2.38192115e-07,1.41205068e-08)
-1.75879397e+00 (-8.62804427e-02,3.92460206e-02) (5.63005749e-03,1.79860292e-02) (3.08544972e-07,8.60309755e-09)
-1.73869347e+00 (-8.57435933e-02,4.03092955e-02) (6.44393419e-03,1.97432886e-02) (3.96272368e-07,-1.49043995e-10)
-1.71859296e+00 (-8.50986068e-02,4.10996721e-02) (7.27645926e-03,2.14881595e-02) (5.05467499e-07,-1.30874790e-08)
-1.69849246e+00 (-8.43976993e-02,4.16703283e-02) (8.12261829e-03,2.32190749e-02) (6.41204381e-07,-3.14187796e-08)
-1.67839196e+00 (-8.36741283e-02,4.20701526e-02) (8.97845137e-03,2.49353178e-02) (8.09769863e-07,-5.66816640e-08)
-1.65829146e+00 (-8.29465075e-02,4.23418621e-02) (9.84094090e-03,2.66366795e-02) (1.01892917e-06,-9.08115797e-08)
-1.63819095e+00 (-8.22226994e-02,4.25210807e-02) (1.07078717e-02,2.83232033e-02) (1.27833060e-06,-1.36291425e-07)
-1.61809045e+00 (-8.15031697e-02,4.26361840e-02) (1.15776813e-02,2.99950016e-02) (1.59987132e-06,-1.96234477e-07)
-1.59798995e+00 (-8.07837437e-02,4.27087084e-02) (1.24493135e-02,3.16521368e-02) (1.99824938e-06,-2.74564753e-07)
-1.57788945e+00 (-8.00577597e-02,4.27541309e-02) (1.33220853e-02,3.32945507e-02) (2.49179522e-06,-3.76368923e-07)
-1.55778894e+00 (-7.93176532e-02,4.27828494e-02) (1.41955726e-02,3.49220336e-02) (3.10290860e-06,-5.07858258e-07)
-1.53768844e+00 (-7.85560398e-02,4.28012259e-02) (1.50695174e-02,3.65342185e-02) (3.85945152e-06,-6.77052042e-07)
-1.51758794e+00 (-7.77663803e-02,4.28125882e-02) (1.59437554e-02,3.81305939e-02) (4.79582632e-06,-8.93965262e-07)
-1.49748744e+00 (-7.69433187e-02,4.28181237e-02) (1.68181642e-02,3.97105257e-02) (5.95455350e-06,-1.17121372e-06)
-1.47738693e+00 (-7.60827828e-02,4.28176258e-02) (1.76926283e-02,4.12732838e-02) (7.38819025e-06,-1.52463942e-06)
-1.45728643e+00 (-7.51819239e-02,4.28100819e-02) (1.85670168e-02,4.28180677e-02) (9.16169950e-06,-1.97417180e-06)
-1.43718593e+00 (-7.42389637e-02,4.27941068e-02) (1.94411727e-02,4.43440309e-02) (1.13554003e-05,-2.54482060e-06)
-1.41708543e+00 (-7.32529983e-02,4.27682402e-02) (2.03149088e-02,4.58503004e-02) (1.40685942e-05,-3.26796381e-06)
-1.39698492e+00 (-7.22237946e-02,4.27311326e-02) (2.11880082e-02,4.73359926e-02) (1.74240711e-05,-4.18295105e-06)
-1.37688442e+00 (-7.11516041e-02,4.26816441e-02) (2.20602286e-02,4.88002250e-02) (2.15736860e-05,-5.33910760e-06)
-1.35678392e+00 (-7.00370057e-02,4.26188823e-02) (2.29313067e-02,5.02421244e-02) (2.67052666e-05,-6.79823948e-06)
-1.33668342e+00 (-6.88807829e-02,4.25421996e-02) (2.38009636e-02,5.16608320e-02) (3.30511713e-05,-8.63776741e-06)
-1.31658291e+00 (-6.76838331e-02,4.24511678e-02) (2.46689097e-02,5.30555063e-02) (4.08988980e-05,-1.09546446e-05)
-1.29648241e+00 (-6.64471071e-02,4.23455409e-02) (2.55348485e-02,5.44253254e-02) (5.06042274e-05,-1.38702554e-05)
-1.27638191e+00 (-6.51715714e-02,4.22252180e-02) (2.63984804e-02,5.57694867e-02) (6.26075367e-05,-1.75365449e-05)
-1.25628141e+00 (-6.38581881e-02,4.20902075e-02) (2.72595047e-02,5.70872075e-02) (7.74539955e-05,-2.21436832e-05)
-1.23618090e+00 (-6.25079070e-02,4.19405982e-02) (2.81176221e-02,5.83777246e-02) (9.58186791e-05,-2.79296318e-05)
-1.21608040e+00 (-6.11216648e-02,4.17765372e-02) (2.89725357e-02,5.96402942e-02) (1.18537661e-04,-3.51921378e-05)
-1.19597990e+00 (-5.97003888e-02,4.15982138e-02) (2.98239522e-02,6.08741914e-02) (1.46646666e-04,-4.43037128e-05)
-1.17587940e+00 (-5.82450017e-02,4.14058486e-02) (3.06715824e-02,6.20787101e-02) (1.81429016e-04,-5.57303657e-05)
-1.15577889e+00 (-5.67564269e-02,4.11996872e-02) (3.15151419e-02,6.32531631e-02) (2.24475188e-04,-7.00550312e-05)
-1.13567839e+00 (-5.52355918e-02,4.09799967e-02) (3.23543515e-02,6.43968822e-02) (2.77756770e-04,-8.80068682e-05)
-1.11557789e+00 (-5.36834313e-02,4.07470641e-02) (3.31889379e-02,6.55092179e-02) (3.43718340e-04,-1.10497894e-04)
-1.09547739e+00 (-5.21008882e-02,4.05011957e-02) (3.40186336e-02,6.65895401e-02) (4.25391598e-04,-1.38668780e-04)
-1.07537688e+00 (-5.04889131e-02,4.02427172e-02) (3.48431777e-02,6.76372381e-02) (5.26537165e-04,-1.73946106e-04)
-1.05527638e+00 (-4.88484627e-02,3.99719741e-02) (3.56623160e-02,6.86517204e-02) (6.51820750e-04,-2.18113897e-04)
-1.03517588e+00 (-4.71804973e-02,3.96893314e-02) (3.64758018e-02,6.96324155e-02) (8.07031984e-04,-2.73403005e-04)
-1.01507538e+00 (-4.54859765e-02,3.93951731e-02) (3.72833959e-02,7.05787711e-02) (9.99356176e-04,-3.42602697e-04)
-9.94974874e-01 (-4.37658545e-02,3.90899011e-02) (3.80848670e-02,7.14902548e-02) (1.23771168e-03,-4.29199897e-04)
-9.74874372e-01 (-4.20210748e-02,3.87739335e-02) (3.88799924e-02,7.23663533e-02) (1.53316842e-03,-5.37552770e-04)
-9.54773869e-01 (-4.02525624e-02,3.84477009e-02) (3.96685581e-02,7.32065728e-02) (1.89946673e-03,-6.73106883e-04)
-9.34673367e-01 (-3.84612162e-02,3.81116412e-02) (4.04503588e-02,7.40104379e-02) (2.35365970e-03,-8.42663985e-04)
-9.14572864e-01 (-3.66478984e-02,3.77661921e-02) (4.12251984e-02,7.47774913e-02) (2.91690726e-03,-1.05471559e-03)
-8.94472362e-01 (-3.48134213e-02,3.74117790e-02) (4.19928895e-02,7.55072928e-02) (3.61545588e-03,-1.31985599e-03)
-8.74371859e-01 (-3.29585301e-02,3.70487984e-02) (4.27532534e-02,7.61994183e-02) (4.48184381e-03,-1.65129200e-03)
-8.54271357e-01 (-3.10838788e-02,3.66775946e-02) (4.35061188e-02,7.68534583e-02) (5.55637901e-03,-2.06546978e-03)
-8.34170854e-01 (-2.91899967e-02,3.62984279e-02) (4.42513212e-02,7.74690151e-02) (6.88894289e-03,-2.58284151e-03)
-8.14070352e-01 (-2.72772416e-02,3.59114332e-02) (4.49886999e-02,7.80457009e-02) (8.54117920e-03,-3.22879740e-03)
-7.93969849e-01 (-2.53457321e-02,3.55165679e-02) (4.57180957e-02,7.85831328e-02) (1.05891300e-02,-4.03478915e-03)
-7.73869347e-01 (-2.33952548e-02,3.51135501e-02) (4.64393464e-02,7.90809276e-02) (1.31263791e-02,-5.03966964e-03)
-7.53768844e-01 (-2.14251350e-02,3.47017876e-02) (4.71522813e-02,7.95386938e-02) (1.62677507e-02,-6.29126808e-03)
-7.33668342e-01 (-1.94340639e-02,3.42803040e-02) (4.78567139e-02,7.99560206e-02) (2.01535865e-02,-7.84820660e-03)
-7.13567839e-01 (-1.74198724e-02,3.38476701e-02) (4.85524336e-02,8.03324630e-02) (2.49545706e-02,-9.78194073e-03)
-6.93467337e-01 (-1.53792443e-02,3.34019514e-02) (4.92391956e-02,8.06675217e-02) (3.08769871e-02,-1.21789654e-02)
-6.73366834e-01 (-1.33073661e-02,3.29406896e-02) (4.99167103e-02,8.09606163e-02) (3.81681490e-02,-1.51430641e-02)
-6.53266332e-01 (-1.11975155e-02,3.24609389e-02) (5.05846324e-02,8.12110507e-02) (4.71215243e-02,-1.87973805e-02)
-6.33165829e-01 (-9.04060355e-03,3.19593787e-02) (5.12425521e-02,8.14179701e-02) (5.80807664e-02,-2.32859541e-02)
-6.13065327e-01 (-6.82469517e-03,3.14325263e-02) (5.18899884e-02,8.15803071e-02) (7.14414221e-02,-2.87741715e-02)
-5.92964824e-01 (-4.53455021e-03,3.08770678e-02) (5.25263891e-02,8.16967194e-02) (8.76485252e-02,-3.54473457e-02)
-5.72864322e-01 (-2.15124378e-03,3.02903159e-02) (5.31511381e-02,8.17655173e-02) (1.07187616e-01,-4.35063611e-02)
-5.52763819e-01 (3.48059912e-04,2.96707875e-02) (5.37635735e-02,8.17845853e-02) (1.30566046e-01,-5.31590545e-02)
-5.32663317e-01 (2.99009439e-03,2.90188739e-02) (5.43630184e-02,8.17513010e-02) (1.58280910e-01,-6.46058325e-02)
-5.12562814e-01 (5.80514915e-03,2.83375501e-02) (5.49488268e-02,8.16624572e-02) (1.90769965e-01,-7.80180966e-02)
-4.92462312e-01 (8.82631941e-03,2.76330480e-02) (5.55204435e-02,8.15141943e-02) (2.28342920e-01,-9.35085829e-02)
-4.72361809e-01 (1.20882924e-02,2.69153965e-02) (5.60774771e-02,8.13019531e-02) (2.71093170e-01,-1.11093960e-01)
-4.52261307e-01 (1.56256580e-02,2.61987268e-02) (5.66197819e-02,8.10204574e-02) (3.18794925e-01,-1.30652164e-01)
-4.32160804e-01 (1.94707890e-02,2.55012558e-02) (5.71475437e-02,8.06637352e-02) (3.70797879e-01,-1.51879953e-01)
-4.12060302e-01 (2.36514066e-02,2.48448914e-02) (5.76613608e-02,8.02251881e-02) (4.25940032e-01,-1.74259557e-01)
-3.91959799e-01 (2.81880136e-02,2.42544668e-02) (5.81623139e-02,7.96977120e-02) (4.82506623e-01,-1.97045946e-01)
-3.71859296e-01 (3.30914318e-02,2.37566731e-02) (5.86520157e-02,7.90738707e-02) (5.38265241e-01,-2.19286576e-01)
-3.51758794e-01 (3.83607056e-02,2.33788322e-02) (5.91326367e-02,7.83461182e-02) (5.90599670e-01,-2.39881654e-01)
-3.31658291e-01 (4.39816127e-02,2.31476893e-02) (5.96069058e-02,7.75070575e-02) (6.36745581e-01,-2.57684594e-01)
-3.11557789e-01 (4.99259630e-02,2.30884078e-02) (6.00780861e-02,7.65497235e-02) (6.74102541e-01,-2.71630540e-01)
-2.91457286e-01 (5.61517611e-02,2.32238979e-02) (6.05499339e-02,7.54678705e-02) (7.00567776e-01,-2.80869721e-01)
-2.71356784e-01 (6.26041893e-02,2.35745195e-02) (6.10266481e-02,7.42562485e-02) (7.14820308e-01,-2.84876766e-01)
-2.51256281e-01 (6.92172560e-02,2.41580903e-02) (6.15128168e-02,7.29108511e-02) (7.16489482e-01,-2.83510518e-01)
-2.31155779e-01 (7.59158812e-02,2.49900330e-02) (6.20133665e-02,7.14291236e-02) (7.06170195e-01,-2.77011159e-01)
-2.11055276e-01 (8.26181694e-02,2.60834458e-02) (6.25335152e-02,6.98101261e-02) (6.85288295e-01,-2.65938036e-01)
-1.90954774e-01 (8.92376557e-02,2.74488850e-02) (6.30787245e-02,6.80546489e-02) (6.55857247e-01,-2.51065932e-01)
-1.70854271e-01 (9.56853904e-02,2.90937143e-02) (6.36546435e-02,6.61652836e-02) (6.20187671e-01,-2.33264792e-01)
-1.50753769e-01 (1.01871820e-01,3.10209732e-02) (6.42670346e-02,6.41464536e-02) (5.80610140e-01,-2.13386512e-01)
-1.30653266e-01 (1.07708514e-01,3.32278253e-02) (6.49216710e-02,6.20044084e-02) (5.39253822e-01,-1.92175060e-01)
-1.10552764e-01 (1.13109837e-01,3.57037443e-02) (6.56241992e-02,5.97471832e-02) (4.97899017e-01,-1.70206703e-01)
-9.04522613e-02 (1.17994703e-01,3.84286599e-02) (6.63799626e-02,5.73845252e-02) (4.57899530e-01,-1.47859519e-01)
-7.03517588e-02 (1.22288527e-01,4.13713175e-02) (6.71937879e-02,5.49277815e-02) (4.20156067e-01,-1.25307690e-01)
-5.02512563e-02 (1.25925432e-01,4.44881077e-02) (6.80697419e-02,5.23897456e-02) (3.85115209e-01,-1.02537639e-01)
-3.01507538e-02 (1.28850739e-01,4.77226016e-02) (6.90108700e-02,4.97844553e-02) (3.52769227e-01,-7.93904938e-02)
-1.00502513e-02 (1.31023682e-01,5.10059973e-02) (7.00189344e-02,4.71269375e-02) (3.22641585e-01,-5.56497926e-02)
1.00502513e-02 (1.32420195e-01,5.42586557e-02) (7.10941703e-02,4.44328951e-02) (2.93770230e-01,-3.12117713e-02)
3.01507538e-02 (1.33035558e-01,5.73928753e-02) (7.22350869e-02,4.17183378e-02) (2.64761375e-01,-6.37789321e-03)
5.02512563e-02 (1.32886496e-01,6.03170022e-02) (7.34383376e-02,3.89991613e-02) (2.34073650e-01,1.77645334e-02)
7.03517588e-02 (1.32012169e-01,6.29408215e-02) (7.46986879e-02,3.62906924e-02) (2.00692089e-01,3.91243488e-02)
9.04522613e-02 (1.30473349e-01,6.51818254e-02) (7.60091064e-02,3.36072271e-02) (1.65027143e-01,5.50226206e-02)
1.10552764e-01 (1.28349198e-01,6.69714157e-02) (7.73609888e-02,3.09616100e-02) (1.29291748e-01,6.34227589e-02)
1.30653266e-01 (1.25731758e-01,6.82596915e-02) (7.87445017e-02,2.83649041e-02) (9.66435926e-02,6.41888529e-02)
1.50753769e-01 (1.22719140e-01,6.90176916e-02) (8.01490027e-02,2.58261943e-02) (6.95748758e-02,5.91733378e-02)
1.70854271e-01 (1.19408954e-01,6.92368762e-02) (8.15634756e-02,2.33525364e-02) (4.89224331e-02,5.10729185e-02)
1.90954774e-01 (1.15893143e-01,6.89266048e-02) (8.29769290e-02,2.09490286e-02) (3.40774731e-02,4.21865396e-02)
2.11055276e-01 (1.12254600e-01,6.81107090e-02) (8.43787290e-02,1.86189712e-02) (2.37757251e-02,3.39016241e-02)
2.31155779e-01 (1.08565290e-01,6.68239827e-02) (8.57588578e-02,1.63640769e-02) (1.67340582e-02,2.68090944e-02)
2.51256281e-01 (1.04885422e-01,6.51089672e-02) (8.71081026e-02,1.41847065e-02) (1.19262135e-02,2.10172044e-02)
2.71356784e-01 (1.01263328e-01,6.30131172e-02) (8.84181829e-02,1.20801135e-02) (8.61888653e-03,1.64094649e-02)
2.91457286e-01 (9.77358168e-02,6.05863296e-02) (8.96818243e-02,1.00486848e-02) (6.31591611e-03,1.27949468e-02)
3.11557789e-01 (9.43289002e-02,5.78788113e-02) (9.08927843e-02,8.08817021e-03) (4.68927780e-03,9.97941492e-03)
3.31658291e-01 (9.10588043e-02,5.49392835e-02) (9.20458392e-02,6.19589432e-03) (3.52328484e-03,7.79265848e-03)
3.51758794e-01 (8.79332038e-02,5.18135321e-02) (9.31367366e-02,4.36894427e-03) (2.67545734e-03,6.09517604e-03)
3.71859296e-01 (8.49525997e-02,4.85433163e-02) (9.41621226e-02,2.60433110e-03) (2.05070079e-03,4.77641615e-03)
3.91959799e-01 (8.21117645e-02,4.51656333e-02) (9.51194505e-02,8.99121506e-04) (1.58469656e-03,3.75027662e-03)
4.12060302e-01 (7.94011778e-02,4.17123241e-02) (9.60068777e-02,-7.49459968e-04) (1.23329813e-03,2.95027184e-03)
4.32160804e-01 (7.68083832e-02,3.82099873e-02) (9.68231579e-02,-2.34395776e-03) (9.65745486e-04,2.32525134e-03)
4.52261307e-01 (7.43192086e-02,3.46801532e-02) (9.75675349e-02,-3.88663856e-03) (7.60287659e-04,1.83589474e-03)
4.72361809e-01 (7.19188099e-02,3.11396632e-02) (9.82396418e-02,-5.37946794e-03) (6.01326519e-04,1.45195071e-03)
4.92462312e-01 (6.95925161e-02,2.76011930e-02) (9.88394102e-02,-6.82410633e-03) (4.77528415e-04,1.15010440e-03)
5.12562814e-01 (6.73264676e-02,2.40738622e-02) (9.93669910e-02,-8.22192006e-03) (3.80557988e-04,9.12346623e-04)
5.32663317e-01 (6.51080577e-02,2.05638747e-02) (9.98226883e-02,-9.57400346e-03) (3.04216871e-04,7.24732089e-04)
5.52763819e-01 (6.29261967e-02,1.70751486e-02) (1.00206906e-01,-1.08812080e-02) (2.43849433e-04,5.76434991e-04)
5.72864322e-01 (6.07714245e-02,1.36098980e-02) (1.00520109e-01,-1.21441749e-02) (1.95927091e-04,4.59030108e-04)
5.92964824e-01 (5.86359046e-02,1.01691455e-02) (1.00762792e-01,-1.33633695e-02) (1.57753680e-04,3.65944590e-04)
6.13065327e-01 (5.65133303e-02,6.75315197e-03) (1.00935460e-01,-1.45391128e-02) (1.27254048e-04,2.92038831e-04)
6.33165829e-01 (5.43987735e-02,3.36175942e-03) (1.01038619e-01,-1.56716124e-02) (1.02820580e-04,2.33285141e-04)
6.53266332e-01 (5.22885011e-02,-5.34997323e-06) (1.01072769e-01,-1.67609883e-02) (8.32005982e-05,1.86520683e-04)
6.73366834e-01 (5.01797817e-02,-3.34847039e-03) (1.01038401e-01,-1.78072955e-02) (6.74129075e-05,1.49256951e-04)
6.93467337e-01 (4.80706973e-02,-6.66775334e-03) (1.00936003e-01,-1.88105424e-02) (5.46853892e-05,1.19532445e-04)
7.13567839e-01 (4.59599714e-02,-9.96314048e-03) (1.00766062e-01,-1.97707057e-02) (4.44079301e-05,9.57984281e-05)
7.33668342e-01 (4.38468190e-02,-1.32343359e-02) (1.00529066e-01,-2.06877417e-02) (3.60966494e-05,7.68301179e-05)
7.53768844e-01 (4.17308234e-02,-1.64808060e-02) (1.00225515e-01,-2.15615949e-02) (2.93665173e-05,6.16574742e-05)
7.73869347e-01 (3.96118364e-02,-1.97017978e-02) (9.98559207e-02,-2.23922046e-02) (2.39102627e-05,4.95111379e-05)
7.93969849e-01 (3.74899030e-02,-2.28963671e-02) (9.94208109e-02,-2.31795095e-02) (1.94820285e-05,3.97801124e-05)
8.14070352e-01 (3.53652052e-02,-2.60634103e-02) (9.89207364e-02,-2.39234505e-02) (1.58846381e-05,3.19785691e-05)
8.34170854e-01 (3.32380232e-02,-2.92016970e-02) (9.83562712e-02,-2.46239737e-02) (1.29596276e-05,2.57197590e-05)
8.54271357e-01 (3.11087088e-02,-3.23098994e-02) (9.77280158e-02,-2.52810317e-02) (1.05794085e-05,2.06954730e-05)
8.74371859e-01 (2.89776686e-02,-3.53866173e-02) (9.70365985e-02,-2.58945847e-02) (8.64108097e-06,1.66598424e-05)
8.94472362e-01 (2.68453539e-02,-3.84303990e-02) (9.62826770e-02,-2.64646020e-02) (7.06153224e-06,1.34165420e-05)
9.14572864e-01 (2.47122550e-02,-4.14397573e-02) (9.54669388e-02,-2.69910623e-02) (5.77354189e-06,1.08086669e-05)
9.34673367e-01 (2.25788984e-02,-4.44131817e-02) (9.45901024e-02,-2.74739548e-02) (4.72267697e-06,8.71071142e-06)
9.54773869e-01 (2.04458459e-02,-4.73491467e-02) (9.36529170e-02,-2.79132798e-02) (3.86481119e-06,7.02220616e-06)
9.74874372e-01 (1.83136935e-02,-5.02461180e-02) (9.26561634e-02,-2.83090495e-02) (3.16413774e-06,5.66266384e-06)
9.94974874e-01 (1.61830715e-02,-5.31025562e-02) (9.16006535e-02,-2.86612884e-02) (2.59157453e-06,4.56755998e-06)
1.01507538e+00 (1.40546443e-02,-5.59169195e-02) (9.04872308e-02,-2.89700344e-02) (2.12348171e-06,3.68513290e-06)
1.03517588e+00 (1.19291104e-02,-5.86876654e-02) (8.93167704e-02,-2.92353394e-02) (1.74062866e-06,2.97383352e-06)
1.05527638e+00 (9.80720213e-03,-6.14132521e-02) (8.80901788e-02,-2.94572696e-02) (1.42736079e-06,2.40029095e-06)
1.07537688e+00 (7.68968558e-03,-6.40921404e-02) (8.68083940e-02,-2.96359069e-02) (1.17092618e-06,1.93768798e-06)
1.09547739e+00 (5.57736026e-03,-6.67227958e-02) (8.54723853e-02,-2.97713488e-02) (9.60931283e-07,1.56446291e-06)
1.11557789e+00 (3.47105881e-03,-6.93036912e-02) (8.40831534e-02,-2.98637098e-02) (7.88899934e-07,1.26327103e-06)
1.13567839e+00 (1.37164587e-03,-7.18333120e-02) (8.26417300e-02,-2.99131215e-02) (6.47916068e-07,1.02015346e-06)
1.15577889e+00 (-7.19983939e-04,-7.43101610e-02) (8.11491777e-02,-2.99197336e-02) (5.32333745e-07,8.23871347e-07)
1.17587940e+00 (-2.80290999e-03,-7.67327662e-02) (7.96065893e-02,-2.98837144e-02) (4.37541783e-07,6.65372171e-07)
1.19597990e+00 (-4.87619248e-03,-7.90996890e-02) (7.80150876e-02,-2.98052510e-02) (3.59772469e-07,5.37361599e-07)
1.21608040e+00 (-6.93888337e-03,-8.14095334e-02) (7.63758242e-02,-2.96845501e-02) (2.95945973e-07,4.33959864e-07)
1.23618090e+00 (-8.99004284e-03,-8.36609553e-02) (7.46899786e-02,-2.95218377e-02) (2.43543743e-07,3.50425837e-07)
1.25628141e+00 (-1.10287628e-02,-8.58526688e-02) (7.29587576e-02,-2.93173588e-02) (2.00505434e-07,2.82935311e-07)
1.27638191e+00 (-1.30541985e-02,-8.79834487e-02) (7.11833933e-02,-2.90713765e-02) (1.65144908e-07,2.28402729e-07)
1.29648241e+00 (-1.50656100e-02,-9.00521243e-02) (6.93651422e-02,-2.87841702e-02) (1.36081768e-07,1.84337832e-07)
1.31658291e+00 (-1.70624118e-02,-9.20575608e-02) (6.75052844e-02,-2.84560333e-02) (1.12185533e-07,1.48730275e-07)
1.33668342e+00 (-1.90442320e-02,-9.39986219e-02) (6.56051228e-02,-2.80872693e-02) (9.25300608e-08,1.19956752e-07)
1.35678392e+00 (-2.10109757e-02,-9.58741085e-02) (6.36659839e-02,-2.76781865e-02) (7.63563649e-08,9.67061915e-08)
1.37688442e+00 (-2.29628896e-02,-9.76826649e-02) (6.16892195e-02,-2.72290923e-02) (6.30422381e-08,7.79194844e-08)
1.39698492e+00 (-2.49006187e-02,-9.94226481e-02) (5.96762115e-02,-2.67402852e-02) (5.20774381e-08,6.27409033e-08)
1.41708543e+00 (-2.68252447e-02,-1.01091952e-01) (5.76283789e-02,-2.62120460e-02) (4.30434018e-08,5.04789308e-08)
1.43718593e+00 (-2.87382935e-02,-1.02687786e-01) (5.55471895e-02,-2.56446290e-02) (3.55966689e-08,4.05746661e-08)
1.45728643e+00 (-3.06416936e-02,-1.04206402e-01) (5.34341763e-02,-2.50382528e-02) (2.94553142e-08,3.25763312e-08)
1.47738693e+00 (-3.25376678e-02,-1.05642775e-01) (5.12909602e-02,-2.43930929e-02) (2.43878489e-08,2.61186971e-08)
1.49748744e+00 (-3.44285389e-02,-1.06990255e-01) (4.91192794e-02,-2.37092771e-02) (2.02041375e-08,2.09064727e-08)
1.51758794e+00 (-3.63164287e-02,-1.08240178e-01) (4.69210265e-02,-2.29868860e-02) (1.67479587e-08,1.67008919e-08)
1.53768844e+00 (-3.82028360e-02,-1.09381486e-01) (4.46982936e-02,-2.22259608e-02) (1.38909115e-08,1.33088786e-08)
1.55778894e+00 (-4.00880792e-02,-1.10400357e-01) (4.24534250e-02,-2.14265209e-02) (1.15274203e-08,1.05742924e-08)
1.57788945e+00 (-4.19706002e-02,-1.11279879e-01) (4.01890771e-02,-2.05885944e-02) (9.57063965e-09,8.37085602e-09)
1.59798995e+00 (-4.38461319e-02,-1.11999799e-01) (3.79082850e-02,-1.97122644e-02) (7.94909369e-09,6.59643959e-09)
1.61809045e+00 (-4.57067455e-02,-1.12536358e-01) (3.56145325e-02,-1.87977333e-02) (6.60391583e-09,5.16844141e-09)
1.63819095e+00 (-4.75397991e-02,-1.12862242e-01) (3.33118251e-02,-1.78454080e-02) (5.48657975e-09,4.02005757e-09)
1.65829146e+00 (-4.93268265e-02,-1.12946644e-01) (3.10047622e-02,-1.68560073e-02) (4.55703145e-09,3.09727152e-09)
1.67839196e+00 (-5.10424069e-02,-1.12755412e-01) (2.86986074e-02,-1.58306922e-02) (3.78214919e-09,2.35643037e-09)
1.69849246e+00 (-5.26530673e-02,-1.12251260e-01) (2.63993552e-02,-1.47712199e-02) (3.13447039e-09,1.76230119e-09)
1.71859296e+00 (-5.41162685e-02,-1.11393946e-01) (2.41137921e-02,-1.36801187e-02) (2.59114092e-09,1.28652843e-09)
1.73869347e+00 (-5.53795242e-02,-1.10140328e-01) (2.18495562e-02,-1.25608831e-02) (2.13305527e-09,9.06432658e-10)
1.75879397e+00 (-5.63797022e-02,-1.08444140e-01) (1.96151962e-02,-1.14181852e-02) (1.74417650e-09,6.04109666e-10)
1.77889447e+00 (-5.70425447e-02,-1.06255311e-01) (1.74202397e-02,-1.02580981e-02) (1.41105784e-09,3.65797506e-10)
1.79899497e+00 (-5.72824510e-02,-1.03518573e-01) (1.52752808e-02,-9.08832685e-03) (1.12263923e-09,1.81457564e-10)
1.81909548e+00 (-5.70025642e-02,-1.00171112e-01) (1.31921042e-02,-7.91844097e-03) (8.70443169e-10,4.44221374e-11)
1.83919598e+00 (-5.60952337e-02,-9.61389045e-02) (1.11838698e-02,-6.76010152e-03) (6.49235103e-10,-4.92524636e-11)
1.85929648e+00 (-5.44429695e-02,-9.13313939e-02) (9.26538557e-03,-5.62727484e-03) (4.57831939e-10,-1.02306386e-10)
1.87939698e+00 (-5.19200987e-02,-8.56340697e-02) (7.45351011e-03,-4.53642083e-03) (2.98967318e-10,-1.18941188e-10)
1.89949749e+00 (-4.83954769e-02,-7.88984889e-02) (5.76772870e-03,-3.50663885e-03) (1.76830653e-10,-1.07461162e-10)
1.91959799e+00 (-4.37368370e-02,-7.09292323e-02) (4.23096278e-03,-2.55974527e-03) (9.27126390e-11,-8.02660236e-11)
1.93969849e+00 (-3.78176759e-02,-6.14672721e-02) (2.87067945e-03,-1.72024181e-03) (4.20951977e-11,-5.01240483e-11)
1.95979899e+00 (-3.05280460e-02,-5.01692564e-02) (1.72037993e-03,-1.01511175e-03) (1.59362178e-11,-2.56868199e-11)
1.97989950e+00 (-2.17912287e-02,-3.65823276e-02) (8.21555248e-04,-4.73347553e-04) (4.57908911e-12,-1.00145105e-11)
2.00000000e+00 (-1.23170542e-02,-2.17223214e-02) (2.26203254e-04,-1.25065991e-04) (6.77869192e-13,-2.19696000e-12)
